81
100
6
10 19 90 77 52 59
80 34 67 28 91 42
91 86 68 47 83 61
10 77 33 14 16 41
56 100 50 70 86 95
91 62 44 22 54 17
40 58 63 91 47 72
39 24 40 91 76 83
97 17 54 82 57 20
87 53 93 19 77 95
69 64 64 82 13 58
85 27 100 19 31 32
98 40 32 92 22 15
19 58 96 49 67 43
13 85 95 49 82 73
77 24 63 51 53 64
86 50 60 39 48 64
60 26 24 14 92 85
64 91 42 76 88 84
56 95 44 33 39 23
19 23 59 16 53 24
10 84 97 35 53 71
40 36 72 47 97 81
54 55 79 10 94 38
79 90 62 79 75 63
48 25 55 59 39 77
10 58 67 61 93 26
13 86 96 23 66 96
65 25 11 68 22 53
83 58 63 32 55 52
58 85 39 26 51 27
22 59 90 91 97 65
73 37 100 95 86 16
25 73 45 81 47 11
23 61 29 97 65 22
63 73 36 24 64 82
84 28 12 68 46 61
67 14 52 83 89 43
79 48 36 91 44 65
66 47 86 52 84 61
19 96 62 25 16 53
69 69 71 67 13 67
32 68 79 10 59 73
92 72 25 54 54 62
77 26 65 74 10 27
83 99 18 41 20 64
72 37 90 74 22 38
46 56 24 35 49 18
97 89 42 11 66 37
18 98 89 69 48 13
84 77 100 89 80 69
64 89 48 52 56 34
36 79 47 10 17 57
66 52 100 92 78 64
79 81 34 50 69 63
93 60 81 81 47 17
38 40 91 26 58 75
47 88 85 46 91 15
12 100 75 28 88 16
65 65 50 13 19 13
48 20 24 99 24 90
99 80 34 63 81 100
75 30 87 75 63 35
12 96 31 99 94 70
30 73 11 90 28 28
93 16 29 74 68 70
58 69 84 53 68 76
24 38 61 99 82 26
42 19 39 51 42 25
50 91 30 90 56 41
15 97 63 18 41 30
72 66 62 72 48 78
43 66 58 40 31 39
100 78 76 49 74 76
94 85 20 93 70 65
10 15 100 37 42 24
16 77 63 53 64 67
44 74 83 39 20 17
20 94 21 69 48 19
71 65 58 25 37 62
69 67 17 30 54 100
41 75 49 61 56 97
18 10 47 46 42 53
59 78 23 46 36 53
82 10 78 16 21 53
96 35 67 86 31 71
36 71 25 58 18 55
15 97 54 20 78 79
79 14 68 29 25 34
40 78 26 75 89 24
48 81 84 39 59 63
52 51 53 11 35 68
86 75 75 49 91 69
91 55 63 58 80 42
58 17 51 69 37 47
59 21 18 31 46 95
54 37 48 78 13 97
51 95 84 83 10 55
27 73 93 66 29 64
100 53 60 99 60 37
0.000470062
0.000343126
0.000454747
0.000482367
0.000320022
0.000487634
0.000156416
0.000162938
0.00018431
0.000403734
0.000379386
0.000309418
0.000101233
0.000457055
0.000383933
0.000262217
0.000274222
0.000107313
0.000408374
0.000352402
0.000410798
0.000447358
0.000203665
0.000319858
0.000317744
0.000138604
0.000354097
0.000174148
0.000358789
0.000323381
0.000482927
0.000168462
0.000461952
0.000432875
0.000302241
0.000431675
0.000327909
0.000229151
0.000454131
0.000499608
0.000326376
0.000429783
0.000254782
0.000283748
0.000357645
0.000208489
0.000145707
0.000400627
0.000357316
0.000266667
0.000114901
0.000111425
0.000406276
0.000222547
0.000258317
0.00034096
0.000175706
0.000427511
0.000306502
0.000185013
0.000385036
0.0001906
0.000302276
0.000103447
0.000346402
0.000405815
0.000490381
0.000222935
0.000224753
0.0004958
0.000355009
0.000282965
0.000418761
0.000184695
0.000145794
0.000437826
0.000103756
0.000441795
0.000487429
0.000486802
0.000178936
0.000320646
0.000108423
0.000345939
0.00039114
0.000377852
0.000277975
0.000130691
0.000480343
0.00043669
0.000410592
0.000119079
0.000116308
0.000117727
0.000262843
0.000196805
0.000313052
0.000215461
0.000483841
0.000381438
72 128
368 445
278 271
41 215
148 453
84 443
133 299
258 338
228 193
128 328
6 456
294 67
447 443
80 282
150 335
137 191
54 121
394 488
172 403
182 167
328 351
195 149
272 213
76 242
411 151
472 154
61 77
204 357
107 0
473 224
425 201
123 103
215 158
4 34
433 330
164 57
74 139
324 7
414 200
493 439
379 41
50 150
327 377
323 253
206 192
20 492
205 168
63 326
183 82
320 380
496 392
438 95
38 281
52 475
338 300
224 361
387 290
266 20
250 466
32 435
119 397
81 107
264 30
5 271
477 424
46 370
86 274
330 334
102 14
294 267
214 117
113 357
155 161
31 28
262 74
368 206
88 479
223 318
395 123
352 412
151 62
106 207
218 228
260 426
436 359
421 253
332 192
454 174
233 389
151 438
498 79
175 455
265 111
90 229
89 399
78 214
473 454
209 442
124 352
110 180
