27
100
6
55 100 34 21 82 75
42 34 41 44 25 93
87 73 47 78 69 45
12 51 62 38 81 48
25 80 88 19 79 58
36 54 20 17 84 27
67 92 51 22 18 54
66 33 54 22 52 76
68 41 79 82 25 17
41 32 14 93 22 17
64 19 72 64 73 34
100 17 57 33 42 15
34 34 63 93 83 30
75 41 27 97 15 41
98 10 84 56 39 25
86 49 66 71 36 90
81 32 65 42 21 75
55 74 25 52 53 59
44 17 80 84 51 53
100 52 67 24 30 51
75 33 79 57 49 52
80 69 22 58 26 10
48 47 47 46 24 37
48 100 36 71 32 23
76 96 42 25 71 19
22 54 23 68 17 28
72 83 25 86 41 78
11 37 23 76 35 25
93 42 55 18 37 56
57 60 40 56 64 44
39 14 89 20 70 24
97 37 54 41 46 43
55 29 89 22 39 24
43 18 79 52 77 34
71 53 21 74 66 32
96 76 20 15 85 39
67 38 41 20 61 38
20 50 12 68 68 36
59 68 99 59 14 50
36 69 21 24 62 94
47 54 55 35 78 93
43 69 23 45 19 52
87 88 96 82 57 30
20 45 54 79 53 40
46 80 17 93 86 58
11 100 33 25 28 44
82 30 44 99 50 20
64 33 99 88 100 63
57 19 66 11 19 75
45 29 21 79 70 51
62 71 99 24 70 89
13 74 53 45 41 26
67 65 98 10 36 53
67 23 23 74 54 88
44 21 53 95 32 99
82 50 44 40 86 49
38 48 91 42 63 75
40 12 28 51 30 63
89 26 95 31 18 78
54 19 11 27 31 29
45 55 32 52 76 56
45 45 17 99 100 75
71 64 78 60 96 57
85 83 94 89 82 43
35 21 87 66 50 90
22 31 50 99 38 65
42 67 78 94 11 32
71 25 87 52 62 60
97 37 83 45 47 83
85 11 16 23 88 74
20 71 93 15 54 47
86 99 49 13 20 23
43 61 94 57 42 68
73 28 64 47 55 28
57 45 19 25 27 11
88 72 71 29 84 85
61 61 59 61 72 99
71 35 53 98 98 70
82 96 19 93 35 88
76 32 46 98 26 100
35 17 48 79 92 99
94 81 96 29 65 99
10 67 75 27 90 64
77 85 73 36 72 81
87 74 27 16 72 10
47 98 85 54 100 45
31 19 100 38 37 72
26 15 25 23 93 24
18 27 95 75 53 30
65 23 90 46 84 63
82 14 14 58 79 92
97 86 98 36 25 35
61 76 77 54 22 59
83 16 91 86 77 34
81 31 36 100 12 39
30 37 43 95 69 90
19 100 58 33 72 58
70 99 18 40 16 12
100 29 30 71 30 42
36 86 26 19 75 10
0.000193022
0.000390693
0.00037987
0.000246094
0.000355089
0.000313126
0.000466905
0.000486205
0.000284065
0.000259383
0.000189958
0.00014429
0.00047714
0.000457298
0.000375707
0.000305475
0.000431709
0.000199583
0.000258648
0.00031968
0.000164663
0.000203204
0.00014251
0.000434976
0.000192115
0.000362927
0.000227407
0.000288885
0.000317316
0.000496798
0.00013646
0.000100013
0.000236495
0.000406509
0.000465561
0.000230524
0.000466211
0.000363682
0.000490887
0.000410637
0.000324952
0.000236668
0.000336675
0.00037217
0.000199858
0.000223738
0.000384791
0.000443027
0.000350582
0.000372169
0.000201947
0.000437029
0.000425498
0.000493184
0.000122655
0.000282949
0.000100931
0.000297649
0.000243031
0.00047405
0.000341809
0.000154805
0.00041503
0.000457963
0.000247351
0.000188483
0.000173247
0.000123508
0.000408017
0.000491695
0.000427399
0.000458269
0.000380747
0.000390318
0.000309593
0.000380785
0.000268431
0.000204143
0.000305054
0.000328156
0.000331338
0.000246637
0.000324668
0.000312454
0.000428819
0.000222626
0.00041319
0.000301906
0.000281023
0.000216548
0.000155297
0.000107431
0.000102484
0.000462527
0.000112894
0.000242479
0.00033121
0.000393093
0.000259994
0.000417685
461 343
23 412
121 164
1 285
119 26
225 319
455 423
442 182
235 113
5 360
239 305
158 368
410 346
358 193
101 422
20 18
450 203
331 459
47 259
307 242
400 337
275 372
286 440
199 131
341 473
316 161
269 203
8 310
228 50
217 53
432 438
475 309
8 442
408 192
291 259
150 289
159 99
419 368
400 309
131 365
194 321
86 417
422 48
363 437
285 491
195 163
223 79
297 305
413 425
67 25
159 351
145 42
160 36
98 390
333 296
386 381
467 278
404 331
63 439
245 184
229 305
385 337
327 368
399 85
238 65
357 399
461 469
300 365
269 145
76 489
497 230
191 184
420 7
223 104
248 35
327 98
157 1
343 378
285 59
68 190
172 343
52 432
299 289
44 492
244 224
245 302
288 185
362 358
351 256
48 236
74 230
208 142
368 487
414 495
329 7
248 337
210 483
305 157
71 211
238 18
