43
100
6
26 43 12 10 38 66
98 45 46 57 16 86
86 97 82 89 97 50
51 30 33 90 31 14
86 41 73 80 88 91
89 18 72 22 11 55
49 61 26 27 27 42
39 83 94 83 21 57
60 43 32 40 92 19
85 73 13 59 86 53
70 60 17 13 66 68
35 46 63 18 22 67
32 13 45 78 51 43
30 19 63 17 32 65
45 84 16 67 78 14
94 70 92 61 10 45
93 32 10 79 42 66
55 44 46 64 33 11
64 68 40 49 97 56
38 71 29 92 35 70
76 72 53 17 29 15
73 51 52 46 92 23
10 16 24 46 44 14
17 17 57 77 68 45
38 93 80 83 68 29
57 34 79 96 91 82
25 70 33 43 90 29
78 21 78 24 22 41
50 85 81 61 26 80
79 27 88 57 14 46
99 17 81 45 83 81
19 64 51 42 62 100
94 61 100 62 65 48
33 50 68 72 59 52
59 47 30 18 77 57
59 92 95 20 75 17
73 13 22 44 97 90
49 94 71 91 79 68
56 30 88 90 62 19
12 53 63 50 10 11
33 28 18 97 89 87
97 42 58 58 11 46
68 76 88 88 30 70
63 79 92 73 93 88
53 47 44 26 65 82
80 53 78 20 93 83
41 13 80 60 46 79
95 54 23 67 34 48
98 67 33 59 63 35
43 99 70 56 59 12
47 46 47 42 89 29
51 14 80 85 19 50
43 12 27 94 55 67
84 23 22 53 19 82
58 18 30 35 28 29
83 52 68 65 18 80
35 12 16 26 41 91
35 18 21 13 21 23
75 29 19 57 20 38
51 80 88 44 56 90
20 66 87 84 78 30
50 72 98 79 65 54
40 36 67 57 45 23
11 13 21 52 61 47
27 55 28 44 20 60
66 25 65 41 42 33
21 47 80 53 91 62
40 45 74 76 28 63
29 91 27 75 100 14
52 79 38 10 96 46
36 86 52 33 76 20
39 91 42 26 92 48
66 86 91 75 11 44
54 22 26 83 95 35
92 33 10 12 96 16
27 19 10 34 24 31
77 32 68 63 62 51
85 75 74 21 76 33
38 75 94 76 69 96
88 14 34 43 62 15
36 84 40 61 43 51
63 35 34 21 38 85
47 75 66 33 71 10
51 37 21 100 42 96
55 100 56 80 22 38
41 84 87 85 65 85
71 58 63 93 58 92
33 29 52 52 35 41
60 55 11 10 39 18
28 31 97 41 26 32
14 78 47 58 25 69
39 99 30 71 48 34
40 18 40 39 28 58
77 22 90 58 21 86
79 37 83 48 50 80
63 33 62 90 83 37
22 80 95 86 55 82
41 57 44 94 85 55
80 73 19 47 21 18
10 28 72 42 60 82
0.00026568
0.000496565
0.000108878
0.000262471
0.000200477
0.000204501
0.000377109
0.000252477
0.00035247
0.00033032
0.000275914
0.000324455
0.000237904
0.000295597
0.000376991
0.000348241
0.000135929
0.00025846
0.00037096
0.000336082
0.000496565
0.0003251
0.000331713
0.000281333
0.000359034
0.000229799
0.000145041
0.000261214
0.000357486
0.000121332
0.000291322
0.00040197
0.000279188
0.000411222
0.000284881
0.000478219
0.000305253
0.000194872
0.000307393
0.000216146
0.000253836
0.000407588
0.000442406
0.000109486
0.000326918
0.000318047
0.000449476
0.000373103
0.000202034
0.000405484
0.000116763
0.000477044
0.000485135
0.000323401
0.00016052
0.000127611
0.000482364
0.000229228
0.000180893
0.000342474
0.000157898
0.000356452
0.000153259
0.000106213
0.000230833
0.000313479
0.000362534
0.000325982
0.000308157
0.000412973
0.000407206
0.000178894
0.00025283
0.000263358
0.000138061
0.000321475
0.000471658
0.000162579
0.000363399
0.000284389
0.000194405
0.000366386
0.000444116
0.00015765
0.000445756
0.000129149
0.000348698
0.000349428
0.00030461
0.000323225
0.000370981
0.000499894
0.000345007
0.000359112
0.000478547
0.000432798
0.000434132
0.000254895
0.000430012
0.000116578
201 424
282 390
82 338
62 438
166 99
221 453
104 147
272 192
44 220
264 250
226 141
120 254
139 18
188 144
305 84
295 185
15 84
345 415
236 205
118 147
409 422
154 346
172 256
138 99
137 185
178 317
337 222
166 367
244 23
83 493
289 176
268 384
311 478
177 491
407 468
366 309
131 325
123 257
48 332
172 473
3 59
192 253
136 72
188 429
364 151
327 168
299 488
38 61
157 144
15 205
144 112
109 433
199 11
189 224
165 442
428 181
57 15
405 398
331 116
327 105
30 30
424 81
379 333
150 274
270 315
195 457
51 308
266 287
374 225
208 82
194 195
169 89
5 301
339 287
273 457
327 452
114 180
479 389
177 54
99 417
488 74
217 410
106 350
480 53
409 452
441 342
62 484
46 302
236 403
134 262
52 454
330 239
141 471
466 44
236 493
433 62
361 240
279 84
399 94
154 414
