51
100
6
52 68 29 99 52 64
89 70 29 74 27 34
35 12 79 95 66 82
34 48 33 71 100 17
65 75 96 43 89 97
49 72 84 81 27 20
93 96 90 89 97 55
46 44 61 10 28 78
100 39 17 39 44 63
72 81 15 27 95 25
45 16 82 75 68 90
34 68 33 63 41 13
96 30 46 45 77 22
12 59 35 70 87 95
88 99 70 69 82 17
69 40 17 52 25 100
10 21 22 25 58 95
35 57 92 67 49 26
14 43 93 96 70 71
97 60 27 25 83 13
65 31 27 75 73 17
24 57 86 51 46 16
54 75 23 88 44 53
39 48 68 53 94 63
17 47 51 95 53 13
54 11 86 54 49 52
76 49 96 87 50 63
88 21 19 64 88 30
98 95 72 27 35 46
17 46 19 19 76 56
54 10 66 39 71 92
40 85 69 90 64 81
81 59 43 11 92 65
81 82 78 47 68 14
85 25 14 80 82 23
22 69 93 87 71 93
29 74 69 59 84 29
25 73 47 50 14 44
56 28 73 10 89 43
39 45 34 43 57 89
51 27 14 43 81 43
54 85 96 81 21 79
24 43 15 78 83 53
51 24 39 42 90 45
85 51 77 18 65 80
64 69 30 63 11 35
17 18 94 73 73 44
67 93 42 14 14 10
12 92 27 47 75 95
52 54 91 54 62 46
11 13 100 42 36 95
33 98 57 94 47 44
23 49 44 69 83 73
97 17 83 96 16 26
79 86 40 27 56 76
13 38 52 19 13 57
46 92 38 62 95 14
61 70 38 67 57 94
72 97 69 52 52 32
83 62 25 22 88 56
47 99 60 23 69 25
43 12 79 86 12 36
74 14 33 34 91 70
10 81 67 76 14 55
31 62 21 21 42 55
77 59 24 96 75 26
60 17 84 81 84 61
52 90 71 91 15 66
15 96 17 56 75 44
43 81 38 15 69 49
35 37 90 87 13 83
73 88 35 53 33 41
76 54 42 82 69 26
99 19 28 74 17 64
88 37 61 72 12 20
91 82 41 16 50 67
22 24 86 78 100 75
95 35 52 95 33 54
81 71 13 60 40 88
91 55 86 20 99 79
32 72 30 80 31 84
86 86 54 78 97 36
80 71 56 38 91 95
45 23 70 40 46 34
71 80 39 74 32 48
90 70 86 76 23 87
62 96 80 42 33 30
27 17 62 10 50 75
65 81 87 53 64 60
41 78 27 76 43 20
53 77 59 63 99 38
12 88 47 59 13 93
86 18 36 85 25 20
37 83 69 56 46 73
43 95 77 98 96 58
47 44 23 100 76 87
89 56 69 19 13 95
24 62 32 40 81 71
41 52 22 59 28 28
21 38 74 48 34 64
0.000282679
0.00046119
0.000445042
0.000218049
0.000361464
0.000295905
0.000178936
0.000304087
0.000291542
0.000236294
0.00016039
0.000462941
0.000197995
0.000147065
0.000164237
0.000285947
0.000458868
0.000123066
0.000255618
0.000219868
0.000358045
0.000421519
0.000263419
0.000310734
0.000210211
0.000275313
0.000229985
0.000133097
0.000302634
0.00017943
0.000334951
0.000435442
0.000211963
0.000110442
0.000157633
0.000305113
0.000121842
0.000490104
0.000384595
0.000494321
0.000382333
0.000224381
0.000245951
0.000212119
0.000216749
0.000185352
0.000276252
0.000488083
0.000206038
0.00011123
0.000401993
0.000211745
0.000343908
0.000356197
0.000113449
0.000156369
0.000110926
0.000121231
0.000408221
0.000323911
0.000469343
0.00030337
0.000224485
0.000239909
0.000281907
0.000471742
0.000313917
0.000282856
0.000477999
0.000158777
0.000266585
0.000412009
0.000343925
0.000476401
0.000381344
0.000261217
0.000479686
0.000376297
0.000108404
0.000192304
0.000278189
0.000237647
0.000157125
0.000331505
0.000310913
0.000242206
0.000349519
0.000190588
0.000454384
0.000239019
0.000458015
0.000120293
0.000338511
0.000307268
0.000402927
0.000345375
0.000441991
0.000155485
0.000116073
0.000165089
197 278
470 64
388 106
263 44
272 118
251 437
491 401
296 106
249 41
338 418
0 309
178 231
23 88
230 15
28 300
198 337
305 136
253 110
236 371
291 12
14 198
203 321
321 45
245 37
255 117
80 36
345 346
197 75
318 142
486 383
424 310
445 336
186 463
279 398
266 342
341 147
493 162
456 327
441 480
123 349
317 362
403 150
6 179
1 466
381 436
58 339
63 328
212 152
209 9
227 99
74 138
316 412
484 89
97 328
413 353
89 124
24 342
330 462
66 166
468 416
53 32
382 213
319 216
296 456
67 238
91 429
14 443
439 31
298 328
186 22
91 399
276 233
29 475
15 375
118 241
473 84
439 476
180 246
90 108
253 379
77 202
490 430
130 253
312 442
292 496
500 85
339 304
102 60
137 340
186 118
264 261
345 383
407 34
260 78
328 420
116 195
475 442
349 165
412 476
494 315
