12
100
6
19 23 71 17 59 90
97 31 70 49 34 87
36 66 19 21 36 92
73 71 93 24 54 77
36 90 77 41 22 67
35 49 23 84 41 99
19 90 25 72 40 80
11 28 13 87 28 17
55 71 26 57 20 89
33 48 32 51 56 38
57 92 49 95 50 20
78 97 83 43 97 88
28 38 93 11 67 48
37 31 35 53 50 52
83 62 27 82 74 79
44 80 58 29 53 48
27 96 46 39 61 17
97 49 39 95 58 18
82 75 43 28 83 79
48 13 54 85 85 91
11 97 31 41 41 97
34 49 65 12 96 59
35 40 81 83 83 97
63 60 55 40 56 92
85 20 96 69 68 85
24 49 51 31 54 57
39 92 92 31 96 20
42 22 23 12 32 85
63 78 20 75 22 38
49 22 29 49 19 11
37 51 95 49 93 87
15 41 48 98 44 72
39 75 34 93 38 13
70 88 10 26 63 87
60 74 76 70 11 43
73 59 42 29 22 28
25 54 13 58 14 36
58 75 50 77 63 94
54 45 38 72 27 59
16 78 67 13 32 59
46 89 90 50 67 40
70 76 95 47 41 37
68 96 15 86 89 77
79 91 39 45 58 56
91 20 100 53 16 50
19 38 59 13 27 74
86 53 89 18 58 37
31 47 17 14 17 74
60 39 96 95 23 53
31 49 50 60 55 33
83 12 83 98 26 35
81 98 75 17 95 15
55 79 97 95 87 42
26 17 11 80 56 39
12 23 74 45 66 22
55 87 98 19 19 63
12 87 98 80 80 22
92 70 23 82 68 100
59 66 39 97 72 72
100 52 82 91 51 15
23 98 58 45 24 63
60 88 12 99 93 31
45 10 57 55 95 85
82 19 57 79 63 62
24 33 88 88 28 30
88 92 68 15 26 80
83 95 89 51 85 33
34 64 90 60 29 35
93 35 14 56 18 89
99 21 25 82 43 50
74 45 73 84 89 39
68 77 61 62 20 54
73 56 32 47 46 22
16 43 31 96 62 97
86 61 57 50 66 83
21 56 32 55 52 90
71 13 70 37 74 44
61 89 98 96 34 46
24 35 93 92 95 99
18 47 20 47 42 23
86 17 78 58 40 93
66 21 82 40 60 81
60 77 83 12 91 13
16 88 87 54 38 14
41 36 56 69 58 79
33 38 49 94 30 55
14 14 90 99 84 81
84 53 97 47 20 59
60 87 72 86 43 42
63 26 18 35 70 21
76 88 30 57 17 39
25 32 80 75 25 18
13 49 41 62 50 55
27 84 89 32 86 68
64 78 55 55 19 70
62 47 70 78 69 96
60 98 27 86 15 81
86 49 90 33 49 47
33 48 41 84 17 10
37 51 20 49 13 69
0.000285495
0.000229356
0.000433731
0.000420264
0.000169924
0.000465109
0.000369217
0.000306101
0.000406345
0.000283825
0.000284461
0.000137268
0.000374502
0.00037703
0.000359163
0.000260826
0.000154747
0.000376336
0.000380663
0.000371942
0.000257979
0.000404047
0.000435773
0.000197528
0.000124544
0.000311041
0.000359405
0.000136144
0.000221638
0.000398292
0.000308357
0.000459566
0.000139837
0.000359594
0.000201252
0.000257642
0.000156208
0.000282997
0.000126626
0.000154031
0.000149378
0.000311385
0.000292721
0.000166082
0.000484245
0.000443327
0.000217008
0.000463867
0.000491357
0.000278515
0.000219913
0.000311062
0.000129797
0.000480609
0.00048185
0.000396693
0.00038338
0.000435313
0.000373183
0.000237464
0.00044021
0.00022765
0.000469539
0.000273276
0.000257357
0.000286814
0.000360783
0.000121117
0.000228009
0.000288989
0.00028382
0.000224277
0.000379097
0.000433322
0.000140919
0.000168529
0.000425023
0.000392474
0.000219261
0.000435188
0.000376151
0.000147106
0.000430403
0.000410404
0.000224304
0.000234076
0.000291917
0.000214171
0.000378116
0.000109525
0.000391927
0.000350868
0.000105966
0.00029786
0.000133643
0.000403363
0.000296903
0.000282371
0.000156926
0.000189758
436 357
27 158
466 449
446 58
199 161
65 325
481 138
406 47
17 335
263 383
246 151
60 288
166 45
409 162
393 158
57 372
302 220
12 70
414 456
361 314
318 399
22 378
247 169
436 264
372 188
247 57
460 255
185 318
421 456
416 230
108 148
95 436
224 482
461 357
489 223
222 435
224 286
294 207
394 134
355 143
206 121
154 263
439 386
316 500
375 493
278 196
430 425
470 291
84 463
349 477
485 260
278 296
450 212
98 74
426 112
350 329
222 241
360 289
329 221
415 223
158 135
51 51
287 42
395 485
350 491
433 114
307 164
80 478
67 341
306 395
249 2
119 441
105 235
491 156
329 129
448 271
359 287
262 226
490 475
39 204
233 6
185 129
170 499
481 13
432 113
47 171
27 205
107 165
329 491
420 131
369 92
45 85
311 187
367 352
86 392
162 259
58 72
258 398
156 174
319 336
