73
100
6
95 34 53 53 32 22
71 39 80 68 10 73
31 26 77 35 88 96
25 61 51 81 95 24
32 77 72 99 28 92
27 34 73 86 38 24
38 15 19 55 89 70
48 54 26 96 78 23
49 52 93 50 59 100
53 18 88 30 84 20
22 81 22 30 59 21
64 27 84 44 92 68
64 63 56 88 26 47
11 15 45 77 70 24
33 88 90 61 10 50
97 70 54 73 49 80
95 58 86 20 12 62
67 83 24 49 87 76
30 99 37 99 33 67
21 24 29 13 47 85
75 44 21 59 90 59
26 69 39 48 96 17
38 74 80 65 84 42
21 38 75 68 98 87
63 27 79 17 43 90
21 38 28 63 48 28
66 55 95 51 52 65
34 79 74 86 52 56
39 96 41 76 34 92
18 91 60 21 30 39
26 49 86 89 27 58
11 51 21 51 37 40
28 47 99 58 35 75
59 91 84 100 27 47
91 12 95 12 27 27
23 32 99 42 79 69
81 95 91 62 87 80
64 72 27 71 69 71
30 51 47 57 88 83
81 26 85 90 45 67
63 41 81 32 65 24
14 79 70 17 16 23
20 68 45 34 50 90
93 66 41 61 11 75
68 86 17 97 77 36
100 85 88 89 38 10
65 96 70 38 16 43
68 11 81 72 44 65
69 21 87 27 50 90
76 53 65 36 83 62
79 44 75 49 48 60
40 21 28 47 91 86
35 95 62 83 72 70
14 39 91 19 100 88
52 94 97 97 35 91
99 38 83 35 76 56
59 91 35 51 52 56
72 75 88 43 71 41
71 61 77 33 43 42
58 32 30 36 95 92
67 35 61 30 38 35
16 72 22 51 61 51
52 25 60 80 79 22
29 78 88 95 65 37
81 26 87 71 21 68
37 73 72 35 69 20
81 63 70 18 67 85
44 15 63 88 60 97
26 63 46 50 68 69
40 88 55 65 99 82
24 55 67 28 98 11
93 15 69 58 34 60
70 62 38 68 83 65
76 93 55 26 56 67
43 50 57 79 74 78
51 62 92 79 59 72
95 88 10 14 27 25
49 20 75 12 36 100
88 29 75 91 71 11
53 82 86 46 18 43
58 81 27 68 81 46
28 32 61 76 96 65
35 19 89 98 56 73
39 18 10 89 47 78
57 99 72 37 99 65
31 95 53 43 71 75
82 29 79 65 41 32
54 79 48 20 18 23
54 93 46 50 68 35
58 11 88 18 32 89
45 30 40 79 56 67
19 39 85 40 77 59
30 72 61 10 36 11
65 37 94 57 53 49
81 76 75 65 94 84
18 87 55 21 85 84
37 44 91 72 71 25
71 66 15 71 27 91
25 20 54 36 48 96
50 51 85 33 35 67
0.000447532
0.000426574
0.000341673
0.000376934
0.000147332
0.000477635
0.000201619
0.000301353
0.000279419
0.000155174
0.000237534
0.000311452
0.0001142
0.000499445
0.000197013
0.000396314
0.000370869
0.000147413
0.000379305
0.000149652
0.000482795
0.000154947
0.000281819
0.00011268
0.000161369
0.00047866
0.000101201
0.000443784
0.000260917
0.000109707
0.000407452
0.000411973
0.000283747
0.000200083
0.000326522
0.000408737
0.000409292
0.000142498
0.000237626
0.00032454
0.000207966
0.000306145
0.000328873
0.000262338
0.000228853
0.000483128
0.000485103
0.000131254
0.000293858
0.000290325
0.000161742
0.00014801
0.00046336
0.000398319
0.000465802
0.000129224
0.000187391
0.000224073
0.000487585
0.00030216
0.000158035
0.000396899
0.0001334
0.000372264
0.000343655
0.00029481
0.000274334
0.000126364
0.000419171
0.000215915
0.000109614
0.000334463
0.000392316
0.000390063
0.000294879
0.000369187
0.000452114
0.000155577
0.00049927
0.000448626
0.000428923
0.000357025
0.000215234
0.0001115
0.000389674
0.000241883
0.000195783
0.000395018
0.000155491
0.000273352
0.00012728
0.000411607
0.000128711
0.000345514
0.000186979
0.00040446
0.000185322
0.000328232
0.000379963
0.000166964
290 387
243 261
158 105
454 90
117 143
216 453
156 172
447 117
104 331
79 21
92 327
44 180
63 226
32 436
29 16
500 26
163 460
142 131
186 236
226 460
174 355
341 44
360 232
457 212
216 4
315 307
188 4
300 185
431 107
265 146
74 493
217 47
321 66
448 497
478 487
181 359
252 429
447 238
149 241
359 119
206 276
154 263
288 306
223 409
80 366
218 387
249 180
267 454
123 173
94 411
348 279
291 246
407 50
214 487
52 342
222 329
275 424
338 467
18 95
138 95
267 86
319 137
179 453
355 425
407 114
102 149
163 296
169 449
333 390
43 215
109 52
59 276
27 246
50 388
359 401
100 214
403 98
131 9
53 284
130 403
96 300
20 429
351 492
8 77
248 408
24 55
207 478
302 116
168 63
313 154
404 393
436 405
65 448
409 373
178 406
382 44
34 227
286 178
87 14
344 195
