34
100
6
50 56 37 72 50 18
53 66 24 99 74 20
98 10 11 81 35 100
26 80 19 75 14 26
48 33 96 49 16 24
42 26 39 67 17 59
14 23 32 87 60 69
43 91 27 12 32 99
24 34 86 77 13 62
66 50 67 74 23 41
22 48 89 68 14 49
69 95 54 22 32 41
91 44 71 72 100 76
26 56 31 63 60 12
99 44 28 38 23 32
48 56 13 21 58 52
18 83 73 46 100 60
61 49 62 64 95 76
58 96 23 92 44 93
19 12 55 90 82 28
86 84 46 51 78 64
77 97 29 12 65 35
52 41 69 43 74 62
84 65 100 29 76 31
88 90 32 66 17 99
98 70 56 56 14 31
54 74 31 11 71 59
18 45 25 75 33 30
63 51 99 71 50 57
12 40 46 88 77 78
59 44 68 45 96 12
35 44 43 55 33 67
87 80 32 23 91 44
25 18 49 33 12 55
42 48 40 46 19 64
15 37 34 25 24 62
56 91 64 65 99 37
29 27 43 99 64 89
18 70 20 40 75 19
31 97 35 55 67 83
32 87 62 98 96 59
29 36 56 31 98 28
38 23 86 11 78 48
14 58 12 33 25 100
27 52 86 64 83 70
93 74 52 85 90 13
13 38 94 46 43 91
10 89 63 75 63 60
75 17 40 44 81 38
21 66 39 86 30 66
38 26 66 78 15 35
59 65 12 30 30 23
71 56 17 52 59 48
92 39 96 66 89 76
66 27 63 59 47 76
64 32 73 80 52 16
62 93 45 55 59 19
59 24 55 89 44 34
69 60 53 11 90 19
31 38 90 77 56 49
84 80 32 32 15 64
17 56 14 22 60 44
49 67 56 54 29 23
17 79 14 34 12 93
55 33 42 78 32 30
46 14 27 87 30 38
79 78 38 37 52 83
61 94 74 74 95 67
83 79 51 70 72 17
35 69 20 47 27 19
26 19 61 91 98 18
34 38 88 91 21 78
62 88 55 16 68 21
34 56 28 100 12 38
59 40 92 43 63 15
19 88 17 10 100 56
31 30 23 96 80 31
21 77 59 27 11 28
27 99 24 77 47 58
18 90 44 58 12 69
10 37 61 26 83 88
66 27 76 73 35 34
98 45 49 48 20 24
45 88 79 41 80 95
73 15 99 96 80 98
75 29 14 94 18 90
14 36 65 17 50 72
81 16 76 41 54 28
47 25 33 82 75 20
82 47 31 43 94 71
29 74 21 48 84 95
41 19 84 18 12 45
29 80 42 39 63 14
56 14 63 77 75 39
74 69 69 94 77 44
99 100 46 46 44 82
63 40 63 76 68 30
56 40 53 22 78 31
47 50 49 27 100 37
20 63 49 53 64 60
0.000377324
0.000436032
0.00015824
0.000355621
0.000127583
0.00029948
0.000386788
0.000453557
0.00014215
0.000116074
0.000253397
0.000139651
0.00016847
0.000377411
0.000199739
0.000109424
0.000175579
0.000149404
0.000193316
0.000436657
0.00021976
0.000190836
0.000228116
0.000291473
0.000264079
0.000403038
0.000143759
0.00028531
0.00036691
0.000176146
0.000460144
0.000342939
0.000498731
0.000461181
0.000407863
0.000497344
0.000260134
0.000355047
0.000117739
0.000479272
0.000456362
0.00030826
0.000443861
0.000422846
0.000152506
0.000455509
0.000464528
0.000163232
0.000192741
0.000319862
0.000404643
0.000127819
0.000306396
0.000277911
0.000471179
0.00018181
0.000297831
0.00036887
0.000408461
0.000296156
0.000174732
0.000173034
0.000199907
0.000335525
0.000153687
0.000489808
0.000353234
0.000159638
0.000135116
0.000126132
0.000382389
0.000355652
0.00048425
0.000259442
0.000241066
0.000339641
0.000279492
0.000376457
0.000310085
0.000439896
0.000361115
0.000227305
0.000454448
0.00038012
0.000129019
0.000337898
0.000265272
0.000256307
0.000336548
0.000359908
0.00015711
0.000387917
0.000229653
0.000314579
0.000497494
0.000225587
0.000443277
0.000252028
0.000367508
0.000207547
27 122
226 251
212 81
186 299
394 473
37 344
164 155
109 355
275 468
489 469
498 99
74 138
35 108
176 405
252 262
193 179
171 127
403 471
128 465
361 437
160 218
222 187
170 356
148 0
328 278
393 472
305 118
279 299
26 430
282 254
288 454
194 432
31 467
57 128
337 426
415 448
145 20
177 257
491 25
399 136
462 151
262 473
268 42
288 455
351 430
278 321
294 439
295 381
325 453
61 56
173 353
218 497
29 318
378 95
139 52
97 412
10 297
497 93
54 229
201 295
457 373
56 94
236 415
44 350
297 171
301 6
373 269
446 178
219 177
110 159
336 386
289 161
438 49
238 293
174 328
321 247
250 493
149 432
4 87
356 332
329 493
6 376
125 478
219 485
461 30
476 201
105 181
94 129
305 447
449 344
132 143
20 300
412 122
379 146
209 295
89 172
280 308
150 317
491 122
197 327
