18
100
6
31 69 48 57 15 10
59 38 30 15 26 67
34 70 98 61 75 79
91 77 83 31 86 94
95 98 81 24 39 24
53 37 12 61 29 70
31 29 23 99 64 84
17 46 16 71 37 38
85 77 98 73 29 51
62 73 41 57 49 67
55 95 14 37 57 92
84 62 61 68 76 48
84 82 31 13 25 76
10 66 35 31 79 45
13 38 62 55 63 81
67 44 40 16 52 22
46 38 22 34 26 29
62 21 43 15 85 10
100 46 79 85 97 35
63 25 92 33 50 26
45 88 25 17 88 74
67 83 33 96 53 80
53 79 22 17 11 11
98 34 59 100 89 18
35 83 47 56 80 36
74 65 86 48 57 65
37 92 70 38 33 89
44 15 70 85 52 63
95 76 59 100 39 61
21 30 98 99 19 84
39 56 22 21 41 87
86 60 53 60 56 70
91 40 10 29 69 93
27 12 20 44 62 74
99 72 95 93 68 25
30 89 24 42 29 67
90 89 94 45 18 76
33 26 66 37 48 49
69 71 53 87 68 32
52 24 28 95 17 41
31 17 75 19 100 53
99 67 60 62 57 53
32 57 17 54 67 59
50 43 62 22 11 85
54 10 33 72 99 68
79 10 62 71 11 41
74 87 51 15 58 39
43 26 18 15 48 54
61 15 46 47 12 44
33 27 29 92 58 93
16 54 40 95 47 21
26 58 92 81 39 93
60 66 40 75 99 16
70 60 19 48 73 43
83 95 91 96 50 62
81 32 35 74 39 63
14 77 78 46 13 32
95 68 17 80 84 49
41 98 72 76 22 96
98 24 50 28 87 56
67 89 46 98 99 59
91 51 80 60 88 39
27 84 81 22 12 55
22 91 95 75 32 74
83 37 10 66 25 47
17 49 26 80 63 76
36 47 56 61 61 14
33 37 39 45 61 33
62 43 26 100 76 47
54 22 27 30 89 45
42 80 96 50 66 79
97 60 94 74 31 20
78 74 55 98 56 37
24 15 42 37 78 51
59 86 52 65 37 12
34 69 97 44 71 51
96 98 93 41 85 89
44 25 77 96 67 42
37 14 42 38 74 18
69 34 43 28 90 53
37 80 66 45 74 44
88 35 20 42 80 14
94 54 66 56 17 35
48 21 91 50 50 96
89 54 11 57 53 74
38 68 43 92 98 48
41 62 98 77 97 29
11 82 44 19 81 55
41 45 63 10 37 33
44 75 75 14 95 52
27 53 68 73 37 22
16 84 54 48 67 97
64 80 88 59 76 51
66 84 98 89 100 25
78 24 13 76 54 76
59 77 49 25 27 44
100 75 26 79 99 96
78 55 72 77 28 30
98 74 17 39 30 63
70 74 38 29 51 32
0.000495086
0.000299556
0.000484032
0.000363449
0.000299926
0.000250036
0.000190702
0.000483198
0.000308684
0.000305077
0.000104057
0.00024381
0.000465969
0.000121329
0.000367974
0.000146701
0.000335416
0.000133025
0.000127556
0.000431977
0.000466236
0.000157713
0.000254895
0.000486345
0.0004569
0.00029729
0.000160998
0.00034422
0.000315757
0.000286543
0.000100928
0.000233004
0.000329224
0.000457741
0.000440087
0.000235304
0.00041078
0.000159927
0.000354818
0.000360457
0.000449408
0.000429589
0.000344958
0.000125489
0.000125723
0.000273577
0.000494693
0.000467463
0.000234816
0.000446794
0.000352574
0.000198661
0.000496625
0.000334178
0.00043927
0.000390349
0.000102091
0.000414071
0.000256076
0.00014686
0.000218349
0.000343101
0.000498402
0.00020436
0.0004153
0.000204621
0.000141725
0.000230142
0.000270138
0.000245867
0.000464261
0.000213207
0.000249285
0.000189931
0.00026627
0.000135719
0.000300708
0.000217474
0.000412966
0.000306438
0.000429321
0.000216029
0.000401751
0.000302725
0.000190069
0.000304535
0.000144796
0.00032895
0.000383491
0.000294167
0.000182546
0.000486529
0.000161361
0.000145674
0.000423649
0.000149917
0.000189984
0.000114896
0.000154369
0.000460936
324 159
170 114
283 73
73 497
270 406
365 133
161 197
413 446
499 223
330 226
48 219
102 396
496 51
172 257
240 101
439 334
463 269
456 175
129 53
33 266
221 494
400 61
126 273
489 53
228 376
314 154
100 496
323 346
9 89
101 65
58 207
7 276
128 441
134 256
358 286
233 204
445 434
95 500
291 317
389 30
114 52
489 116
495 79
314 311
236 481
412 414
227 282
247 413
218 415
390 74
20 323
308 213
470 204
487 430
65 229
119 226
278 273
444 362
453 206
486 183
221 416
365 99
93 119
144 459
419 490
349 266
258 188
182 9
279 411
409 288
245 296
95 70
122 380
374 366
66 395
37 221
278 123
54 460
20 38
274 454
56 265
495 63
443 136
31 373
39 245
5 238
3 400
294 203
193 347
495 467
107 206
52 126
469 160
49 75
61 402
255 203
211 71
381 330
210 194
485 379
