75
100
6
65 72 74 68 33 12
49 24 94 81 11 95
84 97 66 66 59 66
100 28 23 50 68 86
75 12 77 45 18 81
17 28 75 91 58 89
75 72 37 85 46 86
69 51 11 17 92 63
22 44 100 80 45 36
75 56 81 69 27 58
97 82 66 84 24 31
28 94 62 71 77 62
51 67 39 48 28 80
88 22 95 34 67 14
36 23 77 57 77 22
82 27 67 83 24 55
56 31 27 10 50 66
76 47 89 36 24 93
28 76 89 11 51 98
44 50 44 75 70 97
15 56 18 45 86 11
78 54 37 82 39 16
88 52 89 40 41 24
41 90 18 46 12 98
91 80 45 31 54 63
35 63 44 64 95 42
58 24 35 93 25 71
65 23 66 56 60 97
38 36 31 16 47 25
34 48 88 73 88 90
35 99 47 23 56 47
24 51 17 69 21 65
23 11 76 82 24 31
83 47 16 85 85 87
50 12 82 79 82 50
24 59 35 24 86 47
55 82 89 19 55 48
38 33 78 39 93 53
28 83 87 72 90 31
78 79 93 21 18 41
72 68 72 18 28 41
56 98 48 17 53 57
33 79 60 60 30 64
37 34 98 90 40 72
25 30 21 38 28 66
29 65 33 30 56 92
39 56 67 45 29 46
87 55 100 47 72 78
74 65 40 50 100 53
80 92 14 38 57 64
13 65 13 35 99 39
93 28 77 52 70 66
38 55 66 10 77 28
30 72 80 28 34 61
44 79 14 40 36 78
98 67 93 74 48 62
22 80 86 97 30 88
46 50 29 10 69 80
21 96 48 13 37 62
17 29 40 97 62 15
72 38 71 69 76 52
97 11 76 10 50 57
76 78 67 93 31 92
85 65 90 42 45 52
51 92 38 62 73 37
55 55 45 10 21 55
18 82 80 42 24 30
34 94 65 87 46 35
58 51 79 37 65 58
22 27 12 40 36 69
53 35 29 60 14 35
91 58 85 10 43 70
58 42 95 67 48 62
51 44 42 28 60 49
67 42 38 35 99 39
58 51 74 35 53 100
57 22 32 65 67 52
41 24 67 43 92 20
39 49 84 79 73 17
100 32 81 100 61 82
100 20 90 50 11 82
66 88 89 98 70 78
83 52 39 65 28 75
48 58 31 24 70 44
19 42 32 44 16 65
39 100 67 93 63 26
76 84 88 26 73 59
20 44 91 88 43 23
75 75 14 74 94 31
18 34 23 37 15 99
14 17 98 55 20 57
16 51 63 20 44 30
76 57 40 83 91 95
48 55 36 74 37 63
74 44 70 32 18 74
42 39 86 10 11 36
34 52 58 20 40 61
46 97 23 26 41 26
48 45 73 43 67 72
76 83 97 67 99 88
0.000233791
0.000477219
0.000352499
0.000429706
0.000333327
0.000355681
0.000484161
0.000122316
0.000327993
0.000484255
0.000213625
0.000365152
0.000401106
0.000475457
0.000457305
0.000488729
0.000470361
0.00027125
0.00036217
0.000472528
0.000394767
0.000440212
0.000495898
0.000171674
0.000348659
0.000377902
0.000225004
0.000438755
0.000139118
0.000306097
0.000449153
0.000350055
0.00014287
0.000243827
0.000465101
0.000338933
0.000131219
0.000416503
0.000119786
0.000376072
0.000463862
0.000448831
0.000400002
0.000102404
0.000376908
0.000341874
0.000331311
0.000352135
0.000139497
0.000127671
0.000414013
0.000114543
0.000207217
0.000246421
0.000471608
0.000118984
0.00044897
0.000329672
0.000495587
0.000461379
0.000466692
0.00041311
0.000142408
0.000268936
0.000350252
0.000168874
0.000173196
0.000372649
0.00028634
0.000287556
0.000284352
0.000316819
0.000374648
0.000484605
0.000432525
0.000207164
0.000425933
0.000487327
0.000415534
0.000187745
0.000289465
0.000402153
0.000367884
0.000185761
0.00020392
0.000132253
0.000378769
0.000111574
0.000440351
0.000296877
0.00041687
0.0002955
0.000274317
0.000371079
0.00012095
0.000451846
0.000170855
0.000255252
0.000410644
0.000145663
327 77
80 402
323 387
89 394
202 81
137 73
10 389
362 487
208 91
284 440
420 376
149 204
444 83
239 447
495 370
258 33
270 62
447 316
373 405
115 74
337 180
468 206
114 152
335 466
431 430
246 132
186 93
380 62
163 137
279 60
40 438
240 159
395 246
201 313
103 382
381 269
233 260
127 345
75 155
384 32
389 89
357 30
178 2
307 366
247 285
174 441
259 120
179 449
221 156
277 387
412 159
229 177
335 226
487 231
261 134
13 166
109 187
271 413
306 329
169 68
104 54
136 342
213 397
373 219
137 31
339 432
11 160
228 118
396 357
499 422
233 478
326 19
114 214
419 410
131 273
287 277
310 439
106 207
180 155
449 98
78 285
202 221
485 148
251 142
420 423
31 274
2 463
238 8
490 48
356 256
226 406
233 460
175 325
471 150
75 317
321 267
249 241
165 192
408 298
85 346
