15
100
6
31 18 89 85 55 96
59 62 23 34 56 32
97 73 56 54 97 47
14 73 88 48 69 45
37 69 37 50 75 64
81 40 93 51 12 29
63 12 77 13 76 42
81 62 11 48 91 13
85 18 69 96 30 98
17 22 96 65 38 14
43 85 17 39 47 91
14 46 44 38 59 25
28 46 96 87 24 96
25 42 27 24 68 85
82 58 26 15 82 17
27 69 28 20 34 25
73 82 50 42 90 33
84 66 69 54 49 83
63 48 68 11 88 88
79 53 88 19 17 100
41 25 26 76 100 13
10 14 76 75 54 22
38 63 77 37 38 18
46 51 50 81 100 80
65 82 73 62 96 61
37 12 61 13 12 85
37 94 96 14 57 21
51 84 93 37 61 97
16 23 64 41 62 66
62 75 36 72 94 69
90 86 28 95 43 68
26 57 100 70 49 52
65 65 10 55 86 99
63 89 29 10 43 64
11 40 90 19 90 74
45 58 45 86 45 100
56 98 42 70 98 77
95 13 91 96 48 32
95 66 38 84 38 56
59 20 12 68 27 97
54 75 40 92 57 46
50 70 29 55 68 90
48 59 14 81 78 15
72 55 64 64 27 61
14 18 23 14 81 31
18 18 19 75 69 23
98 28 48 79 52 32
12 92 71 27 81 72
74 64 75 38 96 22
40 24 64 49 55 70
60 41 85 89 64 36
29 20 59 86 73 91
76 50 78 82 54 87
57 10 83 90 85 95
76 50 48 92 42 94
80 44 35 62 25 69
56 59 66 95 94 84
11 51 99 12 11 50
74 12 74 95 34 74
79 52 17 99 15 62
30 83 85 63 59 46
91 54 79 63 97 34
85 17 96 84 24 84
76 48 61 96 91 88
46 45 14 26 53 59
37 52 24 73 94 100
19 26 86 97 100 95
73 53 72 97 13 10
61 37 69 63 81 53
47 40 22 43 21 50
79 74 71 77 49 21
58 49 71 14 70 53
62 28 89 51 90 88
40 30 97 45 25 83
13 40 85 98 12 96
96 38 30 44 15 90
99 73 46 61 45 100
79 42 28 25 24 94
40 53 70 90 58 94
93 25 36 11 62 87
73 33 91 80 10 49
99 22 75 62 25 66
30 56 100 53 64 30
18 72 34 57 55 43
32 99 52 20 34 35
21 96 51 41 67 97
37 91 57 10 22 19
64 11 87 45 97 15
76 32 44 24 35 81
52 50 33 61 32 16
25 35 68 36 33 50
83 39 43 36 59 29
92 10 28 47 59 36
41 58 82 42 24 17
86 56 35 42 53 47
50 52 49 35 78 34
31 11 87 46 18 89
94 90 48 43 93 38
23 44 67 63 88 97
99 69 10 85 77 48
0.000146042
0.000187371
0.000102149
0.000131799
0.000268193
0.000399329
0.000305861
0.000202422
0.000472606
0.000261759
0.000185842
0.000469066
0.000237714
0.00047234
0.000192737
0.000286461
0.000171595
0.000143942
0.00022071
0.000446924
0.000157965
0.000378912
0.000456458
0.000299683
0.000422353
0.000145045
0.000488677
0.000174436
0.000332119
0.000259903
0.000490409
0.000466973
0.00032836
0.000446516
0.000209358
0.000177928
0.000429034
0.000444022
0.000121515
0.000341951
0.000482573
0.000221561
0.000111403
0.000259755
0.000376805
0.000186279
0.000183371
0.000445368
0.000438653
0.000298244
0.000201349
0.000328591
0.000205427
0.000341553
0.000428368
0.000220455
0.000477604
0.000119176
0.000484119
0.000380173
0.000484789
0.00034196
0.000315121
0.000331577
0.000495428
0.000138621
0.000256835
0.000252561
0.000277748
0.000151667
0.000102998
0.000359372
0.000489746
0.00020202
0.000261816
0.00039206
0.00025551
0.000439083
0.000115848
0.000283349
0.000171782
0.000393257
0.00042072
0.000227934
0.000330624
0.000430738
0.000405846
0.000120099
0.000258707
0.000102484
0.000339891
0.000358002
0.000394017
0.000260837
0.000120315
0.000322749
0.000340685
0.000307663
0.000466224
0.00032333
95 258
111 321
348 444
422 461
105 112
338 188
458 82
393 430
49 475
484 499
417 174
251 286
304 66
3 314
422 469
325 272
335 231
129 124
241 190
158 106
394 220
284 448
454 397
186 149
137 301
88 55
217 227
241 231
189 247
139 379
244 460
167 88
52 287
303 276
180 128
471 63
243 106
76 6
478 108
251 352
9 118
45 16
175 228
384 329
96 170
401 29
63 31
205 347
288 356
117 20
432 363
447 311
287 280
339 50
431 159
486 10
96 189
206 455
397 201
197 389
21 253
323 137
251 485
294 328
209 414
64 139
3 415
113 152
474 495
55 203
68 326
361 394
138 420
190 438
488 241
238 462
121 257
258 124
8 279
218 420
333 309
82 331
164 171
384 116
268 167
162 391
166 66
370 407
396 267
199 39
318 412
274 485
100 129
424 403
340 321
12 297
270 352
160 193
190 206
278 221
