54
100
6
74 54 40 24 24 18
84 44 45 57 71 19
69 26 37 71 74 68
41 94 53 34 72 20
71 77 49 50 95 37
42 85 86 70 35 43
94 26 31 49 79 63
51 26 78 48 68 79
60 46 86 59 72 21
17 44 28 16 14 12
25 55 24 83 30 58
56 76 61 97 79 70
31 80 23 21 67 27
44 96 67 76 74 36
63 23 54 69 14 25
30 50 92 94 69 69
25 47 77 50 61 32
100 71 66 74 50 68
92 41 64 50 52 70
24 54 92 95 89 89
30 61 61 72 28 68
22 51 88 96 92 83
18 27 54 72 63 66
57 26 36 40 60 56
24 80 28 27 22 17
42 69 13 51 67 35
68 19 78 22 30 99
91 75 41 12 29 49
32 61 98 24 74 97
98 100 28 42 65 44
35 64 29 100 91 87
20 12 54 90 26 37
17 87 23 97 16 31
89 97 26 93 57 59
81 82 21 38 89 78
17 37 39 13 94 34
15 75 35 36 73 67
70 50 38 69 26 21
99 86 46 33 36 65
95 67 46 31 41 42
41 73 82 55 53 56
78 71 18 31 53 62
82 90 21 23 23 70
21 78 53 64 75 91
69 46 87 77 41 14
43 11 16 25 43 86
53 25 52 23 86 18
81 38 97 82 15 12
65 55 27 90 80 99
27 43 57 21 38 48
42 76 29 17 75 81
95 24 42 46 34 30
83 64 13 24 41 25
65 97 83 39 87 64
44 85 75 59 93 32
19 34 53 13 93 19
52 77 43 76 49 19
34 15 31 44 32 61
34 16 23 46 33 28
41 45 19 45 72 23
26 50 27 59 33 54
57 79 10 81 63 69
20 27 55 78 88 62
86 75 74 75 35 60
11 28 46 72 76 22
92 81 33 48 25 27
20 58 98 27 36 71
68 76 28 25 84 92
75 43 52 58 51 14
28 23 52 28 91 69
46 50 73 15 16 39
76 34 74 14 27 56
39 82 92 17 74 39
66 80 88 47 94 40
58 96 85 85 62 38
75 90 57 26 75 41
80 29 98 63 86 65
14 77 49 90 67 16
14 55 83 27 50 41
34 39 49 26 49 39
58 84 81 31 67 47
30 82 86 31 12 94
80 100 77 78 38 84
52 35 75 52 72 76
63 89 67 94 92 40
84 53 19 32 29 63
67 37 83 29 52 13
98 60 26 71 50 46
13 49 24 63 76 53
16 82 17 36 17 47
13 41 87 65 41 59
97 78 63 96 70 59
18 24 34 40 81 77
27 59 12 14 65 18
58 32 50 58 49 90
77 97 52 36 98 11
49 48 53 16 29 95
63 74 42 78 48 98
80 10 13 99 96 19
67 95 76 89 98 42
0.000312546
0.000301451
0.00034692
0.000228675
0.000209903
0.000412421
0.000358179
0.000232036
0.000113689
0.000315109
0.000447123
0.000314418
0.000441806
0.000246498
0.000276095
0.00018526
0.000257553
0.00039927
0.000232071
0.000196624
0.000215376
0.00015873
0.000448375
0.000259367
0.000427578
0.00043181
0.000404738
0.000483689
0.000229745
0.000204986
0.000314899
0.000114417
0.00040214
0.00025373
0.000229084
0.00045693
0.000254729
0.000404303
0.000108644
0.000239467
0.00031188
0.000478498
0.000182103
0.000133069
0.000324421
0.00042176
0.000147359
0.000227441
0.000396148
0.000427984
0.000247659
0.000202048
0.000107647
0.000408113
0.000332323
0.000396509
0.000309256
0.000136635
0.000440425
0.00028076
0.000121364
0.000347995
0.000107434
0.000119847
0.000467468
0.000397586
0.000456969
0.000373379
0.000218387
0.000178868
0.000325557
0.000388377
0.000310501
0.00038383
0.000321152
0.000493848
0.000170643
0.000286682
0.000235235
0.000490899
0.000128075
0.000188495
0.000169092
0.000161011
0.000314694
0.000474837
0.000352087
0.000238083
0.000277633
0.00011966
0.000402406
0.000498227
0.000246167
0.000275
0.000196083
0.000171761
0.000465026
0.000423859
0.00036999
0.000378096
346 339
26 28
214 96
292 142
444 183
310 37
364 233
205 36
169 446
376 210
267 444
458 489
59 449
183 8
234 207
196 471
45 228
236 295
425 321
77 64
66 16
294 186
200 66
73 438
223 80
304 414
340 469
466 476
491 337
311 437
103 422
1 290
284 8
142 198
153 243
319 319
437 325
39 480
257 235
192 265
86 76
303 2
67 352
27 297
296 470
471 375
408 236
469 67
453 146
195 9
140 234
285 462
63 236
492 437
166 203
406 106
293 400
288 15
283 483
262 235
447 77
138 263
198 55
412 106
33 245
171 406
295 52
120 487
64 487
49 491
268 350
243 195
363 258
263 13
286 183
410 388
258 424
322 498
204 114
422 451
249 136
57 500
141 272
50 145
195 116
80 202
178 430
481 181
12 441
96 277
435 138
264 311
189 115
382 405
437 184
246 244
146 26
287 7
415 361
177 419
