54
100
6
72 34 89 49 72 96
98 55 13 24 91 17
17 64 19 59 97 16
98 82 10 38 71 11
65 67 79 98 31 18
41 30 45 24 43 37
13 33 82 85 86 24
25 85 67 33 60 40
73 91 81 81 97 14
34 84 61 40 56 89
49 40 75 18 49 98
28 97 76 90 12 100
24 38 98 51 11 27
83 44 96 24 67 51
58 25 97 11 40 85
58 26 73 18 52 43
65 37 90 34 64 59
39 25 85 48 82 80
19 32 73 41 12 38
29 56 51 55 34 69
48 25 17 27 27 88
12 11 96 68 65 75
81 100 10 40 43 68
71 55 48 46 72 93
51 32 33 41 92 21
22 60 71 62 69 52
75 67 38 85 59 65
83 10 35 16 61 40
19 45 12 13 17 65
70 56 68 91 97 45
76 49 99 82 64 70
64 46 25 46 51 87
93 25 47 93 96 19
37 94 51 41 28 46
96 23 31 51 50 93
73 91 86 63 67 61
96 48 21 72 88 19
76 88 80 26 56 13
50 35 77 17 47 96
47 17 91 55 43 82
69 94 42 16 98 40
28 67 68 89 33 88
82 86 85 31 11 25
34 74 48 19 51 32
79 70 55 22 61 41
23 27 61 24 67 75
41 30 82 96 28 81
98 70 58 49 20 20
98 91 81 49 42 80
21 79 41 95 76 18
40 24 63 90 85 10
66 100 21 32 62 28
33 83 26 52 73 85
28 27 79 32 67 46
33 20 67 21 16 74
40 75 76 63 18 93
70 46 10 54 18 58
53 68 39 98 58 42
22 56 66 91 65 44
27 46 41 96 82 45
17 91 34 81 67 91
75 37 75 19 75 18
98 92 79 40 72 60
18 14 76 30 97 81
12 72 35 23 11 92
64 24 20 13 60 69
21 21 72 18 99 20
46 99 90 54 23 33
38 100 89 57 63 17
34 80 97 76 10 36
54 19 88 88 30 96
76 32 12 22 53 95
88 60 29 70 95 51
89 39 97 51 77 61
42 55 33 54 14 32
60 64 14 91 12 88
93 99 54 22 67 69
99 98 96 12 29 100
75 33 91 44 67 42
48 43 50 53 32 78
69 50 43 71 61 90
15 60 92 71 44 92
73 23 26 41 29 82
10 38 11 46 52 12
15 60 40 77 76 60
27 90 83 40 34 74
97 19 39 66 97 75
52 62 62 31 71 36
10 19 35 94 49 20
44 76 93 27 56 92
71 84 54 93 46 62
69 31 74 60 11 75
75 39 22 49 27 25
60 55 97 46 41 87
71 83 37 44 29 95
13 72 70 25 71 81
75 89 42 31 54 24
27 77 71 20 32 63
66 64 42 88 15 23
58 59 35 58 62 28
0.000394757
0.00022904
0.000192604
0.000208668
0.000256722
0.000380323
0.000277916
0.000337729
0.000206841
0.000313791
0.000433428
0.000406132
0.000226971
0.000118098
0.000284708
0.000308995
0.000295087
0.000201128
0.000254323
0.000225003
0.000181525
0.000460887
0.00024065
0.000203017
0.000488184
0.000321056
0.000220338
0.000199348
0.000183155
0.00027425
0.00025545
0.000276537
0.000423799
0.000245694
0.000356456
0.000300188
0.000464993
0.000207315
0.000490935
0.000340825
0.000293977
0.000279851
0.000150795
0.000259811
0.000183392
0.000209046
0.000225469
0.000473581
0.000226333
0.000181961
0.00049975
0.00021365
0.000280743
0.000393525
0.000166468
0.000483801
0.000203706
0.000307318
0.000306577
0.000139931
0.000191317
0.000335665
0.000338792
0.000289423
0.00034384
0.000197026
0.000327522
0.000436168
0.000476223
0.000337109
0.000259452
0.000398763
0.00018314
0.00042493
0.00030717
0.000145161
0.000379496
0.000298739
0.000475934
0.000255642
0.000238385
0.000206252
0.000454257
0.000142678
0.000490537
0.000304349
0.000449228
0.000158792
0.000224466
0.000288386
0.000237834
0.000366321
0.000467711
0.000280843
0.000394481
0.00038431
0.000456039
0.000138955
0.000376112
0.000266293
204 423
84 50
180 51
167 357
449 497
311 266
164 4
435 5
461 453
377 489
270 406
200 8
219 419
250 0
463 73
432 177
389 189
383 223
115 423
462 178
459 388
155 248
319 183
78 52
306 141
470 354
401 189
423 475
163 39
4 385
5 228
277 91
232 209
210 341
461 381
125 218
389 357
406 296
170 17
387 495
146 297
194 223
60 12
244 351
497 437
301 244
413 23
284 168
173 190
330 343
168 498
357 56
367 319
107 276
117 64
232 104
363 146
335 179
33 352
80 110
204 182
19 121
463 183
70 92
250 486
183 421
389 179
423 121
350 473
217 378
471 350
461 418
334 335
279 164
427 196
162 239
97 401
469 282
67 311
236 66
195 109
148 479
438 16
241 425
59 1
456 488
460 206
231 204
309 260
395 170
229 380
245 409
68 426
108 9
134 184
42 461
129 29
188 148
386 285
64 137
