83
100
6
57 39 10 71 78 89
13 77 44 20 71 66
80 12 89 61 22 42
32 64 52 11 37 50
94 17 16 78 72 88
50 19 84 95 18 84
88 32 16 19 73 97
18 18 74 24 74 43
85 29 32 84 27 15
87 77 61 90 66 96
31 80 68 79 64 84
64 27 17 86 26 57
57 97 75 82 87 34
97 89 15 50 78 52
26 99 59 45 38 76
51 80 40 13 80 33
92 56 26 32 21 18
90 92 25 88 78 14
27 60 66 28 11 10
85 19 98 63 59 10
52 60 63 91 85 84
77 49 68 29 14 46
33 38 49 42 20 99
20 12 78 58 44 40
68 22 85 96 89 18
34 89 77 16 34 49
32 33 48 73 23 51
20 30 65 67 27 70
68 46 82 79 78 96
60 89 19 13 53 26
86 25 40 98 69 80
70 46 78 84 86 97
49 22 12 37 76 29
88 57 49 38 40 96
47 44 55 43 28 52
46 68 91 73 93 71
51 51 75 26 29 98
99 74 35 84 73 67
31 78 36 14 42 71
97 51 77 26 53 30
96 67 64 90 72 18
85 41 100 32 52 86
100 41 99 42 27 44
23 47 56 69 65 88
60 56 48 52 77 19
32 69 51 34 74 52
91 13 17 82 99 34
82 67 92 43 32 83
67 21 72 50 54 13
16 72 33 21 32 95
59 86 22 56 93 45
54 93 22 24 29 68
16 50 91 20 39 20
61 16 41 56 56 44
25 71 83 23 88 39
55 57 11 32 65 91
31 82 39 59 56 38
74 49 92 16 29 94
42 100 80 96 98 91
92 52 89 83 80 78
88 40 35 68 10 58
80 40 53 53 23 51
74 84 53 85 23 28
39 24 80 56 76 27
48 72 63 32 86 40
88 87 75 49 51 15
64 87 84 28 65 27
23 69 71 29 85 92
58 48 40 67 86 49
48 63 43 72 81 82
61 59 63 78 43 66
16 79 22 77 80 37
42 54 59 95 31 96
83 87 32 21 71 68
39 64 16 10 13 42
71 84 10 93 57 18
21 74 69 30 88 93
81 88 26 33 53 84
77 19 23 58 90 82
59 90 76 46 15 57
73 92 87 23 25 51
21 32 82 83 21 23
14 99 49 43 18 98
46 90 22 11 36 78
96 75 75 46 10 82
64 80 74 12 22 30
83 64 79 74 16 31
43 15 74 74 38 40
73 71 29 88 85 54
68 72 35 23 77 40
72 20 99 67 95 94
49 55 30 81 62 69
80 11 54 20 43 66
78 71 71 78 16 68
54 68 44 85 13 52
52 83 77 80 32 47
100 46 18 41 31 75
91 54 69 80 41 32
69 86 99 97 37 75
87 92 35 68 49 49
0.000197266
0.000372513
0.000127935
0.000396148
0.000246647
0.000125828
0.000366785
0.000306348
0.000209076
0.000233399
0.000340595
0.000355456
0.000201215
0.000265575
0.000358215
0.000244713
0.000207519
0.000414324
0.000180026
0.000125145
0.000334465
0.000407715
0.000472939
0.000208753
0.000181648
0.000281661
0.000284429
0.000343151
0.000102983
0.000193902
0.000158074
0.00037623
0.000486961
0.000354993
0.00014981
0.000163771
0.000487444
0.000131102
0.000346431
0.000486888
0.000264025
0.000175173
0.000218925
0.000187087
0.000151332
0.000155562
0.000370381
0.000336342
0.000380827
0.00032584
0.000249929
0.000382645
0.000444812
0.000320606
0.000252996
0.0003716
0.00030433
0.000477372
0.000115246
0.000414739
0.000347384
0.000108505
0.000214608
0.000465361
0.000402763
0.000377671
0.000242838
0.000185274
0.000147461
0.000348088
0.000479105
0.000353971
0.000146802
0.000274074
0.000207472
0.000369712
0.000300362
0.000363851
0.00029814
0.000183456
0.000369861
0.000371032
0.000297058
0.00040198
0.000340876
0.000109834
0.000122339
0.000357571
0.00043937
0.000169661
0.000451889
0.000481176
0.000175568
0.000387391
0.000467062
0.000197879
0.000319461
0.00019737
0.000326131
0.000335074
324 342
218 278
232 411
284 393
199 151
478 293
10 91
425 78
87 280
269 361
132 398
236 324
185 347
110 346
82 64
288 121
24 255
422 413
216 362
456 375
157 295
373 175
85 489
299 165
28 150
296 306
301 438
411 119
83 141
461 435
259 2
187 444
408 403
476 321
10 460
404 463
492 109
253 266
158 410
496 471
403 164
106 247
108 453
51 14
323 321
260 375
409 0
471 134
92 246
475 59
495 281
97 275
208 74
378 36
221 130
165 291
474 209
472 191
497 158
151 364
324 423
260 295
401 413
236 6
492 76
161 12
415 115
414 491
88 254
389 407
120 453
405 59
41 382
368 351
354 110
159 203
291 77
378 362
14 122
324 45
94 500
44 460
232 481
155 442
44 474
48 46
22 245
18 310
226 344
395 332
70 112
232 199
427 48
187 215
58 180
374 388
224 118
124 257
464 348
217 274
