7
100
6
46 31 19 71 89 92
84 94 37 14 30 14
47 36 51 62 60 60
55 68 46 13 36 37
74 55 12 28 16 24
30 19 83 10 82 98
10 12 20 84 33 38
17 21 93 23 45 30
85 91 56 14 68 40
51 82 22 58 46 26
74 58 44 21 50 56
57 67 25 94 37 48
56 55 23 87 80 12
76 46 32 85 42 64
33 30 64 12 30 56
79 16 72 34 55 28
70 70 51 93 100 30
48 22 51 99 73 16
34 53 64 16 47 28
60 87 84 94 26 90
27 33 50 59 82 11
22 72 54 45 52 66
56 88 29 51 83 35
46 38 17 68 92 100
66 39 50 98 39 94
88 53 87 47 29 86
14 59 100 57 96 60
16 94 23 97 42 92
77 10 34 33 100 79
43 34 27 94 19 84
13 35 74 63 59 80
35 78 11 89 55 41
61 18 10 96 76 27
34 41 13 42 67 77
17 51 69 59 77 62
60 96 55 72 49 35
25 78 30 55 38 29
42 15 37 94 34 88
36 93 68 76 32 60
23 48 46 67 20 90
95 75 52 96 32 47
58 11 38 67 49 60
90 14 53 29 78 77
92 10 49 62 34 40
16 33 77 81 60 40
40 27 97 93 22 14
73 30 26 71 28 51
99 81 61 76 78 31
23 96 47 84 48 32
40 29 86 63 37 59
60 43 68 45 34 49
47 64 20 87 28 82
99 56 82 28 27 64
10 49 67 69 99 20
15 40 53 72 71 41
68 83 74 83 47 84
39 20 64 23 26 13
22 70 25 57 39 83
10 27 32 14 43 63
47 72 93 60 57 99
50 95 66 41 56 64
12 43 79 39 80 78
82 34 99 93 88 56
39 17 87 13 73 29
83 85 68 84 49 73
63 39 25 16 73 90
18 46 14 50 89 10
40 95 10 28 78 24
31 71 16 40 23 58
49 14 54 67 16 96
84 47 29 35 63 34
43 14 22 46 45 84
16 16 83 66 76 94
73 97 100 96 19 93
25 71 81 56 25 51
81 32 72 21 25 91
70 79 50 100 44 70
83 60 29 36 96 70
68 46 96 42 10 86
14 58 50 64 53 56
54 36 92 64 70 48
90 39 88 56 70 87
15 75 12 13 39 63
51 93 65 24 82 48
76 66 51 55 74 65
56 43 65 52 95 94
82 79 90 43 68 28
28 86 15 82 72 45
61 45 50 67 15 32
99 88 70 12 71 86
46 18 24 68 10 48
24 59 34 78 50 85
100 58 16 86 43 92
28 58 71 77 48 24
89 28 14 93 43 72
60 77 52 61 69 39
58 22 87 67 74 100
32 82 27 43 87 57
36 72 41 93 30 86
65 35 86 62 22 52
0.000490658
0.000467228
0.000102933
0.000174114
0.000170378
0.000283086
0.00017667
0.000263546
0.000387017
0.00014694
0.000390826
0.000362864
0.000470697
0.000448233
0.000458131
0.000339375
0.000296842
0.000401985
0.000149095
0.000168365
0.000279334
0.000341353
0.000197853
0.000287984
0.000173964
0.000321647
0.000154618
0.000301229
0.000441854
0.000233144
0.000410499
0.00028766
0.000145403
0.000364926
0.000412386
0.000116869
0.000273475
0.000409039
0.000117116
0.000370817
0.000321064
0.00010143
0.000147732
0.000104236
0.000107742
0.000187769
0.000277927
0.000292088
0.000452201
0.000123424
0.000288751
0.000442404
0.000445111
0.000115108
0.0003112
0.000176163
0.00018922
0.000204898
0.00020519
0.000149722
0.000382158
0.000218453
0.000462054
0.000320154
0.000123151
0.000139058
0.0002474
0.000109403
0.000122578
0.000298931
0.000368049
0.000257782
0.000303262
0.000111162
0.000317919
0.000322665
0.000332413
0.000318758
0.000263739
0.000179014
0.000236499
0.00013656
0.000362556
0.000263263
0.000214424
0.000407051
0.000210581
0.000407885
0.00030098
0.000491289
0.00027625
0.000422352
0.000386106
0.000415828
0.000393917
0.000455847
0.000417257
0.000460709
0.000454464
0.000179082
305 363
115 276
388 11
296 317
404 434
251 83
436 17
105 84
253 195
228 464
140 182
356 298
21 180
384 124
76 353
399 12
294 62
72 328
399 356
210 219
282 259
415 199
367 355
56 442
368 457
52 120
0 9
56 9
76 458
205 367
126 96
371 289
241 84
435 365
115 443
269 338
198 229
382 349
16 280
475 256
253 455
29 67
319 180
248 132
451 124
423 457
246 366
227 78
260 3
9 248
488 404
353 87
279 64
340 278
19 480
434 469
283 251
380 210
500 139
392 37
303 40
208 138
470 433
413 398
88 433
359 9
375 387
246 358
1 362
450 146
451 409
22 496
224 482
64 133
103 272
197 159
459 2
46 37
395 36
362 67
490 187
88 410
94 0
398 93
370 408
174 170
43 288
276 397
320 195
283 356
286 177
442 495
467 443
408 308
296 128
71 276
148 288
367 291
462 380
369 43
