43
100
6
67 76 15 32 46 63
73 78 62 36 71 14
38 59 46 69 19 87
41 94 21 78 68 49
98 29 84 10 66 71
44 40 22 58 49 63
54 57 41 48 43 65
65 62 83 60 32 82
62 44 45 44 66 44
100 20 68 81 42 55
49 96 65 17 48 69
58 61 94 29 78 33
54 14 25 50 32 59
46 20 95 69 87 87
95 68 28 83 51 32
42 57 71 53 30 66
50 74 49 29 61 91
46 58 98 14 26 54
36 99 82 48 49 11
35 71 54 13 98 32
35 13 33 28 59 92
22 75 37 38 25 60
33 82 56 95 41 60
43 74 35 28 97 57
49 72 96 25 51 35
11 39 71 99 84 97
42 79 99 55 20 10
29 11 42 33 84 19
20 84 14 75 50 87
69 57 73 41 20 40
60 44 24 15 42 64
46 71 81 54 46 97
49 57 13 40 27 72
85 89 42 76 72 26
59 98 43 74 20 87
24 99 80 93 79 33
51 95 63 33 76 40
30 49 33 90 84 52
14 71 26 83 83 87
75 17 89 11 38 74
100 37 14 65 40 41
75 86 15 98 95 51
29 94 87 52 81 26
45 39 43 29 100 59
63 93 49 92 17 90
11 31 16 18 53 39
11 90 74 98 26 74
25 17 19 83 70 45
57 91 39 79 79 69
12 92 73 61 54 75
66 74 49 32 90 68
84 96 53 79 55 51
18 48 91 56 86 55
74 76 11 65 88 25
73 11 54 30 47 34
47 28 91 63 96 62
100 64 92 95 84 83
36 16 89 91 91 26
89 80 47 70 22 91
51 26 65 33 97 45
31 14 54 77 42 11
24 52 84 46 93 47
11 41 15 79 100 39
54 51 30 78 76 74
43 90 85 95 96 46
90 30 71 55 22 76
28 23 28 67 76 80
46 98 33 89 98 34
62 18 69 56 15 53
81 37 98 23 31 42
22 10 53 84 84 77
30 97 55 98 81 65
42 80 63 37 83 61
49 64 34 25 84 56
58 63 95 71 70 59
19 87 26 73 12 54
46 44 54 38 16 40
90 65 78 18 60 95
18 22 86 19 49 78
97 21 54 93 22 100
63 57 19 40 84 93
63 82 59 79 55 67
19 40 97 48 83 72
11 43 34 34 38 75
53 33 81 40 20 20
52 48 65 75 53 16
80 48 39 52 31 55
60 91 44 73 52 81
64 69 34 19 92 89
74 71 25 77 78 62
58 92 24 80 30 18
39 69 45 70 37 30
22 79 83 38 61 20
84 35 73 64 47 27
43 86 30 95 50 61
77 65 16 83 18 69
39 26 44 94 48 12
31 94 19 73 99 26
65 62 66 19 96 76
55 90 14 39 71 58
0.000249632
0.00027624
0.0004816
0.000186209
0.000445727
0.000225356
0.000311236
0.000427732
0.000347286
0.000141079
0.000431754
0.000481757
0.000225781
0.000239997
0.000192482
0.000255686
0.00012189
0.000398979
0.00023478
0.000175625
0.000398709
0.000413918
0.000110104
0.000200552
0.000108788
0.000372755
0.000176831
0.000381224
0.000371978
0.000217222
0.000284207
0.000378859
0.000467944
0.000220252
0.000276108
0.000382261
0.000165231
0.000470134
0.000212835
0.000310582
0.000349246
0.00042546
0.000277342
0.000448647
0.00017115
0.000442057
0.000247891
0.000431191
0.000409268
0.000314089
0.000331354
0.000287012
0.00024288
0.000117882
0.0003258
0.000357443
0.000245496
0.000143104
0.000220836
0.000120949
0.000157283
0.000215689
0.000393851
0.000141688
0.000498099
0.00026512
0.00028544
0.000287863
0.000264024
0.000185969
0.00038936
0.000249016
0.000426081
0.000484665
0.000299687
0.000328568
0.000408106
0.000441423
0.000485228
0.00046577
0.000490796
0.00028094
0.000304763
0.000251551
0.000110262
0.000447259
0.000149343
0.000141285
0.00021243
0.000157573
0.000139899
0.000396998
0.00037061
0.000488621
0.000212873
0.000466792
0.000340581
0.000225145
0.000436816
0.000241016
437 448
68 146
202 323
246 396
472 407
279 470
229 126
243 94
379 464
366 137
187 116
481 228
168 103
209 119
359 318
203 431
378 381
463 101
438 168
384 280
453 457
173 93
10 279
196 363
20 383
361 148
259 305
398 296
457 319
282 20
36 266
352 312
113 211
160 419
93 289
113 465
372 329
316 465
242 43
104 29
131 293
276 8
285 67
310 365
252 335
139 475
292 201
50 24
170 186
170 495
20 424
402 251
104 372
442 410
448 93
58 306
180 458
208 172
56 300
67 186
468 12
292 418
385 416
320 451
391 256
83 231
167 441
140 83
206 298
195 419
93 163
311 366
58 74
26 7
239 131
343 113
65 102
3 286
15 86
254 204
184 214
99 333
100 99
179 294
355 369
343 308
411 7
497 20
98 372
477 289
155 210
449 38
406 17
495 216
290 28
235 17
76 265
259 216
109 71
169 414
