51
100
6
50 94 38 15 26 60
91 33 67 66 83 39
30 71 18 49 43 37
37 55 71 17 32 41
16 90 52 88 58 78
92 62 13 50 98 22
39 74 70 54 41 54
77 73 46 66 12 25
48 42 20 33 29 39
30 99 88 76 87 96
36 78 66 78 14 58
13 17 40 39 10 52
88 96 55 32 86 20
70 96 59 88 34 16
37 57 46 27 65 61
62 79 51 80 57 80
73 99 37 60 19 60
63 59 67 25 55 19
75 57 63 91 87 67
92 30 48 26 32 13
31 63 16 32 66 19
33 21 62 37 31 89
33 18 61 49 61 50
27 27 14 64 100 39
34 58 12 52 81 30
50 35 16 41 41 24
33 98 97 54 77 64
37 47 66 30 36 76
72 79 69 48 32 20
75 66 81 41 59 98
81 25 21 38 32 27
68 32 60 16 70 98
18 71 51 55 98 62
98 69 52 56 41 13
68 76 57 64 60 37
82 64 10 32 79 95
74 59 98 25 16 50
78 35 31 53 97 90
73 73 23 24 48 11
96 25 33 77 73 33
14 49 86 88 49 63
50 22 24 48 94 42
98 74 70 66 17 20
21 33 44 48 65 92
88 42 100 33 13 28
66 96 76 25 95 74
22 95 48 87 67 43
13 26 78 73 31 72
26 18 92 100 40 18
12 72 91 55 27 51
64 73 88 78 39 65
69 56 86 86 17 34
29 100 24 43 34 22
94 59 13 96 63 23
65 96 100 94 74 31
45 93 32 56 70 91
93 13 29 61 41 21
78 92 99 46 62 53
50 89 24 47 28 36
55 20 57 17 37 55
42 41 50 50 75 29
75 62 11 60 55 25
46 31 18 43 47 39
11 91 55 64 62 75
87 78 34 86 93 23
72 52 70 94 64 43
78 52 50 60 48 29
12 39 89 79 59 11
66 25 65 81 96 19
48 99 31 42 15 31
88 38 66 26 45 22
57 45 77 73 59 54
69 61 67 97 81 51
16 52 98 46 23 67
47 30 63 53 77 87
47 23 10 66 76 80
55 16 76 47 97 18
64 70 85 60 15 69
56 16 60 35 47 75
80 65 41 14 21 47
37 28 28 48 46 10
98 53 10 58 50 57
22 43 93 80 31 57
95 76 46 61 69 54
42 64 56 26 77 94
80 12 59 48 65 24
39 93 61 48 27 66
86 97 83 35 72 12
100 39 81 31 100 23
12 86 89 13 19 67
81 34 48 68 81 45
17 81 55 18 56 33
98 99 32 17 91 78
26 15 74 98 50 56
16 41 55 43 96 82
39 82 79 29 51 75
48 11 12 49 75 41
61 68 37 30 67 32
22 91 93 72 29 21
89 40 85 46 22 19
0.000279623
0.000310303
0.000132325
0.000443808
0.000159377
0.000422551
0.00037378
0.000462927
0.000147145
0.000130961
0.000191869
0.000364516
0.000485467
0.000475226
0.000243719
0.000183204
0.000422096
0.000226957
0.000305197
0.000318019
0.000277831
0.000367069
0.000354899
0.00036627
0.000274342
0.000105196
0.000190531
0.000459459
0.000422666
0.000461299
0.000177394
0.000227917
0.000435211
0.000462959
0.00019979
0.00025956
0.000151346
0.000350657
0.000188738
0.000149107
0.000459505
0.000471812
0.000414238
0.000187483
0.00016177
0.000103238
0.00030318
0.000211118
0.000489759
0.000449595
0.000258057
0.000495847
0.000479694
0.000160514
0.00025463
0.000261919
0.000158585
0.000487021
0.000181358
0.000271208
0.000469592
0.000248028
0.000168637
0.000166376
0.000142116
0.00044908
0.000207759
0.000265955
0.000128338
0.000215739
0.000217413
0.000426376
0.000346375
0.000409386
0.00034471
0.0001763
0.000125217
0.000494981
0.000287729
0.000121847
0.000143439
0.000468855
0.000316244
0.000383348
0.000266306
0.000412676
0.000274032
0.000164103
0.000388455
0.00023321
0.000301643
0.000408382
0.00022375
0.000456829
0.00016865
0.000442209
0.000188347
0.000241018
0.000216912
0.000198917
433 458
176 451
462 258
154 412
70 154
359 89
137 163
332 413
467 477
242 327
418 227
466 227
368 93
226 36
405 459
113 352
372 446
29 237
42 316
109 371
371 8
346 181
6 429
341 366
302 106
180 425
58 273
52 192
318 175
473 409
235 15
100 433
380 433
444 154
338 101
334 121
497 491
9 71
56 326
56 292
124 265
79 254
14 394
74 274
302 97
414 479
475 389
491 36
95 186
184 98
72 158
258 205
56 359
282 390
41 197
282 413
123 218
32 24
390 430
94 400
73 143
347 109
66 46
235 429
55 275
266 124
368 150
276 317
426 448
27 383
348 184
467 181
360 432
119 3
121 135
454 358
394 250
490 354
80 354
236 341
17 327
216 416
366 57
391 306
133 490
85 352
428 381
86 8
174 335
30 46
254 171
129 148
272 56
250 103
498 361
44 150
417 435
92 338
241 100
22 352
