68
100
6
86 59 30 100 91 55
68 25 48 18 21 99
66 11 47 89 35 86
52 34 97 89 51 67
16 43 46 33 99 67
70 21 30 23 53 93
41 70 88 28 41 50
88 85 26 98 94 19
96 57 80 39 78 17
87 52 47 60 95 72
83 68 67 51 18 25
93 77 82 12 23 28
53 41 99 29 98 21
75 12 86 45 53 53
12 76 79 89 39 12
67 44 63 22 53 87
12 98 35 46 15 22
75 22 54 96 41 29
17 53 61 59 52 46
29 64 28 86 63 97
28 35 76 16 13 69
60 33 22 94 75 40
99 69 20 79 75 62
90 58 14 75 45 35
82 38 69 18 28 11
55 30 94 20 79 37
58 16 19 62 78 94
13 38 69 69 20 38
17 16 19 41 87 95
19 73 64 62 77 25
100 54 46 80 23 11
34 42 42 59 40 92
53 77 67 60 24 58
97 36 70 76 67 54
77 77 85 50 87 29
96 34 63 31 22 46
80 85 82 88 96 36
15 18 36 29 54 25
23 74 12 91 26 42
91 26 45 46 87 82
20 73 56 56 93 30
50 32 27 74 67 87
77 90 14 52 41 59
52 54 53 85 92 72
22 80 49 58 26 34
74 57 44 86 95 82
60 73 53 55 46 43
39 40 66 37 62 14
24 71 90 93 69 35
32 25 40 25 83 28
76 56 24 25 81 81
72 68 87 74 68 27
76 11 93 81 49 99
96 79 38 100 37 61
94 14 25 60 65 80
65 81 92 45 46 90
38 13 93 76 35 34
95 26 11 75 29 96
18 18 23 84 60 62
15 62 85 54 81 31
67 31 63 52 83 23
23 24 50 46 14 20
30 98 84 43 23 21
60 13 33 27 95 14
43 80 75 74 25 56
51 60 97 49 59 84
59 38 95 27 61 99
89 14 22 84 80 99
71 42 99 47 95 89
50 80 50 15 72 58
40 75 28 17 96 40
78 33 78 41 19 68
54 49 24 44 96 44
67 99 17 56 59 15
14 29 83 45 27 96
88 53 35 94 82 78
91 50 53 72 79 52
73 83 16 25 65 96
64 79 49 82 15 86
100 15 12 76 50 13
25 50 42 89 44 66
62 46 73 70 16 91
54 27 89 92 71 82
11 48 100 71 73 51
67 59 19 94 84 65
83 91 95 21 14 12
34 30 50 74 86 23
28 55 61 48 49 60
55 42 68 75 82 16
88 99 23 98 14 79
23 69 49 58 61 78
41 80 88 47 27 33
69 73 50 37 39 28
75 57 81 18 82 66
91 75 65 25 27 53
93 45 79 40 12 80
75 77 91 41 86 27
92 98 50 39 50 80
97 55 50 11 77 73
41 95 27 53 76 47
0.00012127
0.000494045
0.000191833
0.000342295
0.000175372
0.00018697
0.000366762
0.000275747
0.000360184
0.000124768
0.000225622
0.000112198
0.000368507
0.000458982
0.000384781
0.000122133
0.000239627
0.000360284
0.000458816
0.000442464
0.00045461
0.000377543
0.000340963
0.000437602
0.000195826
0.000278186
0.000304806
0.000327575
0.000332746
0.000119199
0.000236293
0.000347487
0.000385617
0.00025771
0.000395483
0.000367069
0.000158126
0.000112364
0.000155998
0.000396712
0.000275373
0.000406893
0.000364948
0.000469504
0.000158353
0.000353472
0.000412361
0.000157057
0.000117894
0.000421645
0.000238566
0.000302027
0.000191312
0.000272864
0.000385935
0.000430506
0.000214353
0.00021597
0.000407712
0.000384154
0.000465548
0.000384907
0.000138235
0.000496157
0.000131893
0.00021086
0.000168692
0.000226317
0.000418426
0.00016459
0.000456532
0.000239144
0.000290352
0.000240277
0.000261956
0.000409235
0.000400016
0.000380875
0.000433169
0.000384372
0.000305025
0.000465923
0.000443089
0.00023487
0.000296969
0.000182404
0.000296772
0.000146961
0.000330399
0.000425278
0.000467511
0.000335015
0.000398545
0.000202249
0.000179098
0.000366349
0.000191672
0.000256794
0.000477987
0.000167199
47 132
23 345
50 135
285 37
154 432
306 28
275 238
411 8
46 440
9 211
277 18
77 78
291 358
492 148
37 268
37 30
307 292
52 103
488 406
387 491
333 245
322 284
251 56
248 207
87 20
120 425
285 115
9 28
463 136
40 238
270 85
428 84
430 203
392 305
96 339
16 433
342 341
258 229
331 460
380 96
148 481
129 364
216 183
204 440
75 113
102 70
252 236
254 159
189 445
54 94
452 468
373 458
461 206
18 184
299 165
26 154
168 116
13 279
283 416
125 55
21 265
459 309
77 490
416 27
102 252
9 219
109 155
248 192
417 487
267 239
159 182
340 486
267 258
421 103
144 237
25 285
265 382
281 481
412 344
153 221
44 446
132 63
247 20
216 365
428 135
402 25
484 14
462 262
365 326
48 382
385 163
379 390
41 447
300 165
366 167
461 478
439 370
175 315
26 462
134 58
