6
100
6
45 100 23 92 48 35
48 63 35 28 77 50
89 69 14 94 51 13
87 100 43 41 71 10
46 27 88 27 49 69
95 64 90 39 89 72
21 18 100 72 82 69
54 97 31 93 40 63
35 89 91 90 40 18
87 40 79 30 19 31
10 97 29 43 85 74
74 86 13 41 54 83
31 27 30 22 83 95
85 14 56 73 54 52
24 90 54 56 85 41
41 83 96 24 35 16
63 68 11 50 91 20
60 38 87 12 65 28
96 37 46 97 79 32
83 23 30 53 100 97
36 89 100 31 21 92
45 92 13 88 98 86
71 59 48 30 77 100
55 97 56 60 34 49
87 93 22 98 55 59
70 37 13 82 83 69
46 12 21 43 99 41
89 63 71 36 42 11
26 27 89 81 51 55
57 32 87 23 69 84
14 88 62 64 99 82
87 66 89 91 28 67
69 50 64 16 56 12
62 25 53 91 32 48
70 82 71 56 23 20
15 17 26 89 31 28
70 100 46 44 94 95
33 36 95 62 67 53
64 91 11 88 51 35
18 36 46 61 78 92
68 53 65 86 54 53
89 48 83 23 48 49
62 72 49 63 36 95
83 94 42 73 27 96
72 30 43 58 29 59
51 50 32 38 21 100
70 51 20 63 97 68
10 88 98 64 19 17
96 44 81 84 33 80
55 33 33 95 57 18
26 13 26 94 60 82
28 34 71 30 48 54
25 47 38 55 75 27
42 75 100 26 96 49
92 21 32 89 51 32
71 33 36 74 85 97
46 42 56 98 100 30
32 55 37 14 76 20
49 93 48 87 18 26
82 83 69 99 49 50
90 71 63 60 36 59
24 37 54 61 95 14
97 62 46 39 12 29
59 33 20 59 43 95
91 29 23 97 13 22
45 97 68 77 11 50
83 13 43 37 34 43
77 59 82 99 88 10
34 90 50 31 90 56
38 11 78 72 33 62
66 36 41 45 95 100
89 94 25 21 73 14
56 93 16 63 49 45
99 80 90 60 78 69
59 36 70 78 26 93
34 69 75 67 100 60
65 22 21 21 55 84
70 92 93 17 95 45
80 89 68 82 92 58
34 35 88 54 17 75
91 42 75 74 93 84
56 94 20 53 97 36
61 34 35 28 56 22
14 39 10 28 39 84
73 54 30 21 48 88
76 42 10 27 25 53
38 36 35 97 31 91
34 100 59 94 79 83
27 45 52 85 72 99
65 83 86 88 36 48
10 35 12 30 47 49
48 28 19 36 73 78
64 85 38 59 15 15
11 37 55 39 86 93
67 16 98 95 38 33
72 57 18 86 67 83
25 16 96 47 29 91
73 79 28 22 44 27
49 77 92 11 86 49
99 61 87 70 57 76
0.00012212
0.000348426
0.000442338
0.000136827
0.000115883
0.000489095
0.00047754
0.00048876
0.00020516
0.000306301
0.000485059
0.000284743
0.000377094
0.000395758
0.000279158
0.000319667
0.000119585
0.000429434
0.000204816
0.00020315
0.000193906
0.000217493
0.00019425
0.000197377
0.000148771
0.000186286
0.000202015
0.000264887
0.000416649
0.000315267
0.000268482
0.000253093
0.000358549
0.000272326
0.000125174
0.00025521
0.000191133
0.000379521
0.000477736
0.000353852
0.00025488
0.000458204
0.000173486
0.000434946
0.000235662
0.000369383
0.000477524
0.000193316
0.000437874
0.000268098
0.000476001
0.000264531
0.000228293
0.000342458
0.000328135
0.000493553
0.00029057
0.00033656
0.000252821
0.000409301
0.000447738
0.000136221
0.00034627
0.000191977
0.000240066
0.000405566
0.000197841
0.000220268
0.000350694
0.000277845
0.000408388
0.00030072
0.00033287
0.000377906
0.000428023
0.000424698
0.000194371
0.000207793
0.000215412
0.000446852
0.000469404
0.000187222
0.000304035
0.000205321
0.000136419
0.000271571
0.000131492
0.000330758
0.000315118
0.000318139
0.00038586
0.000354087
0.000483508
0.000415906
0.000101742
0.000322753
0.000101153
0.000314781
0.000427483
0.00041744
342 25
124 412
134 180
329 116
397 239
236 61
306 74
304 169
162 298
137 238
132 402
186 367
387 418
318 432
319 58
3 266
459 293
178 247
364 279
438 212
306 186
438 394
147 40
227 213
99 195
81 240
252 378
246 183
439 357
140 270
94 91
327 382
133 213
61 374
145 406
367 89
475 467
59 250
93 60
252 197
418 159
169 173
367 267
299 185
12 473
43 271
64 170
463 353
181 174
439 147
286 386
160 47
24 157
25 270
226 347
116 428
129 365
261 178
73 4
212 2
250 20
13 223
354 270
466 242
306 154
423 67
36 362
424 75
389 467
89 77
348 365
487 412
297 316
334 57
79 462
250 62
288 358
312 217
215 356
71 126
93 124
265 182
27 461
387 26
426 318
83 445
340 85
366 435
493 309
500 308
318 193
42 47
66 100
460 271
120 113
122 433
275 99
49 280
500 174
213 345
