54
100
6
54 88 27 42 16 30
19 27 69 22 17 63
93 11 87 54 33 69
79 82 56 42 50 93
99 29 71 90 85 88
64 63 23 81 66 86
81 58 83 44 90 91
87 68 87 86 25 33
85 17 84 46 12 23
92 42 52 52 55 30
44 78 79 41 19 27
22 74 73 41 75 36
40 28 84 13 36 73
60 56 88 73 78 65
59 75 48 95 90 66
97 55 47 49 15 61
94 69 97 40 51 39
51 37 15 52 33 66
38 44 29 89 30 36
75 71 23 10 53 91
74 71 30 58 76 87
70 29 55 81 43 18
50 88 45 30 82 75
35 86 81 49 25 42
15 40 29 88 34 66
88 24 14 36 27 29
75 19 39 45 80 18
99 39 25 64 89 25
77 48 57 89 72 19
19 80 32 30 80 74
46 72 91 57 86 85
25 100 86 36 13 87
48 21 91 69 94 14
88 83 82 53 99 63
93 70 90 22 75 37
91 59 82 41 41 38
87 82 22 18 32 21
30 15 37 23 87 46
88 15 92 69 39 77
45 85 97 34 49 93
21 13 62 50 96 77
82 37 80 94 76 67
77 76 99 24 90 36
71 19 99 66 80 40
25 20 49 46 85 31
27 21 64 10 82 54
11 73 65 73 49 22
34 34 49 76 22 100
71 80 99 52 14 90
25 49 16 60 71 49
99 46 94 64 70 94
80 83 15 74 13 60
31 73 12 26 30 28
73 77 40 36 56 78
59 51 41 41 98 63
27 19 54 24 45 53
29 36 27 70 70 24
95 47 67 13 68 76
13 60 26 24 65 85
18 39 38 20 37 27
49 28 73 18 92 49
74 72 35 58 32 61
46 93 85 18 91 100
35 43 69 85 68 20
34 50 98 48 76 93
51 11 76 19 49 90
20 85 38 81 30 51
72 22 41 74 95 76
81 62 53 26 31 24
47 44 93 77 40 75
19 69 22 79 27 26
52 22 57 11 13 39
55 26 85 50 81 94
11 77 49 86 22 35
30 14 77 92 95 99
25 74 15 70 81 98
78 47 30 89 70 39
76 13 54 14 55 88
97 100 51 12 64 57
85 12 44 78 13 50
78 40 99 27 34 45
55 86 65 10 83 40
14 69 59 40 16 21
89 78 36 31 78 55
12 45 64 62 24 33
56 75 30 89 40 26
98 91 80 29 19 93
88 80 28 28 55 52
100 44 72 82 90 40
39 82 78 86 23 85
38 48 89 97 27 37
77 82 41 21 83 56
40 62 29 97 29 76
39 49 99 44 26 24
70 74 28 28 62 77
98 17 91 18 14 97
79 18 81 73 82 65
54 99 29 64 51 15
56 96 94 36 26 100
74 43 85 97 92 81
0.000293909
0.000153764
0.000491337
0.000113565
0.000226306
0.000269869
0.000238247
0.000232308
0.000461693
0.000134491
0.000442052
0.000102758
0.000149105
0.000103065
0.000375198
0.000494978
0.000412857
0.00044456
0.000102237
0.00016048
0.000281345
0.000244203
0.00024965
0.000430704
0.000136
0.000243326
0.000133236
0.00041989
0.000197048
0.000358061
0.000351713
0.000361902
0.000426844
0.000351963
0.000205713
0.000446962
0.000461203
0.000281778
0.000160143
0.000289258
0.000182536
0.00048388
0.000484086
0.000446772
0.00014107
0.000318993
0.000366952
0.000242599
0.000436445
0.000238862
0.000350916
0.000231741
0.00035736
0.000295946
0.000254097
0.000246444
0.000248216
0.000290971
0.000349458
0.000124604
0.000116595
0.000477951
0.000411371
0.000196548
0.000355019
0.000389369
0.000110352
0.000417259
0.00035418
0.000208591
0.000341806
0.000256809
0.000429269
0.000331305
0.000448269
0.00020507
0.000117053
0.000326505
0.000153992
0.000458095
0.000244794
0.000494878
0.000110131
0.000350238
0.000266702
0.000132944
0.000499631
0.000404287
0.000219292
0.000400795
0.0004483
0.000113894
0.000399957
0.000499593
0.000260803
0.000200726
0.00038559
0.000463452
0.000275476
0.000197941
303 88
190 150
350 124
378 160
91 47
389 365
328 33
93 488
99 440
148 399
256 490
360 163
113 107
440 256
255 324
303 133
412 245
242 368
288 71
339 112
332 63
192 216
10 57
174 367
168 216
179 57
346 197
454 138
493 234
157 330
470 198
363 105
483 347
87 131
242 159
422 392
322 331
56 63
384 348
231 320
385 363
415 469
154 95
486 483
220 165
466 141
348 27
421 26
9 345
470 83
464 447
390 309
6 88
143 238
294 120
68 34
456 282
111 58
383 204
387 137
376 72
219 398
230 8
381 77
94 188
109 51
435 301
0 170
263 372
470 121
212 94
22 91
466 382
154 237
379 115
162 161
210 378
379 17
62 466
387 432
492 122
454 191
332 240
125 254
448 313
391 350
321 139
282 98
493 412
183 62
219 305
125 228
334 307
257 142
465 356
407 249
212 372
389 119
258 376
332 87
