33
100
6
79 94 100 61 27 67
48 72 98 45 77 99
20 51 32 35 86 71
55 68 81 10 93 49
67 42 87 62 18 64
73 86 45 75 65 54
22 36 39 99 95 36
18 36 68 27 47 57
57 38 61 26 61 12
68 78 80 31 23 42
14 54 100 65 62 10
47 95 94 22 26 17
84 75 24 71 67 57
70 65 71 63 81 79
24 74 15 85 77 81
79 76 59 30 34 87
20 91 59 97 72 19
38 61 13 90 97 37
83 60 33 68 98 91
54 78 44 57 31 40
55 74 84 72 42 48
63 54 72 26 17 44
63 60 77 94 58 58
90 61 57 25 31 60
89 36 78 28 62 90
90 66 66 68 13 16
81 56 62 55 17 68
89 75 16 77 76 97
57 87 43 67 41 66
19 68 77 23 85 85
91 53 54 16 32 95
44 38 88 86 90 95
67 31 40 37 100 79
95 67 72 39 59 44
85 32 27 98 72 53
99 95 50 18 57 21
49 78 16 82 51 19
34 51 81 44 20 100
91 83 62 75 97 91
68 81 57 85 22 53
10 92 86 83 74 94
85 58 72 58 63 100
95 37 77 20 58 89
97 88 61 57 100 13
74 50 33 83 31 66
92 59 70 66 72 30
42 37 11 98 96 61
88 23 11 37 13 96
11 97 96 84 14 16
13 95 68 33 69 87
95 93 23 91 28 76
46 82 39 50 24 66
15 34 92 93 24 74
53 98 14 54 99 55
46 65 24 89 58 59
51 84 18 42 37 60
24 19 66 50 32 73
17 32 38 86 57 70
95 90 32 56 47 35
76 15 42 16 60 12
88 53 73 72 51 33
11 63 90 59 67 43
59 93 37 43 17 100
14 100 77 94 24 38
37 68 58 35 95 77
78 88 59 44 48 66
58 36 59 89 75 78
44 91 38 79 28 22
75 22 100 79 27 78
59 63 76 63 63 23
41 11 46 48 30 80
19 77 39 64 21 34
26 24 54 14 41 26
92 92 73 30 37 91
44 35 16 33 84 69
19 46 38 74 86 64
18 47 45 11 63 18
17 11 27 61 93 31
18 30 90 65 95 49
48 24 23 24 14 17
91 95 13 66 50 52
39 80 37 69 51 54
24 59 96 96 22 87
77 70 63 58 24 53
34 18 84 51 31 93
27 33 95 37 95 84
97 34 31 21 87 72
59 57 13 34 44 57
37 16 99 33 48 36
59 75 66 17 72 99
88 37 63 30 41 70
63 43 23 44 59 35
69 72 78 37 32 25
46 63 23 31 87 50
65 82 10 24 78 68
43 92 70 74 58 87
32 38 45 98 57 47
41 89 35 52 30 40
17 55 39 88 87 96
17 20 100 74 63 40
0.000392362
0.000128468
0.000447266
0.00010669
0.000291927
0.000288176
0.000280288
0.000486319
0.000383674
0.000315811
0.000203857
0.000354281
0.000249608
0.000308731
0.000154088
0.000269173
0.00026753
0.000362484
0.000326894
0.000228697
0.000391598
0.000331332
0.000482389
0.000453583
0.000434372
0.000192603
0.000417371
0.000407514
0.000358614
0.000331177
0.000152272
0.000146854
0.000190265
0.000211425
0.000361461
0.000323143
0.000127295
0.000154395
0.000464256
0.000328626
0.000211465
0.000173579
0.000235455
0.000202024
0.000356566
0.00049886
0.000448756
0.000442038
0.000402656
0.000414246
0.000300918
0.000201909
0.000180091
0.000490884
0.000400824
0.000115119
0.000366814
0.000476656
0.000217479
0.000458354
0.000237951
0.000197053
0.000313573
0.000238526
0.000374304
0.000232784
0.000251309
0.000441265
0.000236823
0.000181698
0.000224046
0.00028326
0.000194404
0.000173074
0.000176333
0.000294402
0.00016644
0.00011904
0.000217167
0.000334711
0.000336745
0.00048073
0.000252312
0.000269097
0.000226191
0.000191331
0.000327831
0.000333941
0.000211246
0.000108479
0.00011892
0.000102415
0.000116436
0.000324439
0.000196622
0.000219023
0.00035341
0.00036135
0.000155003
0.00014413
190 144
62 310
287 308
320 390
269 0
323 200
464 277
292 290
107 134
142 87
345 188
178 374
321 212
184 25
118 329
420 111
189 135
219 246
12 31
118 246
470 74
472 14
123 471
241 336
81 289
99 102
359 34
398 35
246 399
242 467
199 233
268 20
426 413
77 451
500 44
114 63
312 270
379 234
267 428
446 198
384 118
159 391
219 348
267 125
304 115
443 353
164 171
24 168
500 497
25 194
468 163
361 418
137 296
439 345
244 464
437 30
100 4
324 16
342 332
117 172
112 131
442 389
66 48
282 323
261 268
402 107
21 78
316 223
26 126
103 50
192 322
438 148
23 124
152 4
423 3
87 98
194 177
315 238
54 392
41 321
161 151
489 221
472 184
170 78
172 95
229 242
125 157
194 189
48 336
167 327
72 354
486 200
223 278
484 417
399 158
122 469
218 122
321 365
120 247
464 196
