77
100
6
29 62 33 99 98 100
94 97 95 71 47 65
65 38 37 35 33 62
89 32 88 44 39 31
43 35 88 97 53 45
29 33 15 53 25 43
94 73 12 71 90 53
19 21 66 25 93 40
64 74 55 91 42 11
28 29 73 96 13 23
66 100 25 75 97 31
11 86 28 41 95 23
71 100 88 59 20 48
39 22 84 91 34 10
37 33 41 79 10 55
26 41 21 54 24 100
48 33 12 96 11 37
92 14 74 93 38 58
90 64 56 24 48 27
96 98 79 37 13 87
13 87 75 40 84 36
65 45 52 27 34 23
88 85 45 67 81 91
54 21 94 55 57 88
53 38 11 72 78 89
80 25 68 19 14 11
36 47 22 28 50 81
50 70 95 12 45 25
75 16 12 29 72 51
50 51 93 99 35 94
48 17 33 96 72 41
46 23 64 66 64 52
58 92 34 94 36 87
43 70 12 17 99 74
92 75 75 57 28 70
80 82 96 73 19 30
33 17 35 66 40 57
68 47 74 45 56 66
90 32 55 67 21 55
32 14 39 20 31 45
17 16 58 19 72 74
64 59 41 73 20 33
82 60 17 39 85 57
56 28 90 93 44 47
23 45 37 16 64 47
21 32 72 31 90 48
68 96 35 19 26 90
65 37 20 86 89 17
72 90 71 82 32 10
87 65 77 27 95 26
48 52 55 93 97 73
71 71 82 23 94 11
88 83 38 13 60 13
29 58 61 85 23 10
69 41 37 73 87 92
65 100 63 93 60 46
45 15 44 51 19 15
74 44 47 27 22 66
12 37 98 37 49 94
29 35 76 92 26 49
25 28 31 39 30 86
88 93 38 89 48 69
17 35 62 24 71 96
79 57 95 49 80 63
27 52 49 61 28 16
28 92 69 26 69 63
19 35 73 46 86 11
23 33 26 69 80 18
64 65 28 13 64 40
79 13 19 18 19 24
83 71 89 37 67 12
45 16 79 71 67 32
57 12 72 33 60 73
76 100 33 55 96 17
12 14 30 54 32 14
51 10 100 52 67 21
96 12 13 30 94 21
77 35 79 35 87 82
13 48 96 31 68 69
12 23 45 66 45 71
78 77 56 36 93 60
61 56 94 14 59 71
40 45 60 25 10 62
38 91 38 51 47 12
26 53 78 44 45 47
27 35 52 83 94 82
38 37 14 33 56 66
40 20 95 91 89 86
80 39 41 69 44 57
22 56 37 55 40 45
45 19 50 64 20 94
11 49 53 19 91 13
83 21 49 70 30 40
44 37 18 69 18 25
91 60 29 66 67 68
19 38 90 81 24 91
67 66 12 62 93 13
93 85 23 69 90 99
90 39 99 27 33 46
22 10 13 79 74 30
0.000408351
0.000286658
0.000234649
0.000444547
0.000419236
0.000105056
0.000267374
0.000302988
0.000341936
0.000319852
0.000374877
0.000285754
0.000198226
0.000332737
0.00041849
0.00021811
0.000136037
0.00037975
0.000284268
0.000251981
0.000331238
0.000389283
0.000437359
0.000386069
0.000395397
0.000387655
0.000130194
0.000340345
0.000484021
0.000159602
0.000204168
0.000487334
0.000459945
0.000159923
0.000180869
0.000180288
0.000427416
0.000366867
0.000443019
0.00021898
0.00031496
0.000258346
0.000258692
0.000156596
0.00014961
0.000336717
0.0003121
0.000457893
0.000455221
0.000114279
0.000197997
0.000331901
0.000105603
0.000450807
0.000391444
0.000247733
0.000320209
0.000222489
0.000206856
0.000161415
0.000116328
0.000304861
0.00048986
0.00030913
0.000199374
0.000173747
0.000162476
0.000261701
0.000106689
0.000110847
0.000498201
0.00021383
0.00015239
0.000272253
0.000390071
0.000118464
0.000112442
0.000210394
0.000457143
0.000181933
0.000190644
0.000279582
0.000306587
0.000448796
0.000254758
0.000275518
0.000342945
0.000385113
0.000247243
0.000492486
0.000403941
0.000202197
0.000220258
0.000365868
0.000338388
0.000448073
0.00023514
0.000345805
0.000177751
0.00039942
397 64
161 297
234 100
339 275
341 76
464 209
306 264
109 145
66 193
486 492
168 172
23 404
351 69
347 278
436 300
500 118
68 412
264 208
34 223
175 123
248 434
478 122
464 389
21 414
207 257
195 62
433 389
138 330
452 97
200 292
430 2
1 365
231 343
436 332
488 279
213 172
157 282
142 172
134 84
72 368
487 289
92 291
485 479
359 475
109 207
190 59
450 0
136 294
364 495
349 430
127 88
349 84
258 108
466 500
62 365
22 358
78 268
307 191
221 159
421 102
186 353
4 301
262 37
486 103
90 484
25 454
96 299
20 5
309 211
475 431
274 56
285 230
90 436
211 93
234 340
373 412
264 102
465 310
59 307
148 10
122 396
188 400
393 95
175 271
384 91
219 193
263 496
89 137
288 451
84 235
168 133
143 142
400 282
238 466
346 36
71 256
184 217
208 453
291 308
135 451
