74
100
6
45 11 82 74 80 55
35 33 73 10 46 48
73 88 85 33 57 26
26 57 19 82 49 14
62 79 33 80 80 79
52 39 14 16 25 24
35 46 20 63 46 37
43 68 40 95 17 26
46 15 68 95 76 74
69 24 21 68 42 95
18 64 53 98 26 30
42 23 30 45 42 63
94 100 34 47 20 70
93 94 95 12 86 52
71 81 84 92 99 75
98 91 38 27 35 61
33 39 27 59 37 84
13 39 28 95 56 92
54 23 15 88 68 53
57 56 48 56 20 29
82 35 13 100 41 96
98 95 53 99 31 57
55 34 23 12 96 54
47 26 24 72 41 88
52 76 63 67 37 92
63 66 11 50 51 13
19 73 65 22 41 29
75 16 73 10 38 35
75 70 19 74 16 86
28 90 91 47 67 98
80 50 95 29 51 40
37 66 37 73 97 42
21 87 27 83 87 24
11 87 90 87 80 36
65 94 98 68 66 63
92 75 45 40 63 95
11 49 69 33 33 52
67 51 65 79 91 94
81 91 64 10 17 22
66 51 30 77 15 84
13 73 23 83 89 93
44 52 33 70 61 31
60 75 35 49 31 42
33 60 19 37 30 61
36 76 71 28 95 55
12 16 100 10 42 64
82 38 57 57 51 45
56 41 50 41 88 11
13 38 50 75 29 19
73 78 12 46 40 60
52 70 68 84 33 82
72 55 26 94 60 24
11 64 48 16 89 15
34 80 83 19 63 54
62 80 71 74 90 66
81 33 12 62 92 64
57 38 97 97 68 48
89 34 30 98 82 61
52 59 15 69 20 57
54 27 42 53 47 36
32 29 43 13 38 64
69 21 76 34 59 66
27 40 30 29 59 20
13 22 13 74 94 30
28 82 95 93 92 26
44 46 59 31 63 37
25 91 80 43 46 86
95 38 68 91 26 42
11 69 100 97 70 55
92 92 59 39 11 29
71 27 30 74 69 91
72 40 78 58 93 39
37 90 81 61 25 48
70 35 70 73 32 42
92 10 14 90 24 96
34 16 16 73 29 85
21 44 29 20 64 71
19 96 56 38 67 90
97 87 34 19 51 15
24 30 47 75 42 78
27 19 76 20 89 86
22 69 47 11 27 99
47 46 26 95 96 48
62 31 87 67 51 88
65 41 82 17 37 42
18 94 14 65 63 95
77 12 49 69 98 54
52 85 66 17 72 40
58 50 20 13 93 89
77 46 54 83 88 38
85 49 68 70 55 26
24 77 60 41 66 58
15 56 21 96 39 75
98 31 47 77 66 93
87 51 85 64 19 14
53 15 93 37 61 74
82 86 45 96 98 22
84 81 57 71 55 34
38 57 36 86 57 15
83 99 89 43 31 21
0.000206154
0.000447077
0.000182187
0.000467477
0.000276154
0.000273931
0.000278956
0.000409627
0.0004197
0.000210193
0.000441715
0.000489254
0.000181413
0.000127778
0.000391467
0.000372471
0.000413505
0.00022575
0.000349809
0.000160744
0.000401136
0.000297517
0.000497905
0.000237816
0.000250214
0.000171637
0.000309374
0.000378774
0.000386601
0.000485941
0.000257024
0.000344183
0.000101583
0.000253273
0.000260861
0.000341509
0.000345829
0.00013648
0.00036558
0.000482967
0.00017185
0.000129859
0.000280089
0.000496266
0.000156211
0.000109701
0.000103003
0.000347708
0.000473772
0.000104011
0.000499236
0.000395799
0.000130232
0.000132404
0.000247848
0.000296338
0.000390139
0.000436735
0.000439563
0.000202059
0.000179248
0.000294347
0.000307839
0.000200028
0.000125327
0.000352032
0.000356576
0.000377076
0.000366456
0.000310519
0.000383148
0.000265309
0.000407151
0.000356437
0.000453117
0.000191943
0.000204591
0.000261547
0.000224369
0.000207441
0.00018816
0.000364043
0.000408505
0.000103743
0.00022815
0.000353275
0.000334272
0.000375086
0.000208618
0.000252907
0.000250408
0.000218774
0.0001706
0.000408774
0.000450113
0.000156659
0.000242566
0.000454204
0.000282939
0.000491125
240 387
214 420
255 240
69 71
69 384
187 41
99 294
246 384
265 81
484 309
350 202
110 395
18 150
373 433
294 355
76 447
65 227
52 322
80 439
466 449
289 45
229 476
387 369
278 27
239 194
292 322
139 481
139 287
197 87
378 214
296 11
48 283
470 6
195 73
495 126
29 290
130 0
114 292
82 1
303 91
359 280
96 472
400 245
447 9
153 104
55 333
121 214
127 69
130 366
398 470
362 21
305 212
18 305
8 7
467 349
86 123
105 243
393 408
412 63
207 135
460 96
3 447
399 204
181 188
156 331
43 182
242 440
302 404
203 294
26 442
179 472
93 114
416 252
426 117
372 64
0 316
484 386
332 290
78 189
155 115
43 344
408 351
121 82
365 239
129 79
276 182
327 173
422 417
153 221
48 102
239 183
126 329
436 213
194 315
225 290
84 130
189 144
119 210
83 278
293 51
