40
100
6
62 17 76 22 45 51
73 54 38 42 78 22
40 75 81 33 11 50
68 58 73 47 91 69
43 33 78 69 55 92
34 79 13 65 32 24
90 12 63 54 95 20
82 86 92 11 26 37
68 50 29 92 55 82
82 50 84 37 77 18
38 86 89 17 56 37
40 46 91 50 21 73
74 84 37 50 30 80
49 21 56 90 98 42
11 46 18 13 25 44
56 33 94 58 29 80
19 83 19 35 50 52
68 82 17 72 55 92
26 63 39 95 27 44
94 63 90 78 55 74
60 64 72 32 73 92
48 15 85 72 54 43
21 37 86 80 80 26
92 91 28 51 81 71
34 10 31 57 15 84
23 50 79 52 81 61
45 67 24 79 60 21
100 78 97 68 21 27
13 23 50 71 80 82
87 99 32 74 46 63
43 14 10 58 22 83
96 20 68 12 51 85
62 50 37 34 29 20
83 13 92 69 21 39
71 52 63 86 94 41
24 75 57 65 16 46
85 53 20 20 29 40
25 89 19 94 81 11
97 33 20 24 52 59
47 68 36 77 82 98
64 94 83 23 57 23
20 66 46 44 11 94
37 94 94 21 15 47
67 80 85 37 14 28
21 25 39 56 84 37
57 54 91 52 14 51
83 82 95 99 39 10
30 92 55 54 45 62
35 53 97 61 79 18
93 32 48 22 54 88
39 86 65 56 67 12
65 67 97 82 45 67
96 66 11 34 79 67
75 72 96 27 73 16
78 63 30 65 34 28
37 75 74 59 76 70
36 46 42 75 89 90
51 51 53 34 97 92
84 100 99 73 43 66
53 95 38 57 68 98
76 92 72 40 22 13
95 42 14 27 30 41
61 20 95 15 56 22
52 92 73 71 52 64
45 60 52 48 84 77
84 17 84 87 55 40
37 60 31 53 20 88
97 65 69 10 49 40
26 28 48 35 55 54
86 35 64 72 51 30
92 50 26 74 11 57
28 53 64 91 66 44
72 67 56 97 77 29
62 32 43 80 94 82
96 14 76 70 79 75
72 14 64 74 92 56
14 95 55 79 15 85
15 40 69 91 80 76
47 10 19 87 51 78
59 49 98 69 65 70
12 17 75 26 22 53
63 49 24 83 47 66
68 67 14 19 28 85
13 66 52 90 94 48
96 79 74 15 20 60
26 32 41 42 12 26
14 41 49 100 61 16
34 24 72 46 53 47
99 36 90 96 100 79
81 100 17 79 78 77
76 55 85 22 96 37
10 17 77 11 44 64
89 47 86 51 65 67
38 17 67 93 69 13
83 56 56 58 90 42
66 20 84 33 60 52
57 53 73 21 49 29
79 25 10 63 64 97
26 69 26 68 45 64
32 92 30 59 63 82
0.000460196
0.000268294
0.000430788
0.000343803
0.000361474
0.000308893
0.000382972
0.000332702
0.000393686
0.000262575
0.000191507
0.000109829
0.000443405
0.000423292
0.000403825
0.000395513
0.000359425
0.000331431
0.000228337
0.000149152
0.000168521
0.000424497
0.000400028
0.000309779
0.000211134
0.000418013
0.000388535
0.000316876
0.000474395
0.000352649
0.000473348
0.0001413
0.000202555
0.000425748
0.000290779
0.000462381
0.000242308
0.000356037
0.000351113
0.000460219
0.000160282
0.000294397
0.000315277
0.000201182
0.000470183
0.00026902
0.000158485
0.000168925
0.00035743
0.000444214
0.000104484
0.000126616
0.000102897
0.000421424
0.000279467
0.00028225
0.000124468
0.000110391
0.000384415
0.000369205
0.000391777
0.000167916
0.000116706
0.000413489
0.000100427
0.000461136
0.000374217
0.00041749
0.000280974
0.000293952
0.000380339
0.000392463
0.000378011
0.000443853
0.000188793
0.000319589
0.000200283
0.000170691
0.000414793
0.0002413
0.000485657
0.000129521
0.000460574
0.000155239
0.000406947
0.000496172
0.000179766
0.000472808
0.000196665
0.000453752
0.000452583
0.000158902
0.000209325
0.000328784
0.000320757
0.000198371
0.000395824
0.000115377
0.000462577
0.000438194
416 45
117 271
33 216
122 102
125 294
204 306
316 293
203 283
239 337
399 157
163 126
301 396
123 368
483 205
409 104
272 289
162 484
314 372
16 423
157 0
450 419
99 338
253 494
174 335
93 356
179 129
368 390
496 229
262 282
400 36
200 371
145 416
366 159
222 283
110 9
336 410
64 250
184 243
123 47
124 273
296 467
95 1
169 388
402 238
353 488
80 335
398 297
437 155
276 46
388 238
388 197
443 313
51 445
316 7
18 149
18 109
260 101
483 169
1 73
247 364
358 69
244 99
262 317
488 112
380 236
214 392
448 20
36 50
160 352
271 495
46 37
25 368
309 382
341 374
401 47
320 478
314 196
352 428
149 350
270 416
417 329
325 338
165 365
410 328
468 218
81 407
164 125
180 43
173 177
168 157
71 240
405 266
89 117
223 306
181 373
270 35
171 313
431 224
283 69
493 202
