14
100
6
81 62 86 13 89 32
17 38 53 90 30 81
26 22 53 55 37 47
44 41 92 69 15 87
23 43 90 62 12 14
24 89 32 43 95 59
66 70 52 14 67 29
33 10 30 27 42 38
22 95 42 38 86 76
46 98 53 81 46 57
85 93 92 13 59 69
41 76 77 48 72 73
60 86 14 100 59 15
92 77 27 58 63 61
40 95 53 95 100 35
64 49 68 78 88 54
95 18 20 62 60 63
44 77 32 58 73 97
34 96 99 18 83 46
61 18 79 47 56 52
33 21 91 88 20 92
93 52 27 33 64 45
17 18 48 91 57 10
60 72 37 75 23 95
39 17 79 60 80 80
38 71 25 75 43 68
16 48 43 21 78 63
59 30 89 79 98 100
28 55 81 97 79 74
100 81 88 56 99 75
26 18 79 63 80 50
72 78 96 46 98 87
80 83 22 90 79 92
37 27 92 28 81 64
25 85 74 100 69 89
28 12 73 67 65 52
34 47 13 71 18 29
26 73 88 89 55 30
25 83 95 99 33 27
64 12 51 13 100 62
30 22 95 82 13 68
41 95 25 43 62 60
72 13 43 38 78 99
71 19 87 55 68 86
11 42 94 13 45 84
32 84 26 30 76 87
42 31 69 63 81 90
63 64 83 76 76 93
66 36 69 38 55 46
100 21 85 48 81 23
15 20 25 21 91 48
38 79 88 84 77 64
77 42 58 29 69 17
94 22 88 100 80 46
51 57 37 31 95 31
38 78 77 59 61 16
79 52 50 90 98 84
45 29 28 58 55 62
65 67 84 62 17 36
31 54 24 47 14 79
41 46 51 99 86 85
52 43 100 29 67 74
19 10 31 10 68 81
53 51 32 84 30 37
48 90 18 21 30 100
74 54 12 20 42 41
76 68 77 19 66 74
28 36 57 15 12 64
11 10 89 87 65 88
75 77 55 38 43 22
25 53 72 40 54 83
71 44 29 99 75 16
15 96 28 46 67 58
79 56 22 96 34 48
56 72 81 53 34 47
15 77 28 57 48 17
94 81 72 29 81 93
42 65 16 34 49 70
22 78 71 30 64 77
24 31 87 95 38 23
88 72 34 40 23 34
57 60 54 56 67 26
68 41 18 12 27 58
91 75 22 43 79 62
75 22 39 88 81 50
31 11 53 55 23 52
35 98 52 98 84 84
100 22 45 67 48 54
16 59 80 50 19 65
92 14 12 48 17 48
40 34 57 58 90 54
53 65 71 75 88 42
75 41 70 38 51 47
26 92 90 73 12 17
73 27 54 100 93 78
47 97 48 25 79 99
10 46 45 90 46 46
40 99 58 24 71 92
21 28 67 28 74 21
12 44 17 59 95 27
0.000444821
0.000141783
0.000221972
0.000151465
0.00049757
0.000142862
0.000139746
0.000460589
0.00011388
0.000495099
0.000341782
0.000235148
0.000452042
0.000127385
0.000307813
0.000398846
0.000497196
0.000493334
0.00045292
0.000100911
0.000375202
0.000204533
0.000392003
0.000150835
0.000164677
0.000491791
0.000257456
0.000469958
0.000400698
0.00032138
0.000350046
0.000229878
0.00046716
0.00035
0.000433383
0.000410681
0.000305173
0.00013262
0.00037898
0.000172669
0.000394458
0.000191024
0.000216984
0.000441532
0.000469561
0.000245488
0.000409555
0.000392045
0.000237271
0.000196633
0.000441145
0.000333865
0.000382748
0.000172651
0.000174345
0.000431164
0.000456054
0.000200686
0.000196509
0.000307781
0.000384204
0.00010639
0.000115214
0.000108859
0.000173672
0.000148156
0.000416404
0.000250774
0.000309885
0.00013571
0.000497469
0.000278891
0.000470815
0.000124772
0.00027818
0.000402175
0.000108396
0.000285447
0.000363885
0.000100852
0.000375395
0.000168335
0.000413279
0.00019173
0.000144299
0.000420516
0.000269344
0.00027824
0.000248998
0.000262919
0.000277213
0.000173216
0.000350758
0.000219431
0.000119426
0.000103968
0.00020884
0.000348361
0.0001473
0.000132985
157 425
305 103
292 459
37 141
492 359
396 137
120 250
439 70
493 291
389 463
14 363
445 387
396 43
383 63
59 327
238 155
69 238
68 478
73 453
276 194
35 155
370 95
406 493
185 445
262 334
261 394
212 334
198 43
52 94
326 458
377 83
382 283
242 58
252 228
447 419
180 19
20 204
236 187
480 187
420 372
284 74
294 399
491 66
300 28
20 94
41 431
464 223
350 1
35 136
295 301
409 204
248 424
162 123
99 493
322 55
381 317
443 25
89 125
248 370
51 75
23 269
405 222
240 293
251 367
145 429
339 499
341 1
477 362
307 411
457 303
107 497
395 9
249 283
282 161
26 346
307 385
193 53
472 72
209 92
355 118
385 226
195 243
426 266
64 301
111 180
82 199
382 294
151 128
197 61
18 267
146 108
77 218
215 394
98 128
40 419
351 208
157 329
438 495
274 338
315 240
