71
100
6
23 79 69 65 75 15
88 29 48 32 87 87
85 43 52 33 33 65
92 73 83 36 100 78
11 73 74 77 72 73
68 73 69 75 42 71
33 81 57 40 75 38
82 80 65 45 13 24
49 70 46 37 42 18
51 74 80 85 58 19
56 19 18 91 61 68
97 42 23 19 97 46
43 94 41 13 93 87
95 29 40 50 20 74
30 47 86 11 50 37
24 61 20 32 34 88
86 54 57 57 86 85
89 24 69 100 98 61
46 10 92 78 87 19
82 32 73 69 84 66
60 55 24 86 49 38
72 53 90 80 72 89
92 91 96 65 39 44
84 78 32 85 29 86
51 59 65 38 36 36
94 78 94 84 10 49
74 18 23 23 93 97
71 99 12 21 23 64
42 42 33 24 97 61
14 66 36 60 10 40
39 82 15 53 18 98
93 22 35 64 52 63
100 53 97 16 64 64
60 61 61 13 92 70
43 58 33 29 34 24
90 61 37 30 50 100
41 31 96 87 61 18
68 81 92 19 68 72
65 20 38 24 14 86
83 56 57 53 98 66
54 63 29 51 94 41
31 96 19 67 92 92
14 40 55 68 96 95
27 87 89 65 19 100
92 20 70 27 94 72
81 94 64 99 88 59
14 14 82 57 61 17
57 23 46 72 13 10
31 81 42 14 13 32
32 83 22 21 42 75
62 80 74 75 30 78
81 67 26 60 25 44
23 18 56 58 42 72
60 92 57 94 84 62
84 47 12 79 87 64
59 87 62 83 76 40
68 70 26 95 85 39
29 40 28 29 23 27
57 75 98 86 73 32
23 85 36 55 64 86
63 18 93 26 56 90
73 78 29 35 97 52
93 65 46 77 47 13
20 29 100 33 17 85
64 99 65 20 57 96
82 73 21 71 50 87
95 29 30 71 90 40
17 85 62 51 49 65
74 25 83 49 14 95
84 28 71 25 84 72
19 90 47 72 15 63
50 22 86 83 19 17
99 88 64 54 32 50
37 32 19 87 82 91
29 11 85 77 34 39
35 77 61 79 12 70
51 87 37 33 16 84
78 62 54 41 75 89
44 88 42 77 11 84
23 17 53 95 56 51
11 58 84 19 34 82
88 97 33 19 81 35
100 82 57 53 30 10
21 57 84 52 63 91
54 99 71 53 33 10
66 83 30 56 82 86
80 23 18 31 39 15
67 95 66 32 19 63
91 48 46 42 58 34
46 13 85 29 100 27
69 43 28 34 33 70
14 32 31 44 44 88
62 43 42 46 20 66
65 18 95 37 48 53
14 20 50 32 38 73
89 75 73 33 16 20
50 78 42 61 21 14
100 23 86 28 49 92
33 96 24 61 41 71
65 88 96 79 31 98
0.000126242
0.000370173
0.000467176
0.000204013
0.000216373
0.000435271
0.000457181
0.000418484
0.000314902
0.000418967
0.000288944
0.000306021
0.000474857
0.000229456
0.000445433
0.000210256
0.000302603
0.0004391
0.000328622
0.00035664
0.000474185
0.000476306
0.000493801
0.000265032
0.000363079
0.000488614
0.000280389
0.00011343
0.000264698
0.000250967
0.000187392
0.000144937
0.000490217
0.000308901
0.00012597
0.000140186
0.00041921
0.000244757
0.000471549
0.000134814
0.000394302
0.000461758
0.000286186
0.000328255
0.000320884
0.000120332
0.000430468
0.000462583
0.000272744
0.000266888
0.000169714
0.000457097
0.000325169
0.000335587
0.000462055
0.000299883
0.000307948
0.000289017
0.000445453
0.000107458
0.000364904
0.000428855
0.000219422
0.000425226
0.000324936
0.000459358
0.000424627
0.000478261
0.000271549
0.000179739
0.00045321
0.000431779
0.000396019
0.000374911
0.000437374
0.000486009
0.000246602
0.00042396
0.000497363
0.000156786
0.000306217
0.000190752
0.000105315
0.000206434
0.000246279
0.000291552
0.000255052
0.000130562
0.000398457
0.000256811
0.000467167
0.000314096
0.000460983
0.000182187
0.000438054
0.00036695
0.000393651
0.000386142
0.000196415
0.000126188
323 121
4 48
326 313
487 260
464 266
92 53
253 387
453 60
322 448
366 71
56 139
192 487
71 486
461 186
148 314
251 358
79 311
471 19
486 473
350 384
213 324
217 400
32 490
500 179
413 455
435 191
335 182
81 160
334 139
325 90
176 332
400 362
173 31
198 410
138 488
78 193
150 208
132 238
469 431
188 207
72 421
221 66
65 303
21 345
393 468
427 254
232 197
217 371
278 57
109 6
309 79
144 151
233 86
500 378
247 56
474 381
107 129
93 126
186 261
424 103
132 409
113 311
221 138
346 426
298 317
54 288
68 249
117 147
413 364
145 64
203 215
31 465
170 496
391 464
80 443
177 293
328 225
349 452
86 443
132 452
434 48
102 462
476 78
480 32
287 158
214 229
298 250
229 220
340 83
225 325
36 13
96 167
171 307
13 199
485 374
368 489
67 407
139 243
268 458
73 48
