12
100
6
22 84 33 82 71 79
28 19 71 25 50 91
46 17 79 96 36 54
11 80 42 74 34 84
80 29 29 84 43 64
96 12 22 18 54 60
13 46 57 63 51 92
66 20 39 66 34 85
25 38 51 82 35 79
30 44 73 37 22 82
41 62 89 89 48 80
35 29 49 19 34 63
24 24 31 31 63 88
98 20 29 73 10 72
54 80 74 44 57 16
27 97 22 12 10 48
63 55 83 13 83 62
89 97 50 64 46 99
95 65 17 85 44 67
23 44 20 47 23 81
11 36 34 70 18 16
52 18 93 75 15 85
97 66 60 12 63 73
52 69 12 64 80 49
45 45 59 71 94 99
96 51 92 50 56 31
55 46 17 96 11 67
22 57 38 36 30 18
20 23 44 63 20 56
75 69 86 75 57 24
90 92 50 74 80 71
11 10 50 94 20 44
80 99 70 89 42 88
72 62 10 81 82 43
46 18 86 52 57 23
78 15 84 50 73 99
45 57 93 21 88 53
41 25 28 40 85 31
51 94 82 47 13 98
100 92 71 86 79 76
59 86 42 41 60 62
26 29 71 17 49 65
55 85 36 58 12 25
40 11 88 60 86 90
98 38 97 25 95 27
97 28 78 40 20 52
42 82 64 11 79 97
49 52 11 35 21 62
30 23 14 28 22 99
94 15 68 80 84 11
66 58 36 36 14 40
76 93 26 38 95 21
16 53 95 29 78 10
27 31 69 23 25 94
95 93 15 97 35 57
26 92 91 70 44 46
67 59 71 44 49 57
33 44 49 17 91 75
62 38 69 51 61 36
28 21 17 91 29 78
37 82 83 11 14 86
71 36 55 68 17 35
76 47 20 96 55 11
69 94 66 77 65 54
50 26 28 47 51 97
93 35 30 97 33 41
55 12 98 78 80 69
90 21 92 69 31 65
71 75 90 22 47 72
11 27 26 41 48 23
52 28 18 18 17 81
45 84 20 46 69 18
13 16 16 54 44 18
90 26 32 68 68 72
50 14 98 10 81 85
88 35 35 94 63 83
66 69 34 16 99 89
10 72 62 27 54 65
80 91 64 58 20 22
50 63 84 75 29 72
28 62 56 49 52 46
20 65 46 12 38 71
25 20 92 82 48 50
89 44 58 56 45 69
66 36 62 24 62 93
63 37 75 77 98 90
88 36 84 26 68 74
93 61 15 74 73 38
75 30 47 41 17 26
57 34 89 58 89 33
85 16 93 78 35 88
97 23 84 57 16 82
19 96 16 90 18 18
53 19 60 24 72 27
12 78 37 96 94 31
85 39 57 59 71 20
80 61 54 58 93 20
92 11 64 41 22 69
91 40 39 86 97 21
99 20 23 84 54 92
0.000477208
0.000482811
0.000426505
0.000449212
0.000118153
0.000293588
0.000263438
0.00027077
0.000403601
0.000144247
0.000117938
0.000180491
0.000151366
0.000104229
0.000422291
0.000129285
0.000364894
0.000369515
0.000422024
0.000231444
0.000455284
0.000320702
0.000316696
0.000318014
0.000323112
0.000138208
0.000288115
0.000202934
0.000350715
0.000270599
0.000232759
0.000392583
0.000211919
0.000234662
0.000306206
0.000294141
0.000496608
0.000491629
0.000489458
0.000360787
0.000295841
0.000488322
0.000420848
0.000487977
0.00016173
0.000465794
0.000407692
0.000441809
0.000155434
0.000376895
0.000215659
0.000379704
0.00015421
0.000420251
0.000162675
0.000243874
0.000131081
0.00046046
0.000160294
0.000129445
0.000365604
0.000476879
0.000381854
0.000360251
0.000253619
0.000162593
0.000492994
0.000203922
0.000292217
0.000200856
0.000106492
0.000401436
0.000110898
0.000336336
0.0004886
0.00047991
0.000105491
0.000335135
0.000498263
0.000437743
0.000347802
0.000476572
0.000257458
0.000312056
0.000265247
0.000259291
0.000169211
0.000125029
0.000182422
0.000148196
0.000248021
0.000484643
0.000125046
0.000193765
0.00044577
0.000282778
0.000414266
0.000229292
0.000256863
0.000157516
498 476
155 19
382 99
306 34
256 26
192 266
184 333
221 425
350 286
154 177
180 5
473 493
149 454
280 308
249 260
200 97
241 188
114 480
402 64
333 480
30 6
16 239
174 203
452 40
164 277
485 153
233 143
419 487
266 30
105 11
222 122
424 250
324 326
364 269
40 326
254 166
81 240
27 181
434 369
429 480
205 322
385 480
438 230
411 154
479 490
370 418
10 255
17 233
221 432
451 153
360 82
145 309
59 34
441 81
366 235
409 122
57 114
428 302
456 112
328 283
420 469
18 210
61 350
122 170
311 336
25 304
356 482
292 299
260 260
170 231
20 466
32 416
268 317
499 310
196 124
454 384
221 391
85 419
207 457
217 482
360 227
26 291
346 351
411 131
30 404
442 293
137 303
218 456
366 189
256 7
70 237
148 388
247 383
441 79
361 367
449 275
151 94
190 167
167 172
101 369
