59
100
6
59 13 91 75 97 95
63 61 96 98 30 26
79 35 35 32 48 33
100 23 61 87 14 38
51 95 62 25 88 66
21 72 42 97 26 100
93 64 17 13 28 58
52 94 40 62 44 70
37 89 82 67 30 79
99 99 69 96 55 45
32 66 36 96 83 11
37 35 64 37 61 10
88 39 44 54 58 81
61 49 91 61 49 17
52 29 70 18 17 41
86 78 27 38 60 90
19 48 26 89 80 62
93 34 54 16 29 15
84 75 61 47 94 67
60 15 53 99 62 68
51 76 100 67 77 85
70 96 11 29 49 71
47 18 39 12 42 46
18 70 92 25 46 37
56 43 48 12 80 42
80 50 30 42 32 18
88 58 22 47 97 38
27 11 21 61 11 51
92 62 87 48 85 35
29 42 68 100 86 66
18 20 36 37 31 78
85 16 39 70 12 83
62 47 47 89 42 71
93 70 88 12 47 55
66 35 90 81 82 72
20 90 47 76 12 34
10 97 21 100 84 49
99 74 61 16 27 97
37 48 70 57 67 29
28 58 65 76 34 87
74 94 21 56 38 42
59 16 65 10 79 27
94 34 72 96 72 19
89 81 20 83 75 89
29 77 52 19 85 23
41 100 48 57 78 85
99 81 69 30 13 67
69 47 76 43 22 91
31 77 97 15 69 40
33 75 33 55 43 86
47 62 99 70 72 42
52 12 33 47 78 86
15 61 44 75 53 88
53 35 36 26 49 46
22 72 76 60 93 83
53 24 18 27 79 82
81 94 82 57 57 74
58 14 81 99 75 15
30 96 63 98 64 68
21 31 42 93 85 43
14 78 45 75 28 64
50 58 92 93 73 71
11 43 41 97 87 54
61 10 15 76 62 93
41 59 80 95 48 57
85 63 35 79 99 76
48 81 35 74 20 35
22 77 98 83 19 87
50 67 57 67 44 73
63 53 75 15 26 71
86 43 82 89 17 12
95 89 41 66 16 48
19 22 42 84 60 72
75 33 85 10 65 32
68 60 100 16 52 70
41 68 88 48 16 65
39 94 36 96 67 84
74 42 13 27 83 53
63 54 35 65 78 74
61 32 15 37 24 33
79 69 55 20 85 81
31 45 83 25 72 63
32 37 66 32 62 86
63 24 20 43 91 68
70 28 71 76 34 43
42 18 12 99 83 76
62 78 90 98 100 26
61 13 20 98 10 81
23 31 54 64 55 56
84 63 85 40 63 24
91 89 67 50 75 85
64 70 28 75 45 79
75 11 37 28 27 18
93 69 75 63 11 46
58 26 15 51 29 89
46 37 62 72 85 81
70 26 93 44 59 59
53 80 87 42 89 29
17 42 64 92 15 78
36 45 23 55 77 99
0.000129718
0.000166432
0.000255713
0.000318972
0.000461662
0.000371063
0.00035552
0.00025472
0.000305076
0.000276594
0.000216833
0.000295012
0.00041503
0.000256131
0.000304842
0.000418463
0.000263627
0.000350193
0.000114473
0.000430497
0.000461197
0.000105059
0.000468569
0.000415316
0.00025229
0.000377465
0.000491945
0.000136653
0.000285152
0.000459033
0.000252282
0.000304202
0.00042585
0.000139835
0.00027389
0.000318093
0.000480262
0.000241847
0.000447143
0.000269384
0.000248193
0.000173045
0.000314765
0.000384824
0.000246007
0.000186889
0.000144179
0.000268293
0.000385366
0.000439227
0.000338193
0.000389861
0.00030893
0.000287665
0.000321579
0.000222869
0.000281258
0.000407589
0.000265596
0.000145465
0.000398362
0.000432362
0.000308948
0.000183174
0.000121384
0.000116039
0.000456162
0.000157153
0.000482918
0.00043669
0.000476056
0.000124783
0.000299668
0.000308069
0.000453878
0.000202679
0.000220161
0.0001853
0.000184433
0.0003979
0.000273147
0.000474967
0.000372064
0.00033436
0.000177207
0.000351071
0.000232748
0.000454561
0.000359793
0.000445237
0.000135603
0.000387927
0.000454639
0.000226731
0.000139326
0.000101739
0.000291342
0.000208492
0.000367286
0.000494056
330 278
461 264
398 124
329 130
403 287
458 143
382 291
2 318
306 181
194 500
251 263
170 126
103 39
64 128
353 251
333 255
168 4
20 178
366 254
283 172
186 130
60 390
111 118
395 168
352 4
496 164
8 330
398 193
445 51
9 110
272 421
153 477
45 381
68 59
360 49
185 405
313 186
295 44
457 388
130 17
159 393
204 451
99 268
363 10
104 394
77 231
279 13
443 82
158 202
182 352
64 8
146 242
79 232
88 121
302 26
91 451
207 139
479 94
83 472
298 54
357 218
260 422
42 107
154 105
282 126
48 480
168 61
196 284
482 211
9 437
349 444
231 23
81 194
430 97
424 339
128 128
429 462
118 495
472 360
69 446
267 29
61 232
187 172
173 467
490 227
377 468
113 221
117 95
47 176
495 156
122 118
485 55
314 229
375 147
419 30
439 455
410 487
29 461
371 396
262 305
