68
100
6
98 61 12 56 84 65
55 90 36 66 43 100
65 67 62 43 26 24
79 56 99 98 34 89
64 69 80 30 58 17
60 28 63 67 37 16
76 29 89 23 78 15
41 36 32 88 67 53
72 32 20 51 33 35
43 58 73 84 16 69
39 90 43 81 29 99
59 61 70 84 53 59
16 54 75 44 94 21
32 62 55 46 27 16
65 70 18 81 11 75
19 12 16 80 81 46
53 80 36 48 48 91
48 97 77 18 21 69
89 62 77 79 92 53
29 19 58 82 72 30
88 44 32 60 70 26
11 10 27 80 67 20
68 78 32 30 43 59
85 87 26 49 48 59
25 17 63 43 98 92
15 19 18 66 77 96
65 73 84 40 93 14
22 17 75 32 13 53
14 84 69 70 83 73
63 24 32 96 95 13
74 51 91 80 81 41
80 42 45 42 13 60
96 40 65 61 25 19
40 45 69 74 75 89
82 57 58 91 76 26
72 58 75 56 82 56
43 59 18 49 29 37
55 30 17 46 77 47
80 50 59 96 40 88
64 65 78 79 48 15
62 83 33 99 62 98
27 49 39 25 93 91
28 95 16 36 64 59
55 25 29 34 57 100
98 95 38 70 27 77
24 18 87 20 72 25
94 68 62 92 80 99
81 15 73 42 32 61
54 17 96 78 95 12
76 22 26 34 90 99
70 55 50 56 92 48
35 14 79 33 85 47
35 75 93 28 51 90
81 31 42 53 86 44
88 45 43 70 92 29
69 88 93 79 61 47
26 76 19 53 58 35
12 36 20 48 70 49
79 63 56 46 41 44
15 89 39 33 21 100
32 44 95 20 65 34
76 99 53 46 89 83
74 82 71 89 30 67
23 78 62 13 12 36
15 84 27 47 76 77
22 24 83 28 20 68
75 40 14 12 47 41
98 27 34 16 26 28
45 60 32 56 80 29
18 99 67 87 31 90
87 81 69 65 99 78
95 18 92 41 54 54
10 60 80 75 96 45
22 62 60 26 97 80
97 50 10 55 36 43
58 30 44 65 80 23
74 95 62 36 45 12
33 69 63 63 21 16
11 70 56 53 54 74
64 59 94 79 64 63
40 98 12 53 55 28
63 33 28 18 12 37
41 89 38 42 15 47
97 19 32 63 15 53
93 39 52 64 27 90
60 38 45 85 63 16
94 59 67 86 24 69
20 90 12 94 29 28
50 70 19 99 27 26
66 82 35 44 91 73
29 32 68 86 94 92
65 83 84 97 71 54
97 98 90 62 37 50
47 32 79 21 24 74
34 84 28 61 20 12
77 83 44 45 91 67
89 23 77 32 45 94
74 39 83 82 96 50
56 97 98 70 26 73
27 88 55 75 11 79
0.000166344
0.000419935
0.000220122
0.000407222
0.000148077
0.000459464
0.000373328
0.000180045
0.00049693
0.000260796
0.000119808
0.000100031
0.000410997
0.000341917
0.000433543
0.000405644
0.00045575
0.000217488
0.000422101
0.000309178
0.000269398
0.000241322
0.000312772
0.000253913
0.000213588
0.000139173
0.000182169
0.000298067
0.000160245
0.00015877
0.000329921
0.00029607
0.000462744
0.000409822
0.000269082
0.000229425
0.000497049
0.000468495
0.000200645
0.000476245
0.000124379
0.000458999
0.000232757
0.000470963
0.000456888
0.00040764
0.000378234
0.000244345
0.000105616
0.000262895
0.000371368
0.000181144
0.000284591
0.000419002
0.000302666
0.000163772
0.000206151
0.000444724
0.000314045
0.000132574
0.000218472
0.000152189
0.000152949
0.000229653
0.000290098
0.000329239
0.000212128
0.000399187
0.0002285
0.000442017
0.00027089
0.000126402
0.000476768
0.000397921
0.000322585
0.000163931
0.00018824
0.000238856
0.000139247
0.000417513
0.00010818
0.000271793
0.000427861
0.000450008
0.000498464
0.000183272
0.000420202
0.000254248
0.000284495
0.000378652
0.000351941
0.000482707
0.00012527
0.000361229
0.000364462
0.000347672
0.000146091
0.000427634
0.000440662
0.000465269
429 313
426 202
161 259
39 398
296 212
86 183
124 31
14 229
363 412
262 99
53 134
174 99
331 324
204 273
302 446
245 240
107 63
435 493
220 375
109 329
275 396
352 119
149 168
100 168
135 176
4 273
476 14
95 369
335 241
419 89
388 178
261 487
467 57
415 412
71 165
460 52
239 28
312 482
401 177
255 416
138 87
37 298
107 222
215 276
319 82
261 407
418 456
143 130
12 179
142 402
375 249
447 98
101 56
362 212
176 1
439 302
352 341
372 418
55 184
464 357
412 273
489 34
146 388
312 39
86 127
210 464
200 54
235 303
165 343
394 70
380 306
101 363
247 230
188 361
357 60
234 130
325 93
392 459
10 66
268 420
304 368
403 200
77 470
215 182
312 193
367 297
226 405
170 393
375 0
58 277
289 300
203 342
378 207
142 82
72 82
317 170
425 327
483 396
242 262
146 79
