56
100
6
69 69 95 46 94 78
52 40 62 97 20 50
66 24 96 41 18 96
67 97 20 94 56 88
19 89 29 96 84 16
72 81 58 45 98 61
38 89 63 62 41 49
100 57 81 47 98 10
11 65 51 85 52 59
99 30 41 62 52 25
10 30 26 97 38 60
21 95 19 58 61 58
29 77 18 61 46 17
31 44 59 72 44 64
60 27 20 85 76 44
37 50 15 91 98 88
16 46 22 52 57 91
60 51 76 30 70 35
77 42 13 30 47 46
96 74 50 23 10 19
51 57 72 74 90 22
46 12 11 89 96 31
76 86 39 26 85 36
63 21 70 27 32 98
93 74 75 50 88 51
88 12 81 34 92 39
50 42 33 41 51 25
18 85 74 57 30 36
99 38 77 19 28 74
63 97 18 51 56 17
33 16 89 87 37 32
46 66 73 53 80 71
43 24 86 45 45 96
49 21 74 99 59 95
63 38 32 48 26 49
91 19 57 90 43 43
10 57 26 40 74 13
16 82 25 23 26 52
12 97 59 79 42 94
53 59 84 61 82 79
41 53 84 28 12 65
28 40 63 19 62 77
96 100 89 19 66 93
94 78 20 75 56 29
83 11 30 14 20 95
79 85 96 92 30 45
97 74 61 46 77 91
83 96 27 61 49 53
67 15 45 28 31 27
49 97 39 93 88 57
34 74 55 23 65 99
42 24 24 98 94 71
97 71 26 96 65 14
96 27 82 10 16 12
83 66 68 67 10 12
69 26 90 74 12 93
88 67 47 75 20 10
83 40 36 49 40 88
53 80 66 73 51 74
96 58 79 100 42 66
98 93 64 42 48 35
15 47 68 81 73 37
35 80 14 79 12 27
28 54 66 32 61 42
27 13 26 27 95 83
68 31 14 73 10 77
68 99 92 45 95 26
10 87 82 78 84 12
46 80 58 85 35 25
77 10 49 74 100 35
45 11 30 24 70 40
19 24 79 29 34 58
20 48 94 47 93 32
61 66 11 29 70 56
82 76 63 53 56 54
36 85 22 91 85 40
25 29 10 97 55 27
54 19 23 82 10 82
77 91 51 26 16 52
49 84 15 67 23 16
65 37 25 51 70 47
81 70 78 67 71 74
90 14 10 48 25 69
22 71 55 10 49 93
10 75 94 89 43 65
45 55 28 48 80 28
68 52 97 29 68 93
66 74 73 83 56 46
85 65 48 85 90 72
93 86 78 50 79 54
15 27 53 10 29 61
76 100 33 84 91 22
21 14 29 73 62 59
78 60 60 89 14 30
81 63 76 44 18 17
70 45 40 81 94 53
78 65 44 90 32 80
85 92 62 57 32 57
15 16 18 41 19 69
69 72 54 52 23 56
0.000386478
0.000453528
0.000187983
0.000277984
0.000265666
0.000313441
0.000474817
0.000277642
0.000418063
0.000267662
0.000492551
0.000377053
0.000405008
0.00023485
0.000453623
0.000454279
0.000406126
0.000405799
0.000263843
0.000120604
0.000210846
0.000491115
0.000375098
0.000278544
0.000498671
0.000335281
0.000433373
0.00039812
0.000161119
0.000112334
0.000299668
0.000244586
0.000141408
0.000335399
0.000263
0.000178305
0.000265639
0.000334381
0.000344046
0.00017135
0.00024459
0.000183595
0.000408153
0.000154011
0.000271014
0.00031579
0.000127694
0.000383484
0.000261359
0.000264072
0.000367075
0.000267978
0.000465034
0.000460397
0.000442452
0.000208736
0.00036922
0.000411432
0.000217127
0.000312618
0.000417894
0.000160679
0.00010458
0.000340523
0.000155993
0.000363223
0.000266871
0.000229914
0.000370935
0.000260398
0.000308214
0.000304504
0.000156288
0.000211941
0.000331584
0.00044873
0.000393167
0.000473572
0.000249895
0.000398043
0.000285509
0.000144859
0.000143495
0.000243758
0.00043708
0.000205991
0.000132392
0.000392488
0.000226616
0.000108545
0.000357051
0.000176392
0.000466475
0.000205315
0.000264854
0.000285533
0.000354931
0.000231932
0.000117622
0.000161062
433 15
399 108
481 239
392 39
145 267
199 423
114 449
39 276
419 273
204 357
444 478
19 296
115 405
313 310
166 6
78 181
224 438
39 307
388 78
461 442
453 350
322 189
152 458
243 291
253 187
416 321
235 251
206 230
92 124
118 440
279 99
434 403
443 484
332 287
225 361
157 256
420 153
303 91
9 15
262 332
242 119
45 340
45 113
249 464
295 163
113 114
194 219
406 302
466 245
408 3
436 152
187 448
79 123
136 283
190 215
313 468
194 162
153 348
150 357
249 431
117 211
373 288
430 41
222 364
345 111
340 43
287 57
435 74
452 78
177 341
366 88
63 451
72 232
189 66
331 461
479 252
349 95
437 453
485 256
198 332
214 303
337 297
238 204
458 412
191 68
391 388
181 495
2 274
21 151
268 175
16 181
466 308
57 491
241 450
21 370
326 53
122 205
19 37
477 158
376 9
