67
100
6
74 84 67 83 91 38
19 57 21 64 25 41
56 61 54 68 21 95
87 34 97 54 87 69
94 79 45 27 93 20
87 33 39 49 63 34
73 28 25 73 96 92
17 46 54 70 53 37
62 19 29 24 31 66
76 29 40 17 45 63
62 22 92 24 100 53
42 61 66 74 70 100
36 66 35 48 10 35
14 65 70 50 85 65
95 73 68 14 97 51
57 73 10 89 69 26
53 19 29 20 81 96
69 22 35 63 39 73
83 57 11 98 14 19
12 96 56 74 15 36
64 74 67 11 82 48
44 100 21 82 59 55
14 73 21 42 30 34
99 52 98 97 80 79
52 62 73 74 79 78
88 15 73 90 21 78
89 100 89 94 53 76
27 34 50 52 88 93
88 45 92 44 27 60
54 49 22 59 16 56
62 57 34 16 57 67
45 15 38 29 48 32
81 70 11 23 24 63
51 77 100 31 49 29
98 95 35 20 50 31
56 36 26 61 27 74
24 83 50 48 35 55
84 50 86 37 45 17
54 46 51 60 54 25
53 73 14 25 17 78
15 80 64 17 55 68
40 35 78 14 13 16
81 64 28 61 86 49
78 70 77 54 86 69
79 62 85 28 93 84
31 51 90 66 73 77
24 97 51 45 95 62
89 72 33 32 35 49
98 60 53 19 93 20
20 93 55 25 38 20
60 65 23 14 18 95
73 43 76 11 86 75
17 58 12 73 57 14
93 18 96 25 54 18
26 48 47 38 13 31
80 29 49 86 40 77
14 60 20 26 50 96
76 55 95 42 97 90
31 24 62 35 41 19
16 67 68 68 39 26
98 66 91 58 19 80
98 56 89 37 34 80
88 40 42 77 83 81
22 27 68 87 67 16
55 99 65 98 19 97
49 83 27 80 50 72
98 65 30 86 85 74
31 39 25 98 11 28
63 46 24 86 86 42
26 19 91 10 74 47
36 84 45 69 24 35
50 90 99 75 78 100
80 86 33 56 16 44
34 39 74 63 91 13
55 74 35 82 46 81
18 32 45 16 73 20
94 91 37 59 44 47
96 29 59 78 10 28
46 28 66 88 48 91
98 42 78 100 47 85
63 91 57 11 56 28
63 60 79 40 13 11
15 42 41 73 57 33
36 74 55 17 25 10
34 20 89 86 25 52
14 66 34 48 12 39
46 50 61 71 19 61
49 14 69 82 31 14
67 93 19 66 13 17
62 46 54 93 45 45
58 74 48 53 20 32
59 100 37 94 92 82
26 75 98 48 50 79
55 78 32 63 66 69
100 76 75 86 55 25
65 69 92 62 21 85
72 18 69 63 34 32
32 13 47 44 97 69
57 44 58 53 88 94
75 98 79 98 99 48
0.000227579
0.000268419
0.000461615
0.000127339
0.00013367
0.000399015
0.000390009
0.000214393
0.000417142
0.000422256
0.000485101
0.000200196
0.000104925
0.000308721
0.000421111
0.000425932
0.000270118
0.000112287
0.000383424
0.000237431
0.000349579
0.00017536
0.000192464
0.000260573
0.000392303
0.0003948
0.000473967
0.000350183
0.000151906
0.000184112
0.000290879
0.000333012
0.000264764
0.000394295
0.000291516
0.000436827
0.000409643
0.000219919
0.000438371
0.00025401
0.000119339
0.000313992
0.000422529
0.00011338
0.000267414
0.000125265
0.000127492
0.000421651
0.000161512
0.000103523
0.000135038
0.000159646
0.000244444
0.000107516
0.000453293
0.000163774
0.00029185
0.00032696
0.000349184
0.000147018
0.000274643
0.000259477
0.000240939
0.000127855
0.000295632
0.000111069
0.000266647
0.000278702
0.000130272
0.000247024
0.000287589
0.00025254
0.00029467
0.000223175
0.000362379
0.000259558
0.000322109
0.000228883
0.000463321
0.000142081
0.000400164
0.000317559
0.000143787
0.000331891
0.000289725
0.000272614
0.000459036
0.000143118
0.000149694
0.000426348
0.000213404
0.000192708
0.000193612
0.000272318
0.000335376
0.0002034
0.000303669
0.000432221
0.00044599
0.000244531
240 452
147 320
172 344
397 158
240 443
6 207
313 386
74 297
78 156
86 6
133 62
138 264
356 470
500 191
301 86
393 98
46 227
81 288
260 318
78 401
439 427
217 425
1 262
328 405
245 285
8 263
253 435
75 413
360 133
256 185
173 59
191 426
336 352
434 40
134 425
439 225
39 494
473 229
111 353
1 227
379 194
434 302
497 296
115 127
99 419
178 403
390 280
71 325
117 196
164 248
433 394
397 230
38 169
60 107
247 309
327 236
23 201
449 434
410 101
417 284
385 164
73 208
122 246
269 429
322 481
425 25
443 390
12 491
61 279
35 362
387 362
249 232
423 184
57 20
392 160
222 366
48 59
178 22
120 35
431 252
71 266
222 375
216 57
434 108
222 105
171 387
363 237
235 70
151 76
66 28
369 369
188 28
136 9
144 97
372 359
7 103
480 280
252 325
331 209
20 368
