98
100
6
17 90 43 53 51 51
49 33 100 94 63 87
83 56 47 78 93 49
77 97 66 85 34 82
46 37 59 32 56 40
71 52 83 49 45 48
99 60 46 16 55 20
26 26 13 10 33 24
47 93 65 92 45 41
78 87 75 43 36 57
13 56 84 94 55 59
54 71 50 52 59 61
10 20 61 48 21 52
38 21 74 54 62 53
46 12 36 48 85 93
59 17 43 89 44 93
16 26 98 56 38 12
34 50 69 52 81 56
29 41 26 27 21 46
30 79 86 100 89 54
52 30 46 45 72 78
23 20 13 70 22 42
84 22 67 41 60 90
64 16 84 45 75 53
84 85 61 67 46 51
92 49 21 53 24 77
18 43 60 39 99 55
61 32 36 47 72 15
90 18 90 60 76 84
48 39 30 55 83 81
65 41 38 85 53 21
51 79 43 10 12 26
74 39 91 45 37 64
23 91 16 23 88 35
80 13 21 77 38 20
61 71 52 25 76 53
14 15 12 93 75 88
28 26 23 44 38 12
31 74 44 90 32 76
71 32 42 20 45 92
96 27 65 69 49 16
78 10 19 50 78 83
66 91 51 22 40 28
74 17 98 50 53 21
99 17 80 12 59 95
84 46 35 72 43 41
47 86 99 40 46 15
13 32 49 35 13 34
54 96 86 33 32 85
44 73 66 40 82 22
78 10 33 29 40 51
96 45 81 43 44 17
11 83 43 62 31 34
25 80 88 28 28 38
19 38 10 87 69 29
69 29 57 79 74 82
55 35 40 10 40 73
44 68 96 69 20 18
57 67 30 28 47 38
64 27 59 86 72 17
51 10 58 90 57 76
27 61 97 11 55 17
63 65 90 61 63 17
30 91 61 45 52 21
59 99 51 56 13 50
97 94 96 37 38 27
97 93 63 34 85 44
96 99 80 70 90 57
85 20 55 49 18 58
78 69 16 89 61 64
48 39 14 17 92 15
70 21 57 80 49 75
53 97 39 17 99 71
93 97 54 12 81 45
96 95 97 33 59 34
23 52 90 75 47 97
47 84 22 25 49 90
49 91 81 24 44 61
36 30 58 97 89 51
42 46 13 78 24 74
37 63 36 53 33 79
39 90 25 89 35 72
70 76 53 91 97 42
74 45 27 94 75 61
97 86 88 85 30 46
28 54 45 98 17 46
22 93 44 86 30 89
95 39 57 44 94 94
83 58 84 38 12 55
88 48 21 67 79 44
75 32 40 34 67 46
50 16 42 40 56 61
96 76 96 49 56 66
67 36 17 64 13 28
44 37 89 11 13 57
42 96 76 92 35 34
38 48 64 95 84 85
69 52 12 13 78 70
89 28 25 11 25 72
100 23 19 49 89 72
0.000290724
0.000355283
0.000137903
0.000404057
0.000448494
0.000306309
0.000491912
0.000229724
0.000258779
0.000474592
0.000461056
0.000173776
0.000226273
0.000365104
0.000476112
0.000284489
0.000229588
0.000394916
0.000292659
0.0004899
0.000246345
0.000330641
0.00028316
0.000394068
0.000155485
0.0002355
0.000202007
0.000217888
0.0001523
0.000346556
0.000396297
0.000252975
0.000281264
0.000132878
0.000240731
0.000364712
0.0004892
0.000307692
0.000363454
0.000174402
0.000404444
0.000102605
0.000481187
0.000115805
0.000103184
0.000128693
0.000232402
0.000203295
0.000257986
0.000383732
0.000281907
0.000221999
0.000427859
0.000167817
0.000314581
0.000168004
0.000190007
0.000459674
0.00033581
0.0001565
0.000105105
0.000413093
0.000419935
0.000461125
0.00047117
0.000480016
0.000228798
0.000450002
0.000258917
0.000410458
0.000232178
0.000304344
0.000401917
0.000351017
0.000204324
0.000212417
0.000399454
0.000318767
0.000435015
0.000209226
0.000174722
0.000463086
0.000398721
0.000472927
0.000224463
0.000123283
0.000361274
0.000349973
0.00045887
0.000262481
0.000308894
0.000294411
0.00047981
0.000206173
0.000180812
0.000127102
0.000403058
0.000289813
0.000334236
0.000348047
452 419
172 90
483 300
356 113
122 143
153 123
132 312
202 261
99 308
352 149
275 342
192 285
47 484
186 182
468 276
285 56
427 477
256 235
416 63
438 207
484 255
491 64
486 285
467 198
244 385
445 384
468 41
190 32
426 431
198 38
234 46
469 241
243 88
141 431
390 416
395 417
359 171
497 212
446 290
183 293
16 78
104 444
323 247
394 139
470 147
252 416
336 332
372 57
197 271
18 460
424 113
445 247
383 369
454 236
156 155
470 344
137 77
264 192
394 20
181 377
203 48
456 176
200 144
166 20
299 36
137 237
453 396
11 209
224 78
164 471
283 233
0 231
214 241
211 425
243 49
469 45
210 374
58 145
226 469
495 379
450 296
313 139
9 132
348 12
30 321
41 216
326 363
140 27
141 127
455 28
487 438
254 462
441 414
242 163
265 481
298 154
4 443
413 275
174 247
24 393
