88
100
6
90 98 54 45 75 90
23 19 87 82 80 84
78 68 40 78 13 40
46 27 27 60 83 48
41 40 64 72 27 61
14 74 77 73 52 76
87 64 76 67 47 40
69 39 27 22 93 81
69 54 95 20 61 95
21 17 87 22 31 32
83 42 27 87 99 50
98 22 48 15 76 74
93 88 98 23 82 13
44 98 41 73 65 80
70 64 50 53 50 87
36 98 97 21 97 97
93 21 31 58 85 37
22 17 55 22 18 90
96 94 90 26 96 21
78 45 39 63 82 89
13 19 87 87 37 98
75 54 16 17 39 15
90 90 66 13 22 50
73 28 50 63 13 75
72 61 30 11 35 87
94 71 32 30 45 51
71 82 44 39 40 73
36 65 16 37 100 58
77 67 98 18 10 16
91 69 65 94 46 63
38 22 49 10 38 58
36 79 100 56 48 92
71 45 21 51 15 43
69 53 48 86 28 25
90 96 47 94 53 81
17 11 38 54 45 63
26 43 33 34 45 92
78 69 100 74 86 30
89 52 100 87 48 41
35 27 58 15 84 15
52 21 23 19 75 92
30 62 49 92 44 96
36 90 47 83 89 71
56 22 46 78 73 64
74 67 65 53 11 30
26 59 41 77 15 67
77 66 58 57 45 27
83 30 62 53 95 93
76 21 30 76 96 80
96 38 33 100 21 66
93 42 59 100 69 72
47 90 38 71 97 50
24 16 83 54 60 64
80 25 89 33 63 27
69 90 93 10 85 47
45 37 92 78 14 39
32 99 41 72 29 52
59 11 60 48 48 95
70 13 59 46 55 80
13 71 64 33 29 97
25 93 71 99 18 77
33 89 96 100 69 18
38 61 38 20 12 92
38 85 31 99 55 16
57 44 43 24 93 52
22 49 55 77 13 61
82 87 72 78 60 17
49 89 51 37 68 19
25 19 81 28 82 41
82 78 83 54 92 35
55 74 98 66 16 40
77 96 13 96 15 99
42 77 43 86 43 80
75 39 27 22 94 59
36 81 63 20 73 29
29 36 96 48 13 23
12 73 84 47 51 20
100 87 59 76 34 16
75 91 14 47 33 69
43 20 12 91 42 73
15 29 32 43 26 80
53 44 43 92 37 35
68 72 62 64 46 85
70 62 54 37 68 88
62 85 99 86 97 74
77 12 30 66 85 54
14 35 11 76 78 19
73 67 58 42 100 61
34 98 43 46 55 59
80 11 65 13 50 28
49 82 95 28 74 45
73 70 65 78 15 62
88 77 65 35 44 14
32 31 77 35 12 12
92 85 16 50 96 42
44 60 53 37 37 100
74 69 51 29 85 12
80 66 16 69 16 68
37 45 74 47 66 94
47 54 60 68 91 31
0.000357425
0.000193237
0.000256253
0.000446998
0.00015677
0.000490355
0.000458479
0.000139258
0.000397874
0.000419223
0.000281284
0.000219581
0.000308729
0.000470117
0.00020225
0.000335019
0.000120256
0.000465802
0.00024331
0.000336636
0.000457456
0.000292837
0.00035179
0.000142489
0.000214924
0.000178177
0.000201982
0.000349677
0.000193293
0.000296387
0.00049363
0.000217112
0.000458148
0.000176742
0.00016538
0.000465539
0.000203971
0.000183746
0.000100944
0.000449711
0.000279887
0.00034361
0.000293722
0.00040857
0.000362124
0.000231061
0.000295025
0.000217902
0.000459383
0.00015619
0.000236233
0.000494038
0.000104651
0.000175414
0.000374561
0.000177683
0.000343385
0.000279788
0.000227926
0.000131353
0.000318258
0.000422101
0.000477882
0.000240239
0.000416884
0.0002746
0.000100076
0.000346729
0.000316896
0.000253583
0.000329827
0.000203795
0.000310598
0.000148406
0.000179265
0.00023423
0.000395248
0.000329321
0.000453753
0.000459816
0.000135993
0.00037246
0.000202417
0.000405531
0.000370868
0.000484269
0.000442501
0.000443231
0.000254218
0.000133679
0.000171925
0.000257868
0.000278264
0.000351593
0.000422778
0.000279618
0.000306402
0.000457212
0.000149859
0.000249157
237 190
291 320
267 219
289 264
484 93
237 304
335 461
361 339
3 346
358 19
90 102
344 53
256 288
70 299
479 420
322 111
326 328
333 284
433 207
479 124
335 286
488 380
9 327
85 379
378 308
56 264
100 394
277 334
132 394
173 72
436 491
331 189
83 114
491 418
226 450
147 420
128 305
469 8
62 71
110 345
13 293
322 265
98 493
187 308
122 318
358 339
325 225
336 163
42 405
246 6
334 330
365 358
343 14
69 397
259 144
349 16
279 180
218 408
450 5
283 51
90 127
453 13
365 75
431 133
429 349
282 449
121 279
197 438
233 233
236 161
397 298
365 312
354 228
116 166
208 142
414 332
326 24
208 94
499 254
172 470
412 59
213 437
214 275
472 277
310 170
51 41
374 197
27 76
292 122
153 489
411 284
388 244
496 289
1 0
362 328
165 106
84 160
333 202
28 48
167 61
