66
100
6
57 15 18 46 57 61
12 53 32 20 45 26
49 38 16 86 60 54
93 27 79 60 24 36
54 60 28 100 91 64
94 88 78 64 45 30
78 84 86 57 86 100
50 90 37 55 81 98
36 97 13 99 48 16
22 37 43 34 43 56
73 87 16 35 50 97
91 44 35 63 88 81
20 96 47 13 47 43
60 13 69 45 83 16
98 10 46 92 80 30
72 72 47 62 29 25
15 18 37 70 70 85
25 95 49 12 14 36
10 12 37 56 33 71
23 75 95 98 39 28
32 92 81 85 13 14
34 11 84 90 87 62
75 63 44 91 52 90
73 44 97 90 38 39
32 95 28 14 33 74
85 75 17 92 90 85
62 93 32 30 95 71
89 20 16 81 17 90
91 86 27 16 32 32
16 79 26 37 90 91
47 90 59 35 79 71
44 34 74 70 10 74
75 15 48 88 97 81
71 85 25 78 18 57
29 19 59 99 80 74
70 91 69 67 67 47
31 63 95 33 66 28
28 45 80 26 21 97
29 31 88 81 93 29
14 58 34 44 46 51
26 31 89 26 67 73
53 10 87 40 48 11
13 71 22 58 80 81
12 18 42 72 12 90
89 42 83 41 75 37
44 49 24 67 60 81
93 81 23 93 11 51
23 93 95 52 64 52
56 80 30 68 22 44
68 33 89 51 61 87
17 59 68 33 78 79
46 58 75 91 77 57
21 71 75 19 26 22
89 88 41 78 65 45
58 38 37 12 16 13
28 22 88 34 39 78
85 44 72 36 97 96
79 37 64 86 60 86
44 44 85 89 14 50
60 42 83 16 84 69
68 63 85 93 60 64
80 85 64 81 21 34
73 14 68 60 70 18
36 34 23 62 61 57
87 43 47 44 40 74
29 40 98 32 38 91
13 20 74 27 88 84
21 54 72 51 26 11
91 24 41 17 84 31
55 22 96 33 63 40
73 53 55 77 36 72
58 74 14 86 50 42
31 48 84 33 44 13
45 20 31 50 27 90
88 49 29 22 68 97
99 24 32 55 95 50
19 100 87 11 45 71
23 60 46 87 56 45
60 61 59 100 11 38
36 58 15 65 55 58
45 76 73 53 45 68
56 85 31 64 57 27
11 17 74 70 81 91
58 70 92 94 73 25
19 74 74 42 64 89
69 69 59 42 83 33
79 22 29 50 60 28
81 18 16 87 52 84
93 64 90 82 71 28
95 51 72 99 34 25
81 63 25 28 53 22
91 10 97 17 88 51
32 22 22 43 100 43
82 34 63 88 52 62
66 14 19 26 65 89
16 43 87 26 39 86
64 10 100 51 37 71
98 44 41 44 31 77
24 50 55 22 66 27
42 84 56 36 87 54
0.00022594
0.000494608
0.000479175
0.000438469
0.000379831
0.000441794
0.000383522
0.00023717
0.000266534
0.000148409
0.000175204
0.00030375
0.000323246
0.000177629
0.000466324
0.000156913
0.000161059
0.000106899
0.000161707
0.000405405
0.000207235
0.000397603
0.000395627
0.000456577
0.000196924
0.000215995
0.000353799
0.000481364
0.000387572
0.000187864
0.000144472
0.000475458
0.000497872
0.000148178
0.00015736
0.000447647
0.000150272
0.000352544
0.000384737
0.000179414
0.00040387
0.000119369
0.000149257
0.000488024
0.000166975
0.000338273
0.000133642
0.000256649
0.000290412
0.000432773
0.00043745
0.00043777
0.000240897
0.00036341
0.000108808
0.000229808
0.00028778
0.000393347
0.000212672
0.000287963
0.000187171
0.000137214
0.000331928
0.000303737
0.000311631
0.000239296
0.000279191
0.000109437
0.000376849
0.0002877
0.000142401
0.000407341
0.000223038
0.000457194
0.000213082
0.000201656
0.000213598
0.000235791
0.000118739
0.000364078
0.000372962
0.000185247
0.000312658
0.000382147
0.000184804
0.000251036
0.000401748
0.000236795
0.000329773
0.000184815
0.000377873
0.000189326
0.000342909
0.000388114
0.000226838
0.000144958
0.000428094
0.000462857
0.000315396
0.000144192
388 356
331 414
131 43
118 24
322 60
197 341
129 88
299 308
72 253
162 58
96 455
8 199
422 385
439 27
423 223
215 172
344 492
439 479
476 318
61 80
417 293
58 459
186 258
160 321
378 231
232 140
172 463
373 500
89 472
110 496
286 83
140 201
266 487
48 321
29 427
288 258
27 157
449 284
460 339
82 356
372 38
100 32
244 418
271 59
379 150
5 275
55 496
122 344
190 319
303 460
141 5
105 378
66 61
252 141
279 289
185 188
463 2
434 432
414 452
141 169
15 379
27 393
109 146
393 447
456 180
134 361
160 348
223 382
342 399
302 259
323 235
307 261
244 210
62 361
471 424
185 258
302 37
116 472
188 100
385 173
351 271
10 495
68 229
310 92
294 384
289 473
284 212
119 318
378 348
196 83
433 153
451 111
20 324
84 287
129 497
282 260
260 76
374 221
469 434
143 277
