52
100
6
20 89 33 30 82 89
61 66 28 73 29 59
61 40 66 37 75 14
97 54 33 27 45 58
17 22 31 75 56 71
63 82 81 19 37 13
36 36 45 27 31 44
73 61 23 52 24 65
24 17 18 34 97 27
46 97 67 62 75 26
64 70 36 99 25 96
100 97 19 48 76 82
73 15 56 92 18 46
76 31 75 75 28 84
22 79 93 65 64 28
97 12 63 14 67 58
95 95 11 62 33 99
31 83 86 61 43 80
72 44 56 52 55 85
93 23 97 26 49 76
21 95 29 81 97 64
39 87 79 64 11 75
77 48 85 68 19 25
49 92 84 47 74 40
40 84 46 15 64 95
91 82 88 52 10 91
12 96 64 55 48 92
64 38 64 78 10 59
81 25 24 23 80 68
87 93 71 84 48 82
44 17 80 89 12 58
67 34 64 82 23 51
35 12 73 65 45 39
55 32 47 100 10 90
91 36 40 60 42 56
62 98 61 14 89 63
58 68 41 76 84 47
26 85 57 72 35 48
63 75 25 90 34 47
95 87 54 61 66 88
61 50 68 49 79 23
90 68 26 37 24 17
81 27 86 33 30 42
38 29 67 90 49 78
42 13 40 98 82 44
80 96 92 67 66 35
43 22 28 11 44 77
35 71 14 38 32 90
52 75 62 51 43 33
77 70 92 53 23 47
24 76 13 35 16 20
12 49 21 64 91 70
35 34 14 17 18 72
25 81 99 69 39 46
90 54 79 90 96 10
72 73 100 53 100 85
100 51 28 91 55 80
11 89 21 54 98 11
39 26 56 67 37 36
52 79 20 77 95 97
25 45 100 72 46 31
61 69 18 31 45 43
85 37 83 71 81 11
87 36 67 90 15 84
52 57 97 98 40 35
72 39 92 64 62 87
54 78 33 40 41 65
67 88 97 37 57 97
88 87 60 30 58 29
94 48 52 51 28 41
96 30 19 22 27 35
48 55 47 10 13 32
73 92 25 39 35 20
77 66 29 15 77 41
97 48 51 90 92 21
56 18 11 68 96 54
72 46 71 95 50 34
26 99 99 21 60 93
62 43 35 18 85 74
55 17 23 68 67 75
51 60 85 83 20 86
91 93 10 31 66 15
53 59 54 26 44 14
67 39 71 42 20 37
47 38 79 85 67 95
77 60 90 37 19 90
83 59 31 100 77 87
37 79 47 27 22 15
48 31 37 100 40 48
86 78 91 33 95 35
89 83 36 35 53 55
33 99 58 81 98 96
84 15 16 37 94 32
86 77 100 100 83 55
13 37 19 61 59 49
38 20 88 52 52 18
79 93 67 44 49 22
80 54 88 46 92 99
47 64 100 12 35 64
78 87 77 41 40 69
0.000180953
0.000285429
0.000305409
0.000449551
0.000392005
0.000179154
0.000416764
0.000197616
0.000134487
0.000451086
0.000240022
0.000456358
0.00048012
0.000176285
0.000430945
0.000459973
0.000424371
0.000300121
0.000407728
0.000133942
0.000432316
0.000422066
0.000483652
0.000205877
0.000403584
0.000296813
0.00048303
0.000331049
0.000142545
0.000169934
0.00035722
0.000316503
0.000481325
0.000163268
0.000164183
0.000147922
0.000360834
0.000109849
0.000480079
0.000416746
0.000225092
0.000377559
0.00033641
0.000281336
0.000213045
0.000227612
0.00036782
0.000119112
0.000194248
0.000269991
0.000440546
0.000188224
0.000447501
0.000105118
0.000370927
0.000482578
0.000371047
0.000445204
0.000105979
0.000285975
0.000488035
0.000173107
0.000208229
0.000491584
0.000416627
0.000370812
0.000278087
0.000458656
0.000200873
0.000385651
0.000331932
0.000297252
0.000465572
0.000441544
0.000274186
0.000296833
0.000186556
0.000159949
0.000218863
0.000300772
0.000256273
0.000132284
0.000295259
0.000204207
0.000364411
0.000173261
0.000430804
0.000132179
0.000450274
0.000430907
0.000313816
0.000165032
0.000365115
0.000484122
0.000162561
0.000286841
0.000452087
0.000201873
0.000396085
0.000489245
83 399
410 389
365 499
338 31
211 421
497 487
21 454
490 19
121 281
408 495
270 80
488 223
353 439
325 174
306 85
22 242
314 110
430 376
261 33
388 206
439 51
354 472
319 23
261 163
236 84
111 127
225 422
379 282
263 487
359 329
255 38
100 404
348 286
24 371
331 183
451 255
20 418
247 488
26 323
37 371
92 317
204 349
74 436
374 140
113 147
363 132
261 475
317 44
208 265
100 429
257 52
62 451
256 51
327 240
98 143
117 251
366 139
391 466
368 217
335 24
155 494
490 416
162 495
148 80
218 460
261 244
435 447
228 4
168 492
415 74
488 20
23 206
282 49
110 148
108 3
481 222
82 463
300 456
63 191
29 490
303 350
109 312
252 415
321 396
23 338
329 443
243 353
442 461
430 219
319 333
187 430
446 325
338 237
234 312
163 192
2 128
4 500
390 252
396 43
148 364
