70
100
6
46 78 66 57 41 45
39 11 60 35 34 86
92 61 57 17 84 56
96 97 60 95 11 13
41 67 38 11 86 37
10 32 26 69 86 53
66 90 35 92 69 80
32 53 71 29 96 18
84 65 61 21 67 18
90 76 55 19 60 25
19 19 18 25 91 78
68 65 53 72 44 71
79 59 93 48 89 49
21 96 74 76 81 69
84 94 49 45 28 72
32 77 97 63 15 29
74 10 42 49 77 85
67 71 76 77 92 27
34 87 35 90 23 75
16 68 24 81 63 29
55 48 84 66 89 23
55 43 26 91 62 32
66 40 66 16 59 52
51 61 55 90 80 100
70 69 41 63 11 27
43 29 59 20 24 35
79 95 53 77 36 53
26 93 70 40 59 14
83 51 65 12 75 65
98 54 55 80 57 88
41 98 81 28 13 22
35 98 77 39 60 77
37 63 68 36 68 46
76 54 87 95 59 63
71 62 27 20 89 90
58 94 79 37 11 54
67 49 78 57 91 98
64 30 32 29 30 15
35 62 42 31 20 55
98 65 11 78 67 38
95 74 57 84 72 65
33 36 85 79 49 15
39 22 24 11 44 69
71 14 88 72 58 22
31 45 50 59 13 78
61 23 58 42 64 54
72 31 66 74 59 43
47 71 23 37 23 85
53 54 69 96 83 45
59 54 21 80 76 64
15 47 42 70 60 52
34 88 37 49 91 93
99 87 58 80 81 84
23 49 69 84 91 16
91 48 67 86 27 76
19 81 86 18 13 55
83 75 16 23 65 68
96 56 19 85 90 53
77 36 56 71 43 83
49 65 35 62 51 39
63 87 94 31 47 30
13 70 74 83 88 76
28 39 39 90 72 10
35 95 80 25 88 15
36 43 69 60 56 88
42 91 73 76 84 96
38 68 96 92 74 100
72 51 60 45 32 29
78 21 28 75 20 93
47 11 43 71 22 21
28 73 68 62 72 43
92 97 93 44 63 48
93 34 30 69 13 72
40 68 31 98 57 99
66 67 97 17 70 51
57 83 71 97 59 52
54 55 26 91 99 45
54 11 82 94 84 63
58 71 39 93 17 99
79 88 30 45 37 90
45 35 19 92 86 51
55 25 63 74 31 46
25 63 38 59 71 71
66 72 70 24 91 59
96 49 53 62 66 54
46 20 30 58 88 12
94 57 70 31 13 62
47 70 71 95 80 94
13 78 26 19 23 46
38 71 29 98 36 76
17 18 21 95 41 44
91 44 51 22 68 63
37 14 45 17 22 93
10 78 91 47 14 28
59 85 36 50 27 45
68 45 63 30 30 30
58 29 86 41 62 24
73 21 43 96 78 24
45 45 31 21 52 12
10 41 10 49 70 46
0.000104295
0.000186009
0.000307371
0.00018804
0.000185339
0.000359928
0.000381314
0.000224886
0.000415068
0.000117131
0.000424488
0.000379547
0.000313602
0.000418163
0.000309274
0.000267265
0.000487976
0.000455473
0.00015534
0.000447973
0.000266782
0.000359372
0.000405728
0.000312649
0.000295844
0.000159572
0.000142004
0.000189954
0.000177778
0.000399599
0.000358064
0.000367008
0.000302026
0.000379383
0.000438732
0.000115184
0.000276402
0.000239494
0.000469947
0.00020535
0.000423128
0.000313646
0.000486964
0.000213613
0.000179501
0.000253989
0.000279745
0.00032851
0.000228123
0.00032309
0.000330265
0.000338011
0.000453597
0.000468116
0.000153153
0.000253987
0.000463611
0.000401999
0.00029136
0.000194405
0.000403056
0.000377219
0.000201659
0.000143546
0.000435565
0.000282529
0.000400911
0.000170396
0.000394781
0.000421625
0.000223909
0.000245566
0.000361341
0.000381767
0.000462369
0.000254732
0.000214351
0.000375402
0.000163218
0.000257749
0.000228315
0.000144258
0.000398429
0.000102657
0.000259243
0.000466411
0.000344493
0.000333389
0.000399291
0.000354909
0.000266643
0.000169207
0.000142393
0.000337215
0.0002446
0.000399443
0.000222573
0.000102245
0.000454724
0.000489538
254 62
366 473
357 224
402 216
118 347
259 3
462 121
126 39
417 96
499 487
313 376
280 366
260 284
441 212
353 288
44 80
205 204
80 439
4 175
231 231
4 252
31 122
1 435
481 140
435 56
352 185
500 287
186 310
235 152
263 160
0 455
134 162
236 79
169 337
104 203
340 102
457 485
4 311
87 269
17 376
485 154
172 291
297 235
187 452
257 204
75 491
384 250
99 382
226 439
73 76
262 173
249 67
369 281
299 152
349 269
418 340
267 430
50 141
42 337
239 334
80 398
221 123
347 242
153 133
227 474
299 456
228 166
291 133
231 481
322 131
480 469
35 427
444 203
158 83
184 208
341 155
295 115
171 352
76 448
165 135
441 426
69 251
17 495
216 65
134 158
109 4
34 475
136 317
232 247
100 305
50 349
45 4
30 171
176 443
228 309
378 299
487 93
61 141
296 291
304 54
