96
100
6
95 52 83 85 92 71
41 56 94 43 33 50
54 97 49 75 23 78
39 98 30 27 55 87
48 30 22 11 40 54
94 75 61 16 10 53
18 20 22 69 82 75
60 42 32 80 57 71
42 13 88 87 80 37
91 82 37 48 50 94
41 83 59 24 54 90
83 22 99 44 61 98
33 92 84 76 18 47
65 16 99 81 26 64
55 85 96 19 30 96
78 82 62 18 20 45
79 27 93 100 78 14
25 78 24 99 91 71
76 48 46 82 64 37
79 22 37 58 87 36
86 40 29 95 60 45
70 71 90 25 68 43
39 47 36 97 59 46
39 26 18 38 90 67
94 31 65 86 44 21
57 52 38 23 30 78
24 31 33 60 25 63
46 16 79 50 12 49
68 17 58 19 17 89
79 31 51 12 34 28
86 97 66 30 19 35
85 77 97 28 53 91
25 87 65 91 39 27
71 62 52 52 13 30
59 82 22 74 57 55
31 79 94 22 95 97
65 80 31 64 40 24
65 56 86 99 47 49
57 83 45 53 16 56
84 39 50 68 85 35
57 60 52 43 18 87
52 44 58 27 44 90
87 53 48 65 92 55
95 81 28 46 96 79
31 79 81 91 91 63
26 41 35 36 48 98
20 91 31 87 24 96
54 73 82 90 25 34
35 24 51 82 57 15
15 28 42 22 77 97
41 26 43 37 83 46
10 67 73 11 60 98
90 79 78 61 66 31
66 25 50 11 96 15
74 32 28 42 25 19
75 35 33 27 71 94
97 68 96 83 33 73
71 26 48 100 43 14
73 26 11 38 26 40
89 11 30 59 16 30
74 34 18 96 80 29
93 26 38 51 83 88
85 33 81 95 77 82
23 28 91 85 53 69
15 17 27 91 64 87
35 85 32 71 47 77
40 23 89 51 63 17
87 16 86 54 76 91
26 38 77 35 44 52
42 39 67 38 13 43
59 82 89 97 16 25
64 43 78 86 33 100
21 93 86 10 74 97
78 93 79 44 37 33
53 12 62 16 51 78
21 94 66 93 82 59
37 33 78 22 21 12
16 89 46 86 81 54
30 92 14 22 86 24
70 17 62 56 94 47
65 41 100 16 12 68
68 42 94 43 43 19
25 28 46 99 49 91
76 98 53 23 60 74
22 74 47 21 12 24
32 27 35 21 74 59
35 40 35 58 75 23
66 69 91 46 17 48
20 24 47 22 73 39
21 23 20 21 60 53
47 89 36 75 70 25
41 68 97 97 34 69
62 81 62 91 47 11
68 22 55 61 74 50
66 63 69 85 29 92
45 81 85 15 13 46
77 91 90 97 49 61
64 52 36 83 16 50
44 90 14 21 66 54
33 48 41 91 32 68
0.000249751
0.00021832
0.000290539
0.000361655
0.000124724
0.000465707
0.000309578
0.000264099
0.000361444
0.00039443
0.000292604
0.000416902
0.000495873
0.000408776
0.000459571
0.000307466
0.000389181
0.000295406
0.000472115
0.000178354
0.000387928
0.000223808
0.000458095
0.000258183
0.000159311
0.000364418
0.000476998
0.000266188
0.000231826
0.000239548
0.00020542
0.000237595
0.000112228
0.000154449
0.000338406
0.000201776
0.000229291
0.000408069
0.000239362
0.000125235
0.000341813
0.00025458
0.000125432
0.000494213
0.000312561
0.000328382
0.000228578
0.000391
0.000266709
0.000470172
0.000128732
0.000477085
0.000480084
0.000190571
0.00020378
0.00023588
0.000313977
0.000313558
0.000165973
0.00037425
0.000360043
0.000281989
0.000336933
0.00011408
0.000230169
0.000462919
0.000438934
0.000241952
0.00035994
0.000174032
0.00043305
0.000448102
0.000494688
0.000451448
0.000103851
0.000445395
0.000123866
0.000399619
0.000296712
0.000114414
0.000113353
0.000147803
0.000335732
0.000304024
0.000195977
0.000401548
0.00010523
0.000271944
0.000497421
0.000207704
0.000454375
0.000419431
0.000375571
0.000244939
0.000216118
0.000156423
0.000189126
0.000396752
0.000427031
0.00040033
289 432
145 443
41 444
134 370
67 173
429 142
278 48
384 52
267 347
287 358
292 114
53 246
94 26
372 240
356 488
366 478
103 143
315 100
412 339
210 371
411 45
428 408
196 65
115 426
215 426
414 475
93 137
233 473
137 377
187 70
366 439
420 373
216 240
139 225
390 117
450 364
21 69
197 394
471 51
6 332
258 290
30 146
345 434
32 316
426 308
347 148
113 456
100 232
161 368
18 95
108 19
314 76
176 375
332 54
131 117
368 86
114 69
267 316
51 446
217 388
257 420
85 94
115 70
247 24
212 132
212 303
276 346
83 345
219 254
67 276
287 3
195 500
60 29
366 151
294 227
23 412
343 452
234 188
207 0
55 265
97 29
247 443
329 188
434 106
23 112
105 354
417 445
444 57
191 57
74 191
217 109
491 263
48 252
381 216
38 334
231 283
197 269
196 151
131 452
346 448
