82
100
6
57 51 20 11 38 90
76 89 62 63 69 14
89 21 38 92 91 10
48 57 27 81 90 68
40 85 12 25 41 78
89 79 55 75 72 98
28 66 55 71 69 57
74 34 97 73 75 84
70 86 27 59 21 70
33 23 22 64 67 95
18 29 97 96 65 59
18 44 68 83 36 55
22 63 38 54 91 29
33 61 57 62 96 23
73 10 50 64 69 32
56 34 69 19 62 80
96 38 83 26 79 64
17 48 65 57 67 59
63 90 55 66 87 52
76 30 18 25 99 62
83 25 71 17 52 31
85 11 12 69 44 65
98 18 80 43 77 66
54 69 22 55 90 56
23 71 100 34 14 66
74 51 63 37 67 52
48 64 94 18 85 29
29 37 82 38 32 41
57 22 41 78 85 14
72 13 76 11 37 35
42 43 53 98 77 94
34 82 27 39 47 53
25 35 53 99 99 37
22 15 78 63 58 94
55 65 27 77 44 72
61 18 96 88 30 46
64 77 92 63 10 65
94 14 15 61 34 53
77 27 43 74 75 18
71 51 91 61 97 20
54 12 27 50 70 27
88 16 72 34 34 34
89 70 46 27 52 15
65 49 64 14 95 78
79 16 52 49 60 49
75 99 85 50 53 86
73 75 85 38 26 75
96 25 41 19 52 12
74 32 58 75 43 58
14 61 62 28 12 35
95 30 90 95 31 48
97 36 49 94 83 68
49 97 44 34 80 49
95 89 80 21 69 30
95 77 36 72 42 85
90 43 50 49 65 64
71 41 57 84 43 25
99 48 72 52 34 19
60 80 34 19 74 47
46 37 76 32 74 83
82 94 71 62 76 48
14 21 14 38 21 48
59 11 82 68 89 56
88 33 27 79 40 50
35 21 11 91 97 32
83 34 78 15 38 31
41 20 90 29 20 87
79 75 46 99 53 39
25 47 76 75 38 61
15 62 54 19 28 76
48 83 51 62 59 79
74 81 63 49 44 76
57 29 51 55 44 15
77 30 94 72 57 47
30 47 49 97 24 26
92 55 88 50 19 82
69 94 77 83 99 24
93 22 97 95 91 90
16 83 14 48 58 10
82 60 92 53 12 45
40 42 14 36 78 29
82 42 91 69 12 39
83 10 94 23 63 39
43 33 71 90 54 84
89 10 29 41 69 36
95 99 78 14 24 93
15 34 91 53 48 50
48 89 100 69 72 23
31 86 35 18 45 22
45 11 74 27 70 35
75 71 91 70 30 76
18 83 38 22 11 91
15 26 85 88 25 47
27 22 80 55 41 23
66 15 92 16 100 65
42 47 83 52 58 37
94 28 33 21 33 21
52 63 80 88 95 93
66 91 67 20 56 78
19 63 47 85 45 97
0.000479211
0.000203537
0.000440389
0.000326611
0.000397431
0.000211329
0.00015413
0.000283583
0.00013731
0.000491811
0.000359347
0.000349682
0.000474151
0.000410786
0.000145085
0.000313188
0.000182226
0.00042459
0.000192761
0.000461243
0.000381596
0.000315819
0.000270295
0.000252276
0.000190245
0.000227796
0.000382085
0.000121809
0.000325539
0.000411862
0.000304544
0.000447778
0.00020409
0.000261891
0.00023686
0.000236445
0.000164155
0.000235756
0.000493293
0.000406151
0.000219132
0.000271979
0.000476888
0.000382309
0.000115645
0.000408787
0.000360998
0.00024431
0.000489988
0.000272641
0.000168969
0.000364862
0.000123776
0.00021259
0.000386931
0.000376318
0.000188429
0.000249069
0.000263157
0.00018674
0.000370806
0.000355347
0.000211939
0.000371549
0.000152489
0.000155497
0.000160624
0.000190083
0.000247192
0.000289064
0.000295619
0.000423099
0.000177768
0.000151353
0.000232591
0.000240455
0.000134685
0.000116331
0.000156395
0.000457565
0.000253654
0.00024444
0.000153235
0.000274338
0.000251248
0.000132285
0.000105013
0.000169934
0.00043003
0.000442232
0.00029718
0.000211448
0.000483223
0.000330246
0.000400799
0.000300493
0.00029953
0.000283983
0.000238229
0.000387614
135 171
265 99
479 126
279 29
25 192
328 119
303 411
399 192
225 227
52 172
26 144
167 359
397 439
83 127
34 441
75 327
75 12
48 119
391 111
445 243
200 62
343 17
80 310
467 50
164 57
459 435
467 185
208 284
115 63
427 208
394 227
201 493
41 320
246 185
238 374
91 481
261 225
327 249
396 68
378 158
99 103
467 386
36 70
443 22
212 370
59 22
462 290
355 438
198 232
262 324
314 256
257 479
176 168
444 461
190 196
208 447
437 51
361 44
465 489
345 316
26 480
96 127
42 65
453 259
418 181
221 474
56 209
405 16
469 226
290 357
264 327
292 191
431 44
213 431
169 463
485 97
483 221
124 313
169 235
226 389
291 491
481 282
495 99
192 320
153 107
48 425
324 476
412 268
38 350
182 351
193 308
104 69
190 169
180 392
388 432
416 430
493 113
373 185
297 427
347 458
