51
100
6
17 81 75 39 21 93
28 84 70 61 17 92
16 40 73 33 62 44
90 49 88 27 77 71
85 59 32 36 58 30
58 12 52 51 16 10
41 81 87 13 78 21
45 72 93 51 84 87
18 35 16 94 87 89
64 79 37 88 50 95
55 74 18 68 44 67
96 45 38 66 18 98
35 88 51 96 92 99
26 39 55 89 90 53
71 61 53 10 19 15
27 70 93 66 38 36
41 99 85 86 94 48
33 83 91 73 94 90
66 14 57 100 86 91
47 22 45 18 29 45
58 60 65 20 76 47
45 74 54 81 62 75
76 14 41 77 93 58
93 89 34 65 100 61
33 62 22 30 63 76
81 55 53 61 69 14
41 57 30 80 97 86
19 51 86 19 24 55
15 52 58 17 15 11
22 79 62 63 74 28
49 84 67 79 38 69
11 12 24 81 93 25
21 48 85 81 69 16
44 56 62 45 45 27
50 27 20 12 48 42
12 44 36 35 53 33
80 41 46 66 49 88
73 18 72 29 27 63
90 56 65 80 88 81
42 39 31 25 19 22
20 53 85 93 80 34
30 48 56 98 90 52
54 95 30 26 61 58
60 73 60 64 100 49
96 70 90 67 35 52
45 39 86 92 55 90
13 42 85 33 37 61
13 79 49 43 29 46
67 42 73 48 51 99
89 93 69 54 81 29
22 60 32 28 18 86
22 43 37 25 80 24
17 59 15 49 65 53
23 11 83 86 72 34
94 56 90 72 19 40
91 33 98 78 46 41
38 56 87 54 100 33
18 16 83 48 72 23
15 96 97 57 65 90
99 74 22 49 54 86
77 52 96 49 36 58
86 75 18 37 35 22
47 70 54 26 33 23
29 34 51 100 54 78
59 59 93 59 44 83
30 99 16 39 78 90
82 100 65 47 48 40
35 62 80 38 97 56
94 38 64 96 54 100
89 21 99 88 61 90
88 53 18 35 45 36
45 87 80 32 89 30
77 45 62 69 73 56
70 35 47 76 95 57
77 61 28 13 84 86
83 86 14 70 26 41
91 10 85 81 97 39
30 79 66 27 89 65
18 87 17 89 16 53
72 28 79 26 98 79
92 76 52 48 83 41
41 93 36 44 48 54
47 31 16 61 14 19
32 21 67 68 70 64
27 96 17 54 29 56
32 75 43 32 92 78
22 61 27 74 53 51
72 29 45 80 69 100
14 88 94 31 28 40
13 53 70 60 89 22
38 36 10 47 73 52
33 22 43 83 77 20
30 100 81 64 75 39
43 34 19 20 26 34
66 26 84 37 11 75
97 34 81 75 94 51
95 23 60 16 11 47
74 24 99 18 11 25
26 45 48 25 100 74
21 94 27 89 26 67
0.000315095
0.000376804
0.000416051
0.000200876
0.000389128
0.000318943
0.00036238
0.000206028
0.000136817
0.00030312
0.000352097
0.000417561
0.000443643
0.000449776
0.0001889
0.000461335
0.000196008
0.000120861
0.000493099
0.000437759
0.000148513
0.000303481
0.000135034
0.00023317
0.00029308
0.000400076
0.000222899
0.000265036
0.000497293
0.000495132
0.00016608
0.000284977
0.000293045
0.000376027
0.000204568
0.00016456
0.000117562
0.000261615
0.00015202
0.000241088
0.000411799
0.00029428
0.000351515
0.000246861
0.000110892
0.000484096
0.000225851
0.0001883
0.000110818
0.000445857
0.000482129
0.000230967
0.000269008
0.000144265
0.000103925
0.000288031
0.000361871
0.000411849
0.000224056
0.00032472
0.000491245
0.000104764
0.000129064
0.000117041
0.00022052
0.000121376
0.000217777
0.000430783
0.000203946
0.000235657
0.000343321
0.000404348
0.000210123
0.000124281
0.000223977
0.000103908
0.000263741
0.000270447
0.000229454
0.000162754
0.000369017
0.000420557
0.000490839
0.000186575
0.000332198
0.000281861
0.000307484
0.00028717
0.000366147
0.000213584
0.000224645
0.000264442
0.000107497
0.000112898
0.000247129
0.000174764
0.000285362
0.000357272
0.000361895
0.000401073
239 240
175 491
29 88
210 114
246 365
372 330
32 113
430 427
72 462
180 423
199 90
350 137
185 232
39 476
491 237
282 470
182 349
26 378
190 262
64 480
470 238
382 399
43 263
247 102
323 469
409 456
119 419
484 165
146 203
124 471
414 402
362 487
290 5
485 449
31 459
56 257
387 492
116 325
90 125
326 270
317 474
399 484
65 82
129 420
496 291
59 466
103 440
394 14
57 44
392 424
121 379
246 231
301 249
148 2
73 130
35 327
254 279
126 219
473 3
15 391
366 222
379 4
245 454
108 56
446 470
274 74
51 92
26 427
249 172
268 433
305 469
133 487
396 479
50 322
168 289
140 268
391 104
353 148
467 425
295 131
127 51
70 69
142 224
380 416
273 196
297 291
333 161
383 228
125 91
389 478
201 238
397 168
485 80
404 215
64 449
335 232
495 192
392 308
4 384
256 382
