87
100
6
70 67 33 33 77 30
89 42 82 93 85 20
51 49 84 19 49 99
24 77 58 38 52 13
98 50 28 40 77 65
54 25 61 91 91 39
38 45 97 34 73 40
41 20 21 84 18 47
83 58 23 13 94 98
80 38 70 35 79 99
12 78 70 53 50 12
48 73 92 30 87 24
100 25 60 67 62 56
68 96 31 72 59 91
56 36 95 43 78 13
41 56 19 34 22 34
43 39 91 35 19 92
39 43 40 38 44 93
24 68 84 21 21 52
32 82 68 60 49 85
60 96 76 64 29 80
98 42 87 21 84 73
83 41 97 21 10 24
68 66 51 69 62 32
39 62 81 98 95 100
17 22 52 59 80 24
81 17 89 44 11 29
98 98 26 65 44 69
19 37 13 50 62 43
35 42 81 63 78 29
86 13 75 80 36 95
80 79 59 23 76 23
35 67 96 74 76 63
53 24 19 34 24 63
67 22 73 59 76 49
37 50 57 100 26 37
28 62 99 59 34 36
41 39 66 71 43 93
100 21 90 62 60 64
100 63 36 32 36 68
97 98 46 96 75 89
68 67 36 49 76 34
24 11 39 94 96 42
13 12 68 32 54 41
92 75 51 64 12 13
72 54 50 98 95 61
97 36 27 77 43 67
14 90 81 16 23 65
19 59 10 61 90 10
40 33 65 29 27 63
49 14 73 16 35 62
15 89 70 15 27 13
70 50 46 87 18 40
15 84 12 48 99 87
66 99 75 70 25 20
70 53 81 100 90 87
88 11 58 53 34 75
15 85 36 94 55 55
22 17 73 10 85 56
42 47 85 91 87 45
52 92 32 83 34 26
44 19 44 81 67 37
92 28 45 85 87 37
12 31 30 27 81 56
58 20 58 74 86 73
37 93 84 47 96 69
71 65 56 88 99 49
81 62 48 61 44 33
33 92 15 27 78 98
26 14 10 96 88 31
23 72 11 28 83 61
26 60 67 75 44 96
54 54 85 20 20 67
91 12 86 90 58 21
52 58 30 23 12 95
23 85 39 24 40 40
46 57 40 15 47 10
74 89 49 91 10 96
29 39 99 43 64 93
46 72 80 52 38 76
61 40 70 27 93 74
24 14 34 51 50 18
92 60 57 78 11 82
98 96 43 29 16 24
70 56 84 17 83 73
84 40 60 93 51 83
48 31 51 82 68 16
39 39 47 83 87 60
89 24 15 12 70 34
45 46 45 40 71 71
78 49 85 96 32 36
56 32 22 76 59 52
56 75 73 30 47 13
19 18 86 93 47 56
83 31 26 70 72 90
93 50 25 47 84 64
35 90 72 13 43 32
53 51 73 34 19 49
62 29 24 96 62 88
89 58 82 20 89 15
0.000103341
0.000480857
0.000131483
0.000325907
0.00045564
0.000231553
0.000363159
0.000392683
0.000195652
0.000160016
0.000164985
0.000460067
0.000242796
0.000124799
0.000198192
0.00042992
0.000336611
0.000116397
0.000392861
0.00039285
0.000435457
0.000276686
0.000355113
0.000158194
0.000140557
0.000116801
0.000363531
0.000292516
0.000180039
0.000179677
0.000156979
0.000348112
0.00018773
0.000185265
0.000399916
0.00028611
0.000233766
0.000184385
0.000241088
0.000308654
0.000488468
0.00025318
0.000486156
0.000355991
0.000300261
0.00022539
0.000334944
0.000460981
0.000174007
0.00044361
0.000409934
0.000130512
0.00046997
0.00032421
0.000394593
0.000131782
0.000181366
0.00012482
0.000442889
0.000257452
0.000186947
0.000317155
0.000497482
0.000416015
0.000324944
0.000380515
0.000139842
0.000480612
0.000423705
0.000212858
0.000324694
0.000416817
0.000404268
0.000383733
0.000418943
0.000441299
0.000285178
0.000321642
0.000281232
0.000220735
0.000113172
0.000351736
0.000161998
0.000274285
0.000105251
0.000312248
0.000425869
0.000217016
0.000381587
0.000416464
0.000483359
0.000237518
0.000259448
0.000404552
0.000172713
0.00013732
0.000246685
0.000348129
0.00040475
0.000369085
70 285
320 164
497 40
429 241
309 120
359 143
292 81
159 56
8 278
239 24
348 322
319 270
158 296
216 45
414 332
227 40
499 28
424 90
112 404
293 500
211 118
156 373
149 38
109 403
259 388
39 312
473 267
53 18
344 473
437 385
442 442
9 100
396 325
490 178
25 160
311 475
460 0
11 324
307 337
357 414
116 293
314 479
405 355
468 26
78 360
73 51
143 241
380 164
100 174
265 288
278 429
171 253
124 463
452 103
148 203
54 332
245 325
111 439
10 393
218 18
145 72
217 282
177 315
461 459
234 83
127 444
66 157
430 456
375 54
113 462
451 360
424 390
207 202
295 117
218 413
415 99
402 135
499 117
252 482
227 225
26 322
88 423
435 256
245 5
122 297
205 139
64 480
98 29
61 209
272 273
76 334
488 225
412 180
145 173
462 471
269 240
473 179
456 328
426 80
18 71
