43
100
6
14 27 94 64 54 53
77 39 25 77 43 80
84 34 42 90 95 73
91 31 47 52 75 42
29 34 44 93 31 57
38 80 36 10 34 37
27 32 31 36 77 84
32 18 22 88 39 69
39 32 71 85 17 63
82 94 69 54 23 79
54 99 20 37 32 71
62 35 39 72 66 70
100 90 72 95 21 99
17 96 63 17 50 44
79 52 47 66 92 42
75 88 66 74 65 33
38 62 78 17 54 56
24 37 81 14 34 29
34 86 79 71 45 83
94 50 79 44 83 11
94 29 73 26 100 38
21 14 77 24 29 54
31 72 10 30 53 15
21 97 66 71 66 46
52 82 56 62 14 12
14 86 27 19 85 86
44 71 66 75 84 37
12 81 72 48 93 89
21 20 65 16 15 14
28 39 15 20 87 18
89 73 67 24 75 93
66 53 93 70 66 39
95 42 62 21 35 41
48 39 23 86 70 36
60 25 79 52 26 39
44 21 90 16 26 69
91 23 38 70 32 100
10 94 77 79 83 72
79 100 36 30 70 92
11 71 27 47 62 68
85 87 98 69 95 11
66 72 18 47 62 63
34 21 93 12 87 85
100 39 55 68 25 96
87 28 91 60 74 59
10 72 74 82 92 66
81 30 93 70 19 85
49 85 66 53 37 76
77 76 21 52 12 57
86 45 60 17 71 70
61 25 55 45 78 52
52 75 31 61 91 50
87 70 29 38 72 61
91 87 85 75 33 100
19 80 51 95 54 83
65 59 42 97 90 100
67 83 30 82 86 74
78 93 65 59 37 54
53 48 28 99 41 22
58 82 62 87 59 31
52 28 10 53 22 99
21 44 84 74 26 30
13 71 57 91 98 29
79 36 51 73 82 81
88 51 99 50 60 68
54 21 63 43 80 54
23 78 63 43 65 68
37 86 97 36 40 76
65 83 77 72 99 57
83 25 43 14 24 91
11 48 84 55 72 96
17 27 81 25 100 52
83 98 24 86 50 21
21 46 94 61 45 100
75 75 29 55 27 86
37 100 86 78 70 63
22 75 44 50 50 96
36 10 43 65 69 55
88 44 39 67 55 64
10 72 95 78 78 44
96 64 62 32 29 40
86 74 70 38 22 42
65 11 77 68 90 34
19 81 43 30 99 47
53 48 79 92 66 29
81 75 97 83 83 66
14 78 82 63 70 14
82 18 68 95 21 22
46 58 30 100 57 35
37 25 12 52 100 55
59 55 75 61 85 29
95 68 94 86 100 52
41 20 69 78 98 63
21 43 79 21 37 90
57 74 87 82 24 79
58 70 43 23 19 27
20 38 48 37 87 59
40 59 58 84 50 19
63 71 29 92 91 80
69 37 70 82 96 57
0.000374398
0.000494464
0.000265098
0.000485496
0.000411714
0.000199803
0.000432943
0.000117194
0.000357697
0.000250363
0.000395577
0.000116334
0.000133431
0.000376231
0.000242294
0.00047412
0.000173759
0.000469724
0.000175299
0.000130652
0.000345993
0.00047146
0.000255495
0.00045582
0.000173312
0.000484586
0.000486082
0.000429841
0.000184003
0.000432021
0.000143547
0.000278321
0.000149069
0.000327642
0.000347064
0.000448162
0.000486272
0.000473891
0.00012669
0.000182525
0.000101922
0.00011643
0.000372838
0.000267833
0.000192372
0.000167634
0.000162511
0.000154726
0.000465203
0.000241928
0.000375791
0.000196562
0.00041028
0.000243764
0.000271677
0.00028424
0.000321272
0.000155286
0.000214024
0.000400505
0.000298755
0.000406986
0.000134024
0.000120432
0.000140402
0.000297211
0.000394945
0.000106673
0.000151518
0.000380289
0.000277661
0.000232328
0.000207417
0.000238983
0.000452431
0.000263815
0.000220862
0.00039863
0.000123143
0.000106315
0.000414841
0.000158848
0.000326157
0.000174625
0.000265636
0.000412312
0.000420325
0.000423738
0.000370213
0.00031947
0.000165332
0.000246082
0.000368022
0.000439051
0.000345605
0.000340393
0.000398388
0.000427201
0.00032467
0.000137475
303 317
171 226
11 283
409 456
352 415
378 431
493 248
281 316
452 403
338 254
358 471
444 169
315 281
20 97
59 228
365 349
164 329
383 237
398 254
8 450
54 89
42 273
436 498
181 56
76 122
288 445
25 105
292 109
99 381
232 176
83 23
355 146
270 93
104 243
494 337
274 467
481 395
3 342
239 280
51 427
42 400
18 132
224 281
33 168
127 122
76 89
349 42
272 42
105 316
305 154
101 115
367 278
474 98
222 391
184 172
189 420
499 45
115 286
402 296
489 140
178 279
240 127
196 482
114 269
67 193
385 23
149 12
327 91
25 76
388 158
288 71
83 433
451 48
188 479
490 308
391 149
127 410
31 31
328 475
145 41
148 87
254 186
3 392
185 211
399 382
391 10
434 179
179 207
499 141
75 348
64 9
441 108
436 495
37 308
459 121
366 132
400 463
56 298
109 34
193 419
