93
100
6
22 16 78 95 53 72
72 17 99 53 17 17
41 51 42 62 20 17
79 41 87 22 14 74
30 31 93 29 65 74
55 70 30 35 91 48
46 50 39 56 43 98
84 85 21 14 92 25
38 34 84 25 29 46
95 81 77 55 55 31
58 100 98 99 22 66
59 42 82 91 57 61
34 86 33 65 90 51
74 55 28 54 61 39
36 62 82 70 85 82
96 52 41 86 81 96
11 62 25 12 12 45
41 38 30 87 52 26
46 77 93 34 67 32
12 77 93 90 27 63
49 45 91 59 63 27
84 48 19 22 16 70
56 65 73 28 35 75
62 67 46 57 53 33
13 85 79 64 17 30
90 86 48 28 77 80
69 33 18 98 44 60
84 37 51 78 38 94
100 51 58 13 54 86
79 46 61 94 14 46
15 21 70 19 70 50
59 92 37 87 97 84
25 85 78 89 40 56
41 38 84 59 81 12
42 35 40 84 18 54
57 44 27 28 95 32
34 43 18 20 88 100
84 49 31 79 95 83
33 98 16 93 70 47
58 84 65 11 81 12
14 27 47 99 31 36
59 63 87 19 66 88
69 15 75 100 15 46
67 37 24 49 35 12
52 59 10 83 75 99
24 88 25 21 68 43
80 62 88 30 80 73
15 26 22 66 77 40
62 90 12 44 98 44
39 56 67 76 80 79
29 12 59 66 73 86
16 51 98 90 89 20
70 89 63 17 89 42
39 23 41 61 15 18
91 93 75 18 13 23
100 83 11 35 75 85
42 93 66 72 14 82
96 54 25 47 99 84
64 96 13 41 80 48
34 12 90 10 86 11
80 17 76 88 100 60
38 55 88 32 51 60
35 75 52 73 41 78
28 93 41 10 54 58
96 81 48 31 48 97
92 57 79 97 97 62
85 97 94 71 100 19
79 18 23 19 58 69
65 96 93 27 87 90
57 85 72 45 40 21
10 41 61 64 37 75
33 63 82 98 33 75
30 58 27 65 95 69
82 81 52 66 94 48
71 22 25 41 71 19
43 43 17 32 28 47
37 40 75 61 56 65
54 88 86 28 33 83
96 73 61 85 94 45
79 59 93 86 12 42
55 77 79 14 79 28
28 83 87 53 88 96
84 11 95 49 45 88
81 87 33 42 92 33
49 65 83 41 23 100
13 69 38 55 11 84
22 37 34 49 62 12
61 83 98 22 53 84
76 42 85 34 14 49
29 62 80 87 30 17
96 68 65 37 65 42
95 33 17 83 66 44
67 95 35 21 77 14
96 40 40 81 100 85
63 23 16 72 53 69
32 85 13 75 13 35
61 17 50 30 99 97
16 77 37 51 95 47
30 67 44 26 84 66
12 30 40 13 28 71
0.000296313
0.000450574
0.000132608
0.000257908
0.000130518
0.00030557
0.000178582
0.000241938
0.000112857
0.00018626
0.000219407
0.000467475
0.000120687
0.000391229
0.000394553
0.000172446
0.000306301
0.00041421
0.000460636
0.000190188
0.000127387
0.000301987
0.000239319
0.000479835
0.000315768
0.000329279
0.000250985
0.000289824
0.000200463
0.000387292
0.000364462
0.000193885
0.000285796
0.000412527
0.000404501
0.000120071
0.000434108
0.000141121
0.000316342
0.000408059
0.000327103
0.00020479
0.00033704
0.000142321
0.000186681
0.000353377
0.000103583
0.000230997
0.000229328
0.000197943
0.000475383
0.000343724
0.000240503
0.000156354
0.000398946
0.000181533
0.000477562
0.000425219
0.000192407
0.000492616
0.000261064
0.000288245
0.000485858
0.000335588
0.000499405
0.000289836
0.000460903
0.000144333
0.000325131
0.00045841
0.000326502
0.000372981
0.000395715
0.000353378
0.000373856
0.000344546
0.000323366
0.000393488
0.000476525
0.000116659
0.000157673
0.000452454
0.000342876
0.00041731
0.000205026
0.000439297
0.00018972
0.000473536
0.000117763
0.000255127
0.000269265
0.000219683
0.000134389
0.000339981
0.000385109
0.000457849
0.000278112
0.000439235
0.000498429
0.000147073
498 397
351 391
288 453
57 492
75 417
62 298
71 322
203 274
344 2
9 85
290 343
215 6
55 41
459 409
55 499
291 91
47 344
88 369
15 89
156 480
91 48
215 23
243 247
153 290
482 152
400 140
320 209
18 285
216 38
30 73
367 396
461 114
271 17
330 114
129 188
362 447
193 4
328 304
243 136
79 212
125 345
26 399
468 312
393 353
445 119
89 201
68 10
55 348
145 161
193 408
452 168
449 108
238 50
204 47
473 210
446 246
66 432
110 24
169 388
68 426
469 103
355 212
157 330
336 247
327 366
264 236
98 125
264 283
103 190
132 43
349 462
213 172
213 370
9 340
234 498
76 178
385 23
52 58
82 182
247 408
437 0
14 279
131 300
128 316
156 484
210 391
100 158
135 150
213 133
222 84
69 398
209 100
406 167
239 248
155 370
46 176
17 423
389 411
205 97
2 221
