18
100
6
64 29 21 57 22 47
56 73 38 93 85 83
15 73 81 10 25 53
65 50 51 58 57 28
47 92 47 44 100 65
58 35 56 26 39 19
62 92 43 91 58 70
40 33 86 76 90 75
32 56 71 50 64 27
62 86 52 79 82 46
68 87 77 77 13 46
83 49 29 59 80 24
39 81 100 63 93 36
56 57 63 35 90 67
40 44 98 65 72 44
62 21 65 26 43 40
80 68 63 95 78 58
82 57 10 95 15 59
23 94 53 61 100 88
75 27 24 26 52 33
11 21 64 26 22 21
23 40 89 28 63 40
47 36 10 47 92 47
37 15 21 81 38 68
61 94 30 14 25 84
92 80 92 100 98 23
19 28 80 90 28 91
72 73 18 32 76 12
64 19 15 48 81 23
89 12 31 19 58 80
55 72 75 10 53 18
82 70 65 34 97 60
97 41 45 14 93 13
48 79 29 19 33 38
65 71 20 49 21 56
88 11 42 18 48 50
49 95 47 88 75 29
56 30 98 65 18 98
51 63 14 100 43 62
29 87 85 44 82 99
69 37 93 22 84 33
34 13 51 76 47 88
69 63 89 80 55 21
10 42 54 55 11 20
29 99 84 27 92 13
19 83 13 47 59 92
51 12 66 67 82 45
94 22 93 39 48 36
65 25 96 82 100 52
87 61 15 87 84 41
65 64 57 38 57 58
23 22 99 32 60 74
14 16 77 23 49 87
37 74 17 19 46 99
53 20 13 50 87 82
37 18 79 49 62 67
27 39 84 51 100 46
61 79 25 57 69 54
41 16 89 96 70 89
51 15 59 12 31 89
43 47 69 88 44 79
96 60 56 60 19 31
99 48 61 46 39 45
16 32 65 90 19 91
79 61 66 68 99 29
25 45 94 91 51 57
78 17 42 97 40 67
64 65 71 24 15 56
12 47 71 51 55 21
57 90 56 16 48 37
95 11 38 75 90 77
40 17 94 16 75 71
50 24 57 93 47 51
20 92 10 54 31 95
100 77 89 86 26 99
94 53 97 59 53 34
36 79 39 52 33 93
15 63 37 25 85 84
32 21 53 64 100 76
17 57 50 68 49 80
13 92 48 17 28 50
73 90 81 22 50 88
41 77 11 75 42 70
90 80 92 51 49 58
76 10 29 12 29 48
85 28 98 63 22 67
65 92 70 91 91 85
49 77 52 73 36 85
10 36 71 58 24 25
87 44 12 71 32 51
53 79 87 27 56 13
86 99 81 33 71 40
60 41 37 58 61 92
19 55 75 71 25 82
88 34 98 20 71 18
96 44 15 45 63 16
95 76 11 62 99 33
64 13 56 88 42 13
28 17 77 99 39 75
92 58 17 94 63 13
0.000481974
0.000164938
0.000104111
0.00047887
0.000465362
0.000413292
0.000178761
0.00031149
0.000153554
0.000383898
0.000392319
0.000424997
0.000354109
0.000248006
0.00023577
0.000406175
0.000134847
0.000226849
0.000252295
0.000220777
0.000486821
0.000201529
0.00035687
0.000207406
0.000397666
0.000149439
0.000425957
0.000324037
0.000376069
0.000403653
0.000345352
0.000464212
0.000282565
0.000488315
0.000446723
0.000142069
0.000242898
0.000211403
0.000360872
0.000413523
0.000477411
0.000324413
0.000274167
0.000193889
0.000420424
0.000117631
0.00049318
0.000435292
0.000215389
0.000233934
0.000366495
0.000484584
0.000357914
0.000390625
0.00032233
0.000384889
0.000362197
0.000339772
0.000495
0.000182806
0.000130592
0.000206848
0.000205419
0.000455607
0.000312856
0.00038956
0.00030064
0.000463877
0.000497998
0.000226347
0.000242185
0.000455628
0.000225402
0.000422889
0.000341463
0.000202733
0.000185677
0.000319271
0.000285263
0.000291849
0.000298437
0.00016125
0.000110549
0.000439684
0.00025451
0.00022293
0.000356342
0.00036765
0.000401589
0.000414928
0.000458385
0.000318476
0.000325505
0.000258862
0.000472674
0.000207974
0.000447677
0.000229197
0.00035343
0.000313646
347 9
25 304
280 46
131 204
128 285
146 4
54 372
266 2
7 68
7 496
480 354
196 85
55 173
28 0
196 103
475 492
250 304
4 273
11 83
309 338
454 38
222 310
38 192
209 258
485 430
101 55
28 24
282 480
63 457
102 254
265 381
419 125
170 310
208 473
60 288
41 193
409 24
312 413
366 372
388 211
41 169
395 474
281 428
184 141
431 135
97 136
128 441
225 403
252 57
155 39
309 433
365 87
381 304
491 411
495 392
0 190
322 162
186 148
485 232
407 6
120 23
166 339
424 6
457 157
114 500
292 437
21 200
434 169
186 485
308 249
396 162
183 255
312 261
438 188
322 68
40 402
76 350
163 497
366 409
360 434
436 292
251 494
346 342
293 185
363 254
305 366
45 313
134 279
138 212
453 8
174 331
2 237
389 172
246 289
278 32
425 318
448 189
37 143
150 2
181 360
