19
100
6
41 83 30 98 17 11
67 50 26 60 84 97
75 92 55 15 88 21
62 64 86 76 43 32
25 82 83 69 66 39
46 84 78 62 38 60
51 31 31 96 63 56
87 31 35 94 95 59
97 17 41 99 58 55
26 70 83 72 29 63
62 96 18 21 12 73
73 93 33 63 68 82
35 45 37 20 12 57
97 53 17 12 69 58
96 43 96 31 95 69
48 90 44 10 41 76
76 54 14 34 63 75
32 50 78 30 67 25
27 14 36 60 16 29
91 53 52 92 84 61
85 66 77 40 64 96
40 27 94 63 27 83
40 11 13 39 84 49
69 78 74 72 49 20
75 45 63 62 52 68
39 44 42 15 89 59
78 67 93 85 11 98
22 14 21 11 70 65
85 25 35 78 63 82
67 56 71 39 46 71
75 19 54 70 32 44
83 99 30 94 49 74
34 59 43 68 83 85
83 64 57 88 57 93
76 82 55 35 29 65
24 43 82 87 27 11
81 31 47 24 64 37
71 41 17 38 82 84
63 62 12 44 78 67
44 61 18 90 72 13
66 42 74 18 61 24
72 59 92 59 23 92
65 83 50 81 85 18
43 71 17 35 64 46
24 11 33 41 35 41
65 21 66 69 41 29
30 71 77 57 35 78
47 19 41 60 39 28
87 84 76 88 33 21
71 55 65 25 50 55
36 58 61 54 63 39
41 59 39 79 68 62
35 89 89 73 70 35
88 87 79 90 56 80
61 64 10 53 27 96
57 74 49 18 15 46
32 76 82 74 98 39
73 42 29 46 33 47
33 95 70 32 82 20
97 79 24 93 85 63
81 77 51 62 77 31
72 20 52 45 60 79
66 16 14 44 14 57
62 31 34 88 67 10
64 54 32 14 84 32
62 48 43 76 26 97
20 37 95 97 99 100
17 15 31 83 25 62
43 83 89 41 53 24
81 63 89 21 45 68
13 59 45 54 69 90
96 30 63 55 53 27
81 51 100 68 24 79
83 23 33 61 55 95
64 53 30 41 67 91
67 96 66 42 11 18
99 33 74 95 26 95
96 38 70 22 72 89
14 24 61 78 38 98
74 73 90 52 23 82
46 21 92 16 13 39
79 83 46 72 77 75
98 37 10 54 86 33
47 86 39 10 31 53
55 31 48 12 71 85
56 46 16 12 59 55
83 28 37 54 63 95
65 50 57 36 35 70
94 86 89 70 55 17
92 38 14 59 19 38
94 96 16 99 23 14
71 22 30 73 47 70
78 20 23 18 14 60
65 51 11 59 88 68
29 98 62 71 31 54
62 93 33 18 69 14
18 88 54 39 28 71
88 66 83 50 97 70
16 66 60 59 83 51
31 49 11 33 99 25
0.000170104
0.000129696
0.000249931
0.000126578
0.000399569
0.000285488
0.000451394
0.000319624
0.000446205
0.000280452
0.000343772
0.00048565
0.000116159
0.000325695
0.000361242
0.000355434
0.000368415
0.000181717
0.00049522
0.000391462
0.000125539
0.000474675
0.000251636
0.000124574
0.000227764
0.000309755
0.000311516
0.00022911
0.000256541
0.000137747
0.000253764
0.000343204
0.000246683
0.000188871
0.000451504
0.000296748
0.000200891
0.00033671
0.000194354
0.000240724
0.000401993
0.000416356
0.000380574
0.000198772
0.000456619
0.000361248
0.000169853
0.000344002
0.000275489
0.000218658
0.000365339
0.000113204
0.000166841
0.000267012
0.000275278
0.000308048
0.00043433
0.000267463
0.000424238
0.000259781
0.000372358
0.000489221
0.000221864
0.000171288
0.000412274
0.000199012
0.000287889
0.0002783
0.000389606
0.000426282
0.000385031
0.000484489
0.000109707
0.000454583
0.000419227
0.000475988
0.000165284
0.000424468
0.000168429
0.000196812
0.000342991
0.00023103
0.000451875
0.000167162
0.00020673
0.000389954
0.000480549
0.000347288
0.000427625
0.000312339
0.000181531
0.000140277
0.000449359
0.000180603
0.000375166
0.000106349
0.000197589
0.000364217
0.000184992
0.000490961
28 53
473 364
388 341
81 382
147 280
301 456
377 336
163 34
207 267
295 168
498 61
258 489
37 474
158 72
283 261
300 444
297 93
160 95
42 59
166 281
490 166
423 486
281 40
462 399
319 369
189 61
159 476
330 228
301 483
271 113
189 400
269 305
370 237
358 410
369 68
488 232
429 246
249 435
60 198
106 119
29 18
232 492
142 188
373 442
344 272
354 85
247 58
447 289
11 167
31 135
470 93
314 441
284 426
269 286
305 401
415 138
286 37
461 473
443 80
384 447
477 95
187 47
173 56
244 399
32 236
283 429
202 408
46 459
175 123
60 176
159 97
83 161
273 496
47 20
427 91
380 377
360 256
71 337
469 226
290 133
319 284
477 480
357 325
465 116
430 166
154 86
192 20
298 243
257 422
278 470
470 460
313 82
174 326
248 36
167 132
385 111
484 164
22 117
186 80
133 401
