51
100
6
74 74 33 31 13 14
32 71 91 75 53 92
24 43 34 46 96 29
44 20 81 45 90 14
62 35 87 79 46 74
21 38 55 39 30 22
83 50 78 22 19 12
45 37 89 41 82 25
54 95 35 36 38 29
60 58 19 24 25 98
88 58 63 96 56 58
97 96 56 24 29 48
80 65 91 92 10 66
39 47 59 80 64 49
21 38 84 10 42 28
56 32 60 100 72 16
48 62 74 59 19 30
62 47 51 75 58 48
26 91 73 61 79 48
48 12 34 65 30 92
10 67 10 89 43 35
89 34 76 31 23 38
91 48 97 77 82 95
88 99 45 31 54 89
65 23 35 49 80 29
22 28 64 36 57 86
99 33 11 57 55 41
76 73 86 86 63 12
12 92 17 71 49 88
12 34 60 80 49 82
74 45 59 62 30 35
41 81 20 38 20 80
19 93 49 25 51 56
70 17 60 43 67 33
100 10 75 73 64 11
87 20 77 20 23 12
75 12 77 24 66 14
38 85 25 29 70 79
19 95 70 15 23 44
68 66 29 97 48 52
15 75 40 35 18 24
58 94 96 37 97 17
28 47 76 96 100 41
57 82 27 27 55 51
55 70 84 29 29 79
14 80 51 46 87 98
18 73 74 83 96 42
16 18 99 43 35 22
54 41 53 79 48 35
92 84 43 44 54 31
73 88 87 79 66 59
53 21 80 46 26 60
11 10 66 53 60 60
42 84 97 18 22 63
82 42 75 57 56 57
22 29 53 58 77 43
46 14 45 97 84 19
30 83 80 19 24 26
83 76 22 77 19 37
75 26 30 46 37 14
65 47 100 25 61 16
53 64 88 25 97 74
71 56 51 41 73 53
94 36 57 100 76 82
28 20 79 34 93 18
53 75 87 82 78 55
13 42 31 27 18 28
28 52 82 75 45 27
86 73 22 35 66 71
63 98 97 23 68 66
14 46 20 27 97 29
25 45 27 72 70 58
49 94 38 17 85 25
86 55 59 79 51 64
76 72 55 94 20 84
38 79 80 67 65 50
85 47 76 74 34 91
50 85 98 67 47 32
68 90 92 41 10 93
56 57 22 59 95 10
73 44 12 82 10 95
57 32 17 12 76 38
23 19 15 42 71 12
15 35 73 57 22 68
12 85 34 23 47 98
23 51 48 65 30 59
57 39 21 88 94 25
52 65 97 65 31 74
81 86 59 31 56 74
21 31 73 90 82 56
44 89 97 61 79 36
67 18 16 57 60 48
90 89 71 17 80 52
87 72 46 72 33 73
97 81 12 45 87 26
93 41 58 25 42 16
78 35 80 61 88 42
11 18 57 68 82 25
64 79 80 43 43 79
93 94 61 59 26 68
0.000237091
0.00010356
0.00011689
0.000294873
0.000466688
0.000459521
0.000165748
0.000210804
0.000177227
0.000455244
0.000430899
0.000433319
0.000227653
0.000266053
0.000218501
0.000143999
0.000463738
0.000105819
0.000476024
0.000184597
0.000487535
0.000400731
0.000455011
0.000415634
0.000247783
0.000408446
0.000484517
0.000439528
0.000153731
0.000466971
0.000192923
0.000113278
0.00033611
0.000170172
0.000434549
0.00014201
0.000306473
0.000478055
0.000263934
0.000345381
0.00024169
0.000135014
0.000347463
0.000102915
0.000367461
0.000236977
0.000259733
0.000455075
0.000172992
0.000234494
0.000269873
0.000338669
0.000446875
0.000158525
0.000290271
0.000129569
0.000454133
0.00041932
0.000341515
0.000317283
0.000160643
0.000466022
0.000471207
0.000486136
0.000306752
0.000409659
0.000117741
0.000460446
0.000294358
0.000473915
0.000286963
0.000360737
0.000241402
0.000147413
0.000455823
0.000453062
0.000138656
0.000110531
0.000203615
0.000143405
0.000183743
0.000181054
0.000245813
0.000332577
0.000306801
0.000467906
0.000215752
0.000365118
0.000288512
0.000268592
0.000108325
0.00036703
0.000465987
0.000425423
0.000220129
0.000143972
0.000192534
0.000419416
0.000229084
0.000101318
316 156
305 87
364 410
141 433
229 118
313 229
347 205
193 281
124 282
100 208
180 94
67 296
280 116
183 211
244 443
92 499
112 209
285 136
194 27
467 499
251 35
424 119
314 85
326 315
328 301
224 456
324 219
329 483
253 456
234 228
392 474
422 437
97 181
459 484
254 289
396 354
297 179
394 369
131 116
89 432
162 172
237 2
319 313
330 262
181 318
212 363
35 360
72 229
174 219
104 455
48 398
493 498
292 124
308 87
137 262
244 419
33 148
294 399
488 477
206 54
79 381
254 329
268 99
282 179
338 198
296 255
309 419
282 342
334 283
251 433
376 12
50 53
385 467
75 292
468 434
451 392
484 370
467 211
493 431
279 132
140 83
165 481
204 346
4 222
350 352
49 223
156 153
10 140
285 211
330 105
315 293
409 135
279 196
378 215
224 90
194 102
391 366
158 107
47 119
407 464
