4
100
6
66 81 51 21 13 48
43 38 61 82 58 89
95 61 31 48 67 99
27 52 30 39 32 14
15 74 17 92 49 17
36 78 63 99 28 49
49 82 60 70 100 73
93 92 32 57 93 41
30 54 30 74 72 74
65 48 83 62 74 33
60 83 87 75 87 73
31 24 77 92 65 38
35 93 51 73 39 39
74 55 70 58 22 54
97 92 77 62 45 64
49 82 98 16 61 54
34 44 38 14 99 78
15 84 76 72 49 40
52 47 15 40 100 67
43 25 74 85 12 63
32 61 24 50 20 61
40 61 61 63 75 35
88 89 79 37 84 27
97 56 86 71 62 23
56 26 11 99 78 71
20 78 24 97 19 99
46 77 68 24 43 21
69 96 63 26 56 23
35 60 53 41 70 15
40 48 91 45 83 71
83 65 37 72 22 52
59 28 28 32 67 79
52 83 22 97 20 49
92 39 69 77 42 78
50 65 37 15 33 62
34 59 53 88 99 83
91 81 28 94 29 52
10 93 26 21 73 100
57 39 91 15 52 20
13 84 90 62 88 57
46 10 37 56 100 24
60 78 95 39 14 89
34 15 21 18 14 39
16 99 31 49 37 30
37 46 46 64 21 70
29 51 32 25 68 69
36 26 49 98 59 25
18 48 78 43 47 57
11 53 30 71 50 10
62 60 98 60 19 56
67 69 91 75 25 84
37 72 44 64 86 46
40 43 96 89 100 58
83 49 67 23 28 10
100 89 11 48 33 90
85 67 42 62 46 95
50 41 45 23 59 40
18 91 16 98 69 24
82 33 63 19 63 19
36 48 19 55 17 26
21 79 61 25 63 71
62 53 60 51 19 45
31 61 74 52 44 53
70 90 64 50 10 78
50 11 12 21 98 37
93 95 57 36 88 61
26 23 42 58 57 22
61 66 45 69 65 63
69 39 11 49 23 13
35 22 13 71 39 84
89 50 43 26 43 32
45 35 84 40 64 59
18 76 57 45 83 42
24 37 79 46 36 88
18 10 70 68 39 43
20 27 32 75 18 87
41 87 64 53 22 96
67 32 35 28 50 84
93 90 35 74 74 100
76 43 71 81 53 13
89 55 96 57 77 71
96 20 98 35 36 62
56 53 11 45 83 50
79 78 83 58 28 46
78 11 92 60 15 90
19 21 49 69 67 66
26 31 54 88 38 80
91 96 13 51 85 13
100 65 51 79 49 26
68 95 26 81 12 42
82 16 68 41 55 31
21 37 41 16 11 60
76 37 91 64 83 11
89 82 11 48 85 48
79 30 94 25 40 39
30 34 68 44 72 30
65 58 23 17 42 77
66 62 27 95 57 12
93 54 11 24 64 28
81 12 27 90 55 39
0.000497604
0.000248717
0.000281777
0.0004847
0.000422775
0.000456445
0.000209581
0.000173931
0.000130642
0.000472117
0.000254721
0.000244207
0.000120292
0.000375994
0.000178855
0.000456933
0.000210715
0.000242077
0.000404013
0.000326891
0.000130256
0.000298002
0.000321296
0.000199024
0.000335489
0.000362953
0.000175627
0.000366622
0.000369997
0.000296987
0.000235708
0.00042677
0.00028084
0.000463513
0.000435586
0.000136727
0.000483819
0.000365991
0.000305441
0.000328543
0.000355567
0.000156986
0.000288902
0.000161889
0.000110452
0.000322576
0.000446148
0.000238507
0.000403576
0.00041715
0.000377114
0.000264574
0.00017558
0.000174403
0.00013056
0.000309927
0.000291598
0.000214468
0.00043835
0.000208485
0.000348728
0.000473847
0.000205822
0.000370434
0.000409217
0.000324238
0.000444403
0.000147056
0.000241337
0.000198717
0.000178758
0.0003727
0.000457739
0.000389052
0.000416051
0.000200952
0.000193978
0.000490659
0.00023637
0.000258504
0.00034709
0.000345329
0.000250629
0.000324693
0.000419942
0.000233997
0.00011276
0.000345225
0.00042751
0.000118836
0.000406767
0.00033405
0.000499708
0.000110333
0.000309554
0.00039633
0.000325067
0.00045621
0.000193413
0.000284373
172 155
191 341
431 151
377 245
394 42
261 470
235 474
340 114
261 60
248 497
308 407
409 452
37 239
155 397
475 483
398 313
315 243
183 366
147 368
321 478
197 348
129 361
94 177
271 31
452 98
205 70
133 447
268 303
45 297
45 255
477 14
16 474
178 333
209 57
141 346
237 356
114 500
132 490
279 17
16 74
485 347
200 21
178 250
80 38
338 125
43 68
140 3
195 40
470 381
467 140
167 105
133 488
242 273
466 77
303 408
204 436
290 359
54 273
187 298
298 1
248 146
374 297
419 211
196 307
482 181
130 300
283 169
436 180
63 61
432 359
147 371
64 157
400 95
43 247
91 410
436 397
345 265
74 14
246 194
86 295
46 418
397 58
285 109
229 381
435 30
386 466
342 113
345 142
421 20
119 31
263 371
411 495
204 18
223 15
386 299
276 376
428 125
162 406
366 205
294 442
