39
100
6
92 94 63 89 95 49
40 10 70 72 67 21
25 85 17 46 100 90
12 38 71 39 36 93
85 82 45 73 10 30
72 94 33 36 41 60
69 63 48 79 37 98
68 13 42 46 87 19
61 69 14 88 76 72
40 56 58 68 94 70
15 94 84 97 27 12
55 76 62 51 26 39
39 22 34 93 83 19
70 35 51 44 16 94
75 74 58 84 97 81
96 61 42 76 46 51
28 91 26 84 44 75
65 65 37 43 39 72
34 32 96 33 30 97
20 75 95 76 37 39
14 88 29 68 53 16
77 73 72 18 53 99
100 58 85 48 40 18
29 24 83 44 11 49
71 33 95 37 72 38
66 30 69 95 53 16
19 11 18 28 71 20
31 84 21 29 40 53
96 64 69 24 32 56
89 32 28 70 97 75
99 23 10 64 63 37
77 53 38 87 66 82
59 24 47 49 37 36
56 41 53 27 27 95
90 85 77 52 77 25
36 33 46 54 50 19
51 92 51 62 47 75
73 30 49 99 11 11
49 83 27 70 19 94
25 32 70 78 30 69
91 50 79 48 45 99
31 98 85 99 27 48
87 62 27 61 60 63
58 18 30 46 13 99
50 41 74 37 10 12
41 72 25 83 33 24
23 83 41 49 69 82
24 49 80 62 42 80
35 73 63 58 45 55
26 36 53 72 22 61
34 85 12 53 15 95
82 40 62 31 61 17
55 27 78 41 69 18
34 61 86 47 35 37
79 51 54 47 16 68
15 80 52 19 20 35
89 56 89 31 34 57
99 47 25 40 35 67
53 76 12 48 15 67
61 44 34 53 67 44
55 92 77 77 45 20
44 27 49 33 89 65
89 63 31 62 83 58
81 61 27 65 76 73
99 49 64 41 21 13
53 52 32 41 70 90
54 85 100 57 75 62
86 85 36 60 10 67
61 14 69 39 20 99
58 40 86 60 45 84
48 25 67 41 18 36
99 31 72 66 91 16
100 32 92 60 88 85
69 13 78 89 30 16
98 71 20 14 71 74
41 38 25 21 28 15
57 81 57 100 23 34
15 35 16 10 30 50
46 69 63 23 22 13
48 52 98 91 35 55
10 27 92 53 29 83
10 95 14 32 25 42
54 98 31 21 80 88
63 67 44 89 48 55
64 40 38 35 93 98
53 68 78 54 24 25
47 60 30 78 89 60
32 25 87 76 81 16
53 23 15 40 56 93
66 92 91 61 73 20
61 13 78 60 19 31
15 85 52 80 45 70
28 51 48 44 61 67
72 72 53 68 98 64
84 14 60 81 57 29
85 61 16 34 14 60
21 87 23 94 38 79
81 28 31 83 58 23
93 10 86 24 89 84
15 13 77 67 70 66
0.000425294
0.000302404
0.000380682
0.000193556
0.000497321
0.000324294
0.000434773
0.000227039
0.000103168
0.000406292
0.000271133
0.000103543
0.000179929
0.000102454
0.00021348
0.000134472
0.00045894
0.00036713
0.000271529
0.000279404
0.000387718
0.000359311
0.000119783
0.000169466
0.000283074
0.00012094
0.000388306
0.000119366
0.000260177
0.000266648
0.000107896
0.0003218
0.000133791
0.000290896
0.000201241
0.000256488
0.000489503
0.000477805
0.000192363
0.000389673
0.000334471
0.000353229
0.000134873
0.000481757
0.000462728
0.000399385
0.000209183
0.000123656
0.000441995
0.000427849
0.000147876
0.000227179
0.000311061
0.000133985
0.000235521
0.000206218
0.00035471
0.000423963
0.00036705
0.000278474
0.000330522
0.000435105
0.00023443
0.000266815
0.000490881
0.000215392
0.000446124
0.000347196
0.000349683
0.000274019
0.000132155
0.000360148
0.00045776
0.000117354
0.000376829
0.000257289
0.00034615
0.000216002
0.000487131
0.000414429
0.000463809
0.000334666
0.000282042
0.000393815
0.000414345
0.000494369
0.000170418
0.000212042
0.000260663
0.000273054
0.000486002
0.000457009
0.000164474
0.000468336
0.00043491
0.000363984
0.000302548
0.00038279
0.000399341
0.000433756
234 479
414 396
279 256
428 423
17 332
114 311
459 54
244 221
15 51
381 128
215 494
189 10
327 29
318 324
103 382
452 345
325 21
151 21
189 210
20 0
167 150
126 115
13 43
270 354
408 206
94 348
115 464
40 216
147 53
270 109
472 345
4 384
453 422
454 387
314 419
270 342
17 470
280 393
314 239
325 472
386 401
277 221
372 306
449 254
109 105
269 83
308 361
435 108
212 211
316 431
183 359
232 285
135 500
426 279
304 384
256 47
474 385
222 461
124 482
21 150
393 457
493 244
328 368
204 337
464 245
72 430
0 144
447 457
487 210
377 16
198 230
399 438
462 473
367 359
51 266
263 380
379 339
294 454
121 74
380 441
34 326
344 421
50 431
184 161
352 404
99 438
383 320
394 336
27 315
228 98
263 405
200 87
439 186
118 464
342 296
280 180
118 156
286 26
223 51
350 147
