36
100
6
40 62 98 93 49 29
32 24 43 56 95 76
34 21 14 21 92 56
73 86 88 29 31 45
100 75 37 51 31 59
55 99 29 57 57 73
51 56 58 21 49 66
88 32 33 74 68 45
85 99 93 31 93 30
72 58 29 97 56 78
32 91 54 15 77 93
24 78 55 93 22 20
82 91 35 60 68 50
12 59 24 77 71 36
11 69 64 96 100 79
36 17 93 26 63 51
53 39 82 29 21 80
68 22 60 23 40 24
62 38 45 65 88 41
20 96 72 54 23 93
93 99 84 83 31 27
84 99 31 25 78 85
71 55 82 25 93 16
58 51 12 20 51 31
80 42 93 100 71 57
98 59 76 41 39 38
83 81 46 27 100 82
26 59 31 88 63 45
23 59 25 34 51 51
35 63 66 86 52 37
76 80 92 32 20 36
78 39 76 82 89 79
93 71 29 12 20 85
62 47 86 83 90 66
94 96 52 74 33 53
58 79 24 99 72 39
28 95 97 83 16 42
100 95 92 79 38 24
72 41 47 74 88 72
77 99 97 87 88 22
98 45 15 71 68 21
69 27 83 52 99 69
17 25 91 78 81 36
46 11 19 21 81 68
53 80 33 19 93 91
31 48 48 84 72 93
80 83 31 90 54 26
40 83 76 80 28 73
93 13 63 26 59 58
84 39 40 72 59 80
10 82 61 75 10 89
18 44 19 71 17 11
92 79 90 53 37 38
97 99 57 53 95 90
32 26 35 98 99 18
22 67 31 76 67 89
66 91 35 22 31 67
99 17 16 14 46 25
35 44 49 93 58 69
20 21 96 63 96 80
46 42 27 89 57 88
91 10 99 38 91 93
21 69 20 46 76 73
63 52 75 50 56 97
91 11 44 53 12 97
81 63 16 69 100 98
66 13 96 76 43 98
99 73 90 44 85 54
16 20 46 56 23 13
66 80 80 26 43 54
85 32 44 45 57 46
58 70 23 21 73 56
38 83 87 86 26 16
30 77 65 27 47 87
33 92 44 68 24 55
34 48 73 69 22 16
21 41 64 74 13 87
54 72 68 92 79 22
17 28 18 11 12 85
38 86 67 89 17 85
99 76 55 64 37 85
16 63 85 94 57 50
98 53 10 66 18 56
60 23 41 78 89 13
69 51 95 41 28 22
76 11 100 33 68 81
87 57 88 18 84 80
52 93 64 39 74 31
46 40 28 94 58 18
23 35 61 20 71 65
37 64 59 36 29 51
26 98 66 59 18 60
97 56 99 97 85 70
100 26 80 11 45 62
39 78 33 83 53 66
31 62 65 64 76 45
77 73 30 62 11 42
43 66 38 37 37 58
98 61 12 82 24 81
67 23 31 44 53 99
0.000294988
0.000267268
0.000344503
0.000321163
0.000211162
0.000246364
0.000290779
0.000127811
0.000188172
0.000103405
0.000378585
0.000482037
0.000359471
0.000382341
0.000307235
0.000429249
0.000460673
0.000359428
0.000375924
0.000279333
0.000245471
0.000399778
0.000260599
0.000218559
0.000299521
0.000390814
0.000157843
0.000190545
0.000237086
0.000142574
0.000332535
0.000308301
0.000112564
0.00030426
0.000396133
0.000332077
0.000290782
0.000387886
0.000331811
0.000385749
0.000464142
0.000280504
0.000349951
0.000332212
0.000497492
0.000402999
0.000265344
0.000100458
0.000177348
0.000257918
0.000329921
0.000479992
0.000125929
0.00041681
0.00026061
0.000258344
0.000294029
0.000346362
0.000437165
0.000437745
0.000441557
0.000324016
0.000106027
0.00021818
0.000265381
0.000157933
0.000243676
0.000164283
0.000474135
0.000118961
0.00020999
0.000128959
0.000325469
0.00048829
0.00010183
0.000172963
0.000243554
0.000246743
0.000187096
0.000266145
0.000361122
0.000279863
0.000139996
0.000478918
0.00010987
0.00040852
0.000230913
0.00036878
0.000180882
0.000434043
0.0001158
0.000108382
0.000184686
0.000226779
0.000135926
0.000311236
0.000276476
0.000417642
0.000487854
0.000347391
162 498
387 361
185 320
333 391
83 442
477 142
311 129
70 287
66 164
201 16
321 430
408 496
444 470
21 341
98 258
206 309
104 73
163 89
384 29
160 460
139 362
310 116
386 103
426 232
66 451
451 466
110 488
334 474
302 215
55 427
423 492
47 188
315 226
375 268
166 152
42 486
98 423
150 264
416 338
469 155
12 441
119 154
427 262
37 56
56 457
265 48
119 126
39 226
250 352
314 176
150 331
225 3
9 198
264 368
393 157
114 442
482 426
93 221
202 384
481 35
206 321
97 182
236 262
432 46
14 480
182 470
260 228
177 223
196 69
103 436
330 63
386 131
239 294
486 411
117 423
388 156
209 136
104 484
357 301
291 229
142 70
370 89
17 175
381 1
186 316
267 373
404 429
210 353
341 331
43 395
420 392
394 230
83 101
107 343
494 234
305 205
175 460
294 14
291 218
2 264
