17
100
6
15 97 58 27 87 87
19 67 79 95 58 79
85 42 75 98 47 23
23 38 95 55 88 58
80 91 46 90 97 42
31 91 51 41 94 67
66 38 62 79 62 12
72 92 47 87 28 40
71 79 45 34 69 68
74 61 55 25 53 14
72 10 91 62 46 14
46 44 82 42 19 94
68 25 31 47 31 70
59 100 89 24 75 43
38 30 81 67 38 28
59 72 24 67 54 86
81 65 72 33 30 100
61 57 81 97 79 34
98 43 20 64 74 79
32 30 79 64 60 11
84 13 43 88 86 47
62 15 30 80 13 68
79 39 19 20 78 67
18 80 64 62 29 53
15 96 15 36 50 67
35 25 25 61 99 23
32 89 20 52 65 52
76 79 55 93 94 27
46 84 61 17 97 98
37 63 98 80 34 61
33 11 93 61 11 27
30 42 28 38 100 92
22 24 46 50 26 14
21 16 99 21 51 63
37 53 62 10 84 47
10 22 91 25 38 84
30 79 54 84 47 73
95 66 68 36 49 84
46 22 74 30 74 70
85 14 88 14 65 69
15 65 69 96 25 19
85 60 63 75 78 70
29 20 85 44 87 90
82 19 86 64 23 18
49 67 68 91 95 89
73 27 65 27 57 32
57 40 100 75 69 43
16 70 25 72 55 10
65 51 23 21 34 57
23 22 80 59 20 71
27 16 89 24 88 26
52 18 94 72 42 22
90 79 57 25 72 64
74 38 67 43 73 29
87 81 10 67 19 59
88 20 50 48 67 18
26 60 55 58 45 13
56 51 34 15 12 71
58 70 43 75 66 35
28 15 40 46 75 39
42 45 80 27 78 88
85 89 46 40 78 87
14 96 87 20 22 51
11 28 13 32 72 22
21 84 91 86 36 30
73 61 79 24 27 31
45 88 45 49 92 19
83 89 62 92 25 94
93 95 26 28 79 63
22 18 48 66 89 30
31 43 22 81 17 10
55 42 26 29 94 85
43 40 40 100 57 48
81 74 99 68 74 82
90 48 62 39 58 38
46 11 96 91 10 53
69 27 20 92 84 39
82 64 96 73 35 57
17 80 26 65 98 63
58 25 73 14 48 72
86 54 53 19 68 35
53 52 12 57 54 90
76 57 12 38 59 23
36 76 54 83 67 44
97 44 50 36 39 65
72 57 32 71 68 47
53 52 21 12 78 44
35 74 17 63 86 33
27 45 21 35 77 79
27 42 52 17 100 47
19 18 33 87 97 80
66 62 38 54 92 51
32 81 94 98 60 89
21 87 66 68 14 78
90 24 65 40 52 80
25 34 48 22 38 12
23 12 95 35 50 37
79 45 99 19 64 78
92 35 12 95 64 66
93 98 79 23 52 60
0.00016757
0.000179632
0.000293084
0.000158255
0.000479396
0.000461697
0.000440867
0.000365388
0.000229518
0.000324303
0.000221302
0.000415133
0.000418526
0.000277743
0.000469163
0.000418271
0.00029702
0.000306929
0.000149949
0.000252867
0.000298614
0.000188912
0.000358474
0.000153794
0.000379696
0.00033744
0.000458875
0.000265952
0.00023642
0.000303215
0.000340499
0.000170311
0.000448491
0.000428861
0.000146355
0.000291342
0.00038017
0.000238562
0.000405284
0.000363863
0.000109897
0.000193771
0.000401484
0.000348911
0.000310798
0.000467216
0.000448268
0.00014463
0.000249467
0.00010646
0.000336449
0.000348501
0.00043919
0.000201733
0.000414441
0.000434619
0.000234598
0.0002674
0.000459246
0.000236623
0.000106396
0.00022661
0.000361366
0.000494642
0.000340037
0.000229973
0.000480641
0.000148917
0.000462889
0.000463225
0.000208176
0.000478387
0.000259004
0.000358497
0.000364503
0.000145836
0.000431701
0.000331345
0.00021564
0.00015221
0.000424378
0.000126369
0.000163913
0.000401247
0.000335058
0.000390902
0.000200777
0.000191156
0.000209303
0.000311717
0.000374197
0.000250823
0.00044618
0.000311401
0.000459288
0.000417894
0.000203405
0.00048685
0.000149398
0.000227258
162 435
37 149
350 427
216 113
451 247
317 377
159 155
475 336
496 256
185 137
23 129
400 85
264 209
260 389
397 44
294 282
365 220
42 361
368 261
476 308
430 409
37 182
251 494
370 0
309 310
213 439
394 230
242 240
259 435
486 113
207 224
312 21
499 374
66 329
344 227
71 369
20 201
482 298
34 282
267 249
188 202
373 64
492 150
167 425
461 343
350 406
65 352
343 445
175 142
395 210
373 249
388 187
344 276
410 383
309 326
174 277
496 434
295 440
27 115
397 397
25 8
228 427
22 25
12 34
333 43
263 161
165 243
72 376
218 464
370 140
39 379
421 143
369 490
473 18
271 251
40 430
230 230
174 132
97 73
455 84
344 245
11 202
255 170
74 378
33 135
196 81
142 174
146 180
399 370
391 223
199 424
262 322
153 209
186 493
64 348
404 103
465 303
199 458
353 120
431 284
