49
100
6
80 34 16 72 79 24
14 74 100 32 14 16
81 30 35 67 30 40
49 77 79 42 58 71
69 21 17 81 67 23
17 35 14 53 86 25
99 100 94 100 11 18
39 87 74 69 89 45
98 25 68 72 81 76
76 52 96 34 96 92
100 44 62 90 49 39
64 18 27 75 70 43
49 80 64 43 36 12
33 15 37 20 93 25
12 55 18 41 84 89
22 25 77 98 52 81
71 52 80 82 65 47
47 79 93 83 71 79
23 18 59 87 17 56
37 48 17 85 11 89
25 13 62 26 91 29
25 21 33 94 12 72
48 51 32 17 82 25
64 46 23 98 96 54
72 16 42 19 63 47
100 92 61 82 26 26
64 28 82 32 97 60
14 87 90 64 24 36
97 93 35 13 24 61
41 31 29 11 24 75
42 95 37 23 90 99
16 41 71 26 17 74
95 37 73 87 82 20
46 14 58 100 55 98
65 22 13 99 99 45
11 100 45 67 74 71
60 96 63 27 13 91
72 83 93 69 32 47
80 70 40 20 44 23
10 74 43 29 33 93
19 71 30 83 14 98
16 21 68 65 44 60
70 27 63 62 72 62
73 30 61 54 99 23
27 29 86 58 97 20
55 59 88 79 18 77
41 38 32 60 74 89
14 34 11 74 81 37
72 16 80 47 95 43
37 95 12 11 69 16
72 24 47 72 53 39
26 15 37 31 26 85
58 20 68 82 12 51
63 72 82 83 69 94
68 45 100 59 83 94
97 20 78 75 27 70
22 24 32 14 29 52
63 30 33 30 37 36
36 25 59 57 25 73
42 14 15 67 100 96
51 21 99 75 55 84
14 19 22 23 98 83
48 27 48 91 80 78
95 82 98 12 61 74
30 61 14 34 28 59
14 93 85 39 32 29
58 65 24 60 43 28
82 35 20 27 24 10
27 64 28 35 21 48
54 23 18 75 57 80
97 14 68 42 11 91
43 93 98 88 58 96
62 42 85 79 74 85
57 76 30 20 76 69
50 33 49 59 20 55
47 14 20 44 34 36
58 31 81 40 54 33
28 100 34 31 43 42
25 10 90 61 32 93
72 90 75 31 54 25
36 41 44 14 37 38
34 22 50 49 78 29
27 40 60 28 27 69
27 96 79 45 67 68
11 63 34 100 57 91
51 39 34 71 27 40
92 90 89 95 24 43
91 99 36 94 90 90
23 24 45 19 40 57
47 68 65 36 79 60
81 32 39 36 91 65
97 66 39 84 11 22
33 95 20 69 38 94
10 60 35 99 40 10
39 87 39 30 68 28
69 67 12 29 65 39
19 61 80 44 35 12
69 43 68 72 21 73
60 73 63 70 99 83
72 47 82 29 71 49
0.0619177
0.111407
0.0328994
0.0489986
0.0720546
0.121438
0.121276
0.123888
0.116562
0.0628575
0.0265852
0.0302594
0.0879727
0.0840181
0.0569545
0.127625
0.059928
0.0714022
0.0429663
0.0261907
0.0789059
0.0324589
0.0613268
0.0667088
0.0794019
0.129545
0.129066
0.0561577
0.0557466
0.0493325
0.112323
0.0454724
0.0399809
0.0265469
0.0438722
0.0762902
0.0553016
0.0617622
0.0423116
0.0463885
0.102325
0.120014
0.0840827
0.123629
0.0303128
0.09298
0.0823961
0.110274
0.0779191
0.0476274
0.064368
0.0603569
0.0642625
0.104147
0.0315356
0.114347
0.0461644
0.125589
0.0571418
0.0741334
0.103924
0.0583267
0.0731278
0.0923468
0.0544054
0.0763402
0.0809905
0.0542829
0.0961512
0.128832
0.105246
0.128695
0.104531
0.0401479
0.0991318
0.103852
0.0446053
0.0511878
0.0504612
0.0996313
0.107873
0.0791519
0.0588524
0.0498745
0.0793337
0.0850459
0.0421741
0.103657
0.09568
0.126304
0.128068
0.0885959
0.10025
0.125663
0.120218
0.0619991
0.0569082
0.0786412
0.046565
0.0782907
429 167
239 320
207 474
50 441
481 221
392 444
18 365
68 269
9 451
497 466
230 469
123 28
31 108
438 25
246 116
115 437
202 405
343 117
367 75
220 483
459 32
55 220
181 406
427 491
431 72
300 218
128 452
480 20
15 323
375 213
39 219
281 23
477 242
147 158
371 115
413 124
327 360
194 128
16 495
203 4
441 238
232 70
467 378
429 208
376 274
455 461
459 287
46 39
281 437
416 475
314 423
188 194
147 272
455 190
8 478
423 133
71 128
48 251
244 228
87 130
362 195
154 200
131 94
399 132
293 83
115 353
406 56
173 260
222 9
225 368
30 129
318 227
309 386
373 209
256 144
47 76
472 267
29 285
30 54
156 227
448 55
38 10
401 348
443 272
247 11
471 8
333 394
331 361
70 365
209 440
10 132
121 416
339 359
161 429
146 265
300 110
354 270
414 474
286 357
464 161
