51
100
6
49 81 67 78 57 33
84 42 94 66 21 21
29 11 76 48 46 75
45 42 59 62 45 39
58 22 36 70 15 36
97 36 95 12 44 88
86 69 41 87 32 20
45 75 94 35 90 19
91 69 74 36 17 10
44 28 31 82 49 92
29 25 89 35 81 40
24 90 63 91 15 44
76 29 59 39 26 14
65 86 63 10 39 12
66 38 39 37 95 60
76 14 60 86 30 10
73 92 46 52 90 27
100 58 11 84 93 35
63 35 44 55 100 88
100 10 86 65 38 99
37 33 83 35 89 97
15 38 20 95 45 43
98 51 29 82 51 35
28 55 42 73 27 58
62 41 60 74 38 24
92 21 22 25 34 82
12 79 39 44 58 68
80 40 90 97 18 59
75 82 44 56 50 74
39 98 56 81 10 97
64 58 48 31 52 77
38 75 51 59 53 49
10 77 32 58 36 45
28 15 64 33 65 100
50 83 23 79 41 40
45 32 48 77 36 14
88 18 42 69 73 71
39 41 12 78 34 20
83 30 76 93 13 100
55 67 50 36 87 38
69 60 84 25 98 89
71 83 77 29 37 38
85 88 27 39 59 49
18 80 74 74 59 72
16 43 34 57 78 11
38 36 40 41 11 50
39 45 32 93 13 95
52 29 21 23 82 68
71 70 20 98 65 52
21 33 10 12 86 20
57 68 38 79 32 48
67 96 95 54 16 20
90 33 73 18 59 41
29 36 52 72 72 59
72 58 47 40 87 55
71 99 36 86 59 95
95 82 91 85 24 78
96 70 70 31 74 67
41 21 33 35 18 82
48 98 78 75 32 73
45 90 38 20 68 59
25 86 25 95 88 65
23 12 97 56 43 21
87 61 62 57 30 33
16 60 50 56 38 32
77 15 69 79 33 32
52 87 71 12 37 38
35 62 81 11 33 53
92 60 80 30 50 75
65 23 73 66 37 20
42 32 41 93 37 53
97 24 21 47 62 44
57 15 71 58 69 90
99 31 76 37 67 14
19 54 69 63 41 97
97 52 57 73 98 40
50 83 54 11 14 62
35 53 57 17 99 53
42 47 79 65 54 65
20 47 62 14 28 61
70 92 62 60 71 27
80 28 61 75 68 62
58 92 58 47 76 43
65 93 43 47 45 14
96 57 90 10 21 78
50 39 43 53 52 46
79 89 86 56 47 80
94 46 76 14 74 53
62 85 33 65 20 24
38 92 91 48 70 64
88 62 71 35 25 11
38 27 23 42 49 15
23 39 17 52 53 44
34 65 83 60 72 80
75 67 47 34 31 76
25 31 12 88 15 58
66 13 67 38 77 69
66 76 51 92 53 46
40 20 81 59 94 77
63 49 31 10 20 22
0.127264
0.0808018
0.0719005
0.0837755
0.101544
0.0543181
0.109893
0.0568231
0.0659451
0.0331194
0.0295759
0.118431
0.0338106
0.108202
0.0726323
0.07637
0.129466
0.0635385
0.0691991
0.0766387
0.0985048
0.0384163
0.0420231
0.0375266
0.0987864
0.108995
0.0395719
0.0948218
0.0341286
0.0467461
0.0469569
0.0886206
0.117089
0.116224
0.0595645
0.0573906
0.0806618
0.0568466
0.0480588
0.0916165
0.0598857
0.0966331
0.0914734
0.041695
0.105988
0.112993
0.0699667
0.109989
0.0876968
0.0938691
0.0425064
0.0534272
0.037484
0.0663513
0.0539883
0.0611666
0.0463794
0.0837273
0.0265945
0.0882566
0.0449272
0.10251
0.0572549
0.0504082
0.0510441
0.106284
0.0410389
0.033549
0.0377612
0.0629844
0.041991
0.0626625
0.113921
0.106208
0.0404832
0.0508813
0.0360043
0.0344144
0.0778624
0.12872
0.0643847
0.120862
0.11114
0.0279658
0.0648644
0.0678978
0.0733807
0.127962
0.0731375
0.0542837
0.128607
0.11827
0.0995468
0.12355
0.0518483
0.115325
0.07633
0.115747
0.0757915
0.036537
62 242
51 124
454 181
144 82
100 309
211 222
158 303
293 403
96 58
305 466
325 343
425 69
413 112
92 481
246 241
252 324
313 322
457 443
387 337
8 414
395 174
72 453
25 463
41 230
418 399
396 9
0 305
239 75
21 82
390 302
48 493
283 185
363 82
411 23
363 78
188 417
407 76
235 477
124 307
286 45
246 338
218 192
326 229
449 133
263 326
136 216
23 164
250 236
461 193
73 51
404 431
420 236
43 290
93 385
156 296
157 134
331 470
465 475
279 70
369 313
260 470
417 420
321 469
334 339
393 455
89 434
491 100
195 73
46 322
37 445
274 69
295 223
399 491
348 425
400 59
272 215
24 477
476 213
44 189
372 302
41 391
286 68
358 34
281 123
458 415
242 428
296 348
389 154
251 287
479 406
448 118
14 382
28 327
344 194
93 280
452 301
46 24
489 426
344 134
147 372
