81
100
6
76 88 18 30 67 80
18 16 83 18 52 59
39 25 73 41 10 23
77 76 33 44 63 37
73 69 82 30 68 96
31 68 23 20 86 31
55 84 25 84 80 84
80 86 31 38 80 80
80 63 60 62 71 13
63 61 24 37 20 74
50 74 49 56 41 11
89 38 39 43 95 53
14 99 100 54 85 77
85 73 66 87 55 14
31 75 78 24 34 57
38 40 17 15 47 98
35 15 98 49 51 68
64 47 52 25 46 14
17 86 16 90 73 75
100 28 55 90 36 95
38 82 79 20 99 21
66 80 27 91 95 85
70 100 47 75 27 82
33 38 41 54 90 85
55 21 96 45 66 20
19 63 74 96 48 70
75 59 82 39 72 72
42 38 90 74 38 51
37 51 21 26 36 42
37 46 98 100 92 77
94 37 72 78 63 71
32 15 48 67 51 72
88 64 43 29 36 90
75 54 29 41 62 90
23 50 39 24 15 70
31 41 100 54 68 60
86 28 19 71 47 61
24 48 65 90 50 88
37 58 50 49 30 26
36 33 27 26 70 41
87 51 48 25 45 88
96 90 88 70 67 53
92 15 93 63 49 34
40 19 32 18 47 39
50 84 88 61 44 25
87 98 12 34 91 85
54 26 68 21 96 53
57 19 33 25 14 72
21 83 86 45 51 36
51 54 50 100 57 72
17 36 79 54 97 65
100 28 99 13 31 63
56 66 21 55 63 96
91 36 60 86 62 51
49 68 67 90 31 27
64 82 67 18 54 84
33 29 57 28 21 93
100 97 53 84 83 87
22 51 44 40 77 97
82 28 21 46 93 55
82 54 24 24 76 98
82 68 93 35 46 78
80 21 66 16 76 85
41 81 83 63 92 76
99 24 73 22 90 11
31 85 37 91 62 71
24 34 17 85 17 59
67 85 42 69 34 65
22 99 62 71 89 22
93 19 79 41 22 54
63 85 89 52 99 25
55 44 24 60 62 35
82 11 37 61 11 43
86 84 71 92 14 66
11 61 35 86 77 96
93 48 94 29 36 85
15 84 46 96 99 61
81 99 77 61 89 34
71 52 81 19 42 37
98 84 92 40 21 32
87 47 58 14 14 78
31 63 99 24 71 11
26 79 85 88 99 62
34 43 67 95 14 42
90 74 25 83 63 38
90 71 32 69 14 46
65 57 40 42 33 88
48 58 48 75 11 84
71 92 19 14 88 26
30 11 66 69 73 94
95 94 74 70 56 55
29 58 22 88 90 67
55 64 65 25 31 75
64 15 82 62 54 39
16 47 47 14 60 68
37 36 59 43 82 73
29 27 23 67 35 37
65 95 71 44 37 90
27 66 78 13 99 66
16 79 31 49 48 80
0.0571845
0.0420152
0.0640515
0.0442035
0.120999
0.0685963
0.0833711
0.0381772
0.0999201
0.0390862
0.0818506
0.102865
0.0492548
0.0820376
0.11497
0.117973
0.0816425
0.0774591
0.0626313
0.0367477
0.0935142
0.0951709
0.0739429
0.118809
0.126965
0.122807
0.104891
0.0542534
0.0996822
0.0414902
0.0446612
0.0460967
0.0664561
0.0839034
0.117129
0.0643588
0.0311344
0.0789201
0.0720291
0.114073
0.102832
0.0356361
0.101979
0.0971432
0.0892256
0.026675
0.0910768
0.0567491
0.0346736
0.0435018
0.107013
0.111689
0.117985
0.0606983
0.0704423
0.0710105
0.124853
0.112742
0.0410579
0.0688385
0.0960043
0.120923
0.114398
0.092811
0.085406
0.125363
0.0427003
0.0855778
0.0885207
0.0530878
0.0911706
0.113211
0.0908735
0.0860898
0.117357
0.0484892
0.0943208
0.0714286
0.0547627
0.116168
0.129391
0.12594
0.127602
0.0903057
0.0834967
0.030293
0.0784846
0.0281646
0.0744955
0.0957257
0.110308
0.0470997
0.11237
0.123039
0.0532739
0.0719444
0.120061
0.0586576
0.126813
0.0626449
0 411
97 286
312 360
142 228
32 409
216 199
368 443
336 219
300 484
446 467
84 319
287 210
137 233
84 86
178 190
23 362
166 15
253 297
291 303
165 82
47 465
261 29
114 209
51 287
171 62
452 152
262 142
102 346
270 107
94 208
60 12
224 14
302 347
440 38
36 295
404 13
127 322
425 352
359 367
34 181
399 77
33 41
150 395
303 182
142 339
444 208
363 458
164 206
12 29
382 463
18 20
345 353
198 425
229 412
488 368
43 256
285 26
362 26
329 172
63 491
9 217
162 491
28 334
428 119
47 305
116 303
205 419
285 209
364 66
344 182
63 319
441 342
476 130
210 88
289 188
106 155
81 428
201 340
25 90
32 433
185 404
217 232
279 265
285 466
114 377
6 74
459 131
92 442
162 272
466 280
175 493
411 98
250 339
194 439
398 452
270 264
456 279
70 301
385 84
240 68
