98
100
6
61 33 76 53 57 88
73 40 32 57 89 35
74 64 93 91 33 69
72 65 22 50 89 26
97 11 56 33 16 97
61 13 11 77 60 16
21 53 76 25 35 53
96 22 27 13 37 39
91 83 98 70 39 58
54 72 60 69 94 41
53 78 52 16 69 10
96 84 16 65 80 67
52 55 26 98 15 83
76 24 77 18 77 90
33 25 14 94 59 38
10 45 74 75 96 58
62 85 22 97 27 47
24 69 12 21 73 50
29 28 91 94 24 97
96 32 23 74 50 87
86 31 97 32 20 25
13 51 91 70 54 47
51 40 48 51 63 19
40 65 31 63 54 31
83 38 59 27 23 28
95 47 52 96 63 32
31 11 56 30 41 28
93 18 34 80 47 15
97 19 58 44 40 27
75 69 33 85 15 34
15 41 51 19 83 47
67 34 22 28 70 52
70 14 28 83 67 48
90 21 51 11 39 14
76 27 70 68 15 70
28 46 28 30 24 55
94 78 94 44 79 38
66 75 26 68 57 30
42 24 100 72 96 45
96 71 20 67 41 75
84 30 64 19 60 10
82 15 96 31 49 42
29 73 69 56 96 49
76 35 81 19 48 83
31 86 93 85 68 73
14 86 68 41 47 73
13 83 17 13 61 84
18 96 91 86 48 60
40 26 44 34 91 71
73 79 35 12 28 97
71 67 99 28 90 97
10 68 93 57 33 96
88 43 53 76 36 98
67 22 51 81 33 33
94 50 82 99 94 11
76 74 98 29 70 88
27 38 42 68 27 77
73 71 36 34 97 45
78 75 82 48 32 98
60 20 45 69 53 100
94 54 44 90 46 40
41 44 13 41 53 34
60 14 93 51 14 57
12 71 42 35 60 58
34 79 23 40 100 40
38 26 35 51 50 85
85 20 18 23 21 78
76 84 91 65 91 37
78 63 95 64 73 47
38 57 73 21 15 17
59 84 19 19 29 78
47 77 43 19 61 47
62 14 42 48 12 25
57 17 96 74 44 97
96 47 32 68 41 16
51 70 93 31 82 35
91 24 81 66 50 87
61 99 61 75 85 15
83 82 100 100 51 95
55 38 75 87 44 24
51 22 48 54 33 89
13 93 64 66 16 13
62 22 79 24 15 22
88 81 79 65 19 40
91 51 23 67 39 100
89 69 13 71 75 57
70 28 88 91 87 33
68 80 66 74 91 82
47 25 67 18 70 58
21 63 83 58 37 74
97 82 26 72 100 43
28 97 88 13 82 74
41 85 84 35 92 53
78 85 63 44 55 42
68 77 87 11 25 73
32 73 16 85 84 22
23 16 55 20 94 45
53 95 77 11 32 94
92 40 36 37 15 43
12 30 70 26 78 54
0.120416
0.0821682
0.107302
0.0631457
0.061699
0.0397002
0.0881626
0.0860904
0.0791006
0.0996111
0.127789
0.0472561
0.0950537
0.103662
0.0917461
0.0715982
0.0578325
0.0341788
0.112781
0.0737466
0.045098
0.0305043
0.115598
0.0305489
0.126092
0.0410517
0.0871004
0.0904604
0.0266036
0.107768
0.128201
0.0372302
0.0828193
0.0522398
0.101164
0.0664425
0.0521986
0.119507
0.0938405
0.128727
0.113309
0.0919126
0.0506967
0.047271
0.107629
0.119722
0.106379
0.121475
0.0698678
0.110162
0.105563
0.0527086
0.103788
0.0732911
0.102601
0.107428
0.0436054
0.0603617
0.0572542
0.104725
0.0872126
0.0656904
0.0330734
0.129024
0.0533114
0.129211
0.0765023
0.088225
0.109204
0.0632119
0.129976
0.0375913
0.0340088
0.092721
0.0618692
0.0784324
0.0329206
0.0790146
0.0781178
0.0713415
0.0791552
0.0324273
0.05195
0.0356563
0.0889431
0.0519854
0.0824469
0.0833035
0.12515
0.0479132
0.123384
0.0358941
0.114186
0.118075
0.112829
0.119941
0.103185
0.0521395
0.0603251
0.0476665
132 481
6 52
28 200
256 499
422 73
179 200
131 284
369 27
324 183
381 431
329 13
322 361
275 25
316 105
459 255
1 179
352 318
414 13
194 328
411 391
252 145
63 58
221 312
171 218
140 24
383 466
168 453
48 76
123 302
409 316
329 422
291 185
408 31
250 170
312 460
449 420
132 262
433 413
483 259
352 262
350 498
274 113
51 327
290 219
488 61
164 143
93 347
259 171
322 347
86 237
54 381
447 498
200 437
206 265
345 150
28 40
52 181
442 499
281 322
154 380
292 330
355 13
438 71
492 133
126 211
82 360
188 290
139 98
450 311
196 322
70 448
161 452
481 60
437 181
99 312
205 395
426 498
462 90
217 438
449 404
426 481
65 123
118 335
264 496
331 423
451 492
134 480
163 55
226 132
18 74
445 267
386 470
43 244
323 75
41 14
405 480
295 187
59 154
420 380
112 77
