49
100
6
49 30 24 32 85 53
31 19 82 62 82 71
43 59 27 60 72 23
70 14 84 66 43 56
12 85 21 34 38 65
57 70 95 61 51 40
16 15 71 38 78 37
56 100 72 23 32 24
33 42 71 97 75 70
31 76 18 37 37 82
81 43 98 72 58 13
83 41 44 21 45 65
99 38 93 29 63 21
77 31 99 40 82 98
88 68 68 100 42 24
88 31 27 54 87 38
80 63 19 93 48 21
26 59 97 95 87 14
50 74 22 56 16 49
83 54 70 86 25 86
75 11 94 92 49 17
73 83 34 64 68 41
70 61 52 69 77 32
96 56 11 19 85 50
22 61 84 25 48 56
43 85 59 79 93 38
97 21 62 57 79 23
70 72 83 44 44 87
19 70 28 83 44 66
100 82 72 57 98 13
47 68 94 47 39 58
69 47 56 15 96 57
28 79 61 12 96 42
84 52 50 59 45 33
74 45 99 73 97 60
24 27 17 51 13 72
86 59 39 65 52 34
12 86 81 43 64 73
43 94 59 53 65 24
18 77 23 55 51 10
35 91 16 27 24 99
60 29 42 22 17 93
39 38 48 64 98 47
21 56 88 90 31 17
21 30 72 31 93 84
49 38 61 95 21 76
22 18 45 38 26 35
11 61 16 19 78 55
45 37 11 27 33 13
64 41 83 77 11 57
20 62 68 22 51 23
83 67 39 25 19 29
54 94 54 92 63 36
70 61 32 55 53 70
79 67 51 65 36 51
34 14 22 41 64 73
88 47 58 76 27 78
62 88 57 21 91 10
100 68 61 89 31 24
55 20 18 27 71 73
79 81 59 63 25 77
56 17 35 31 81 74
86 24 74 11 93 44
63 89 96 72 84 93
39 97 73 65 28 79
42 88 19 22 96 94
49 50 98 72 89 78
75 25 30 84 22 19
56 68 15 59 26 77
10 44 74 18 77 56
63 24 45 96 30 56
97 73 38 33 69 48
90 85 31 81 86 56
41 56 77 95 42 15
59 42 54 28 95 94
54 69 94 18 76 20
18 95 93 44 20 82
30 26 99 67 50 36
65 27 100 60 73 71
89 97 57 99 20 59
49 73 36 21 21 10
56 94 90 46 78 76
28 84 76 14 74 95
10 35 68 17 39 78
69 20 86 56 64 70
83 71 34 38 28 78
26 63 29 26 40 50
28 88 38 49 43 71
90 89 90 48 47 71
55 63 59 75 71 43
91 80 25 83 46 24
100 52 16 20 89 24
11 31 52 92 30 20
46 13 27 64 72 86
45 29 33 13 51 30
89 40 51 96 40 32
87 86 49 24 85 36
14 49 100 21 83 76
94 65 58 46 91 12
38 25 88 41 35 63
0.107045
0.0443176
0.0705974
0.0611565
0.0986013
0.0618172
0.0362806
0.0908692
0.118592
0.0758977
0.036411
0.129887
0.0814851
0.0584246
0.0806847
0.121407
0.0314307
0.0622614
0.083694
0.0658758
0.127824
0.0303931
0.0815052
0.0626749
0.129612
0.0929189
0.0746097
0.070843
0.028049
0.0280685
0.0825199
0.0840744
0.0773986
0.0702239
0.116214
0.0461956
0.0280148
0.0871358
0.109243
0.0486934
0.0810413
0.0357832
0.113249
0.0981841
0.097829
0.096558
0.104967
0.0386719
0.124072
0.0526507
0.129944
0.0858104
0.0615857
0.0406267
0.0986517
0.0324285
0.0336323
0.0635264
0.113384
0.0980652
0.103774
0.0639953
0.122246
0.075161
0.0886524
0.121312
0.0587339
0.0640546
0.122915
0.0939538
0.0955584
0.0662345
0.0564332
0.027424
0.0560529
0.0858492
0.109883
0.0694063
0.113496
0.0909059
0.0555139
0.103405
0.0755562
0.120392
0.0757633
0.0647618
0.0540496
0.0990776
0.101256
0.100903
0.0919252
0.0414749
0.111548
0.0552964
0.107065
0.118259
0.0580584
0.0863567
0.0608243
0.0275774
14 196
25 198
440 190
29 180
14 203
243 377
437 135
481 412
416 142
110 437
457 280
429 311
288 318
106 139
90 47
301 443
152 394
431 109
309 396
295 431
167 431
378 238
415 192
218 337
420 335
120 416
334 231
224 84
235 212
126 335
410 113
237 31
407 194
210 161
310 19
233 369
314 365
413 305
290 265
354 138
157 99
426 258
246 334
439 340
194 328
305 467
290 101
89 270
449 349
142 258
432 160
27 299
463 408
270 479
395 251
4 91
179 221
85 353
17 320
215 309
100 327
208 135
317 180
128 283
381 76
403 170
115 77
431 414
90 15
251 31
346 379
60 371
131 80
363 56
173 52
28 190
457 117
430 275
178 406
305 370
22 233
406 106
468 287
61 401
454 218
348 479
330 411
125 396
358 35
99 407
425 474
226 134
457 6
401 337
419 484
303 347
322 331
401 392
49 207
331 122
