33
100
6
90 96 75 86 61 94
54 16 48 18 17 59
71 97 59 76 73 63
17 45 39 15 52 83
48 80 97 78 18 63
38 44 80 31 13 15
44 73 43 32 38 70
33 80 12 19 24 24
48 91 21 24 22 64
87 61 47 87 34 56
67 94 68 50 29 80
35 36 69 81 42 17
58 79 83 12 26 52
52 49 84 32 34 85
71 18 19 66 21 13
82 93 76 63 45 34
76 32 50 22 72 90
23 91 44 72 59 34
77 37 46 17 36 64
45 71 19 12 34 22
57 88 92 61 57 55
21 36 12 12 83 96
14 31 72 44 18 42
42 58 58 75 44 64
52 61 100 16 64 27
99 76 92 12 26 71
39 10 71 79 93 75
99 27 15 41 13 68
72 40 99 10 16 81
56 40 58 80 10 50
50 97 25 32 16 96
35 60 46 97 91 50
58 66 27 32 68 31
78 17 77 94 98 27
11 35 22 59 66 96
55 95 82 79 90 51
94 81 17 40 15 40
80 29 16 38 42 40
37 72 12 98 92 76
64 67 25 68 63 97
24 44 26 19 70 54
55 53 37 57 47 98
72 69 17 99 88 71
38 86 66 93 27 71
53 100 36 99 20 46
96 30 74 29 48 21
48 93 12 70 85 70
48 47 37 60 53 47
30 40 90 32 83 93
43 56 13 69 47 43
71 97 19 92 53 88
20 86 27 39 42 14
81 47 97 46 50 55
44 66 21 74 38 11
58 52 11 78 52 71
90 100 81 76 76 98
95 42 18 75 98 16
55 79 69 67 68 50
96 89 70 83 85 64
77 82 59 12 93 15
92 76 65 12 73 27
24 91 16 72 34 43
98 27 52 18 34 99
39 92 64 81 38 24
56 34 68 59 11 61
23 10 10 18 42 24
85 49 45 83 22 40
89 64 14 51 54 18
17 35 95 78 72 10
83 96 79 92 83 81
96 98 75 20 11 12
46 38 58 81 32 66
80 76 10 71 58 49
43 58 72 76 39 37
28 62 39 93 69 27
36 63 11 96 28 91
68 20 85 69 46 67
65 32 69 21 100 25
41 39 95 18 61 25
50 39 72 55 39 33
66 30 66 83 11 69
35 36 30 32 61 60
71 87 37 91 91 55
96 92 48 68 61 56
59 88 87 20 76 76
63 56 58 61 76 87
62 54 62 21 34 38
81 46 71 41 76 37
32 50 89 32 64 38
50 20 79 63 54 69
100 43 53 86 70 43
65 98 66 42 65 45
76 82 66 43 68 49
94 58 29 78 20 68
64 41 85 99 57 70
77 43 89 75 24 25
83 11 32 69 76 31
32 43 82 47 77 32
24 59 64 84 45 32
88 85 67 91 56 86
0.028224
0.0629004
0.110851
0.0415433
0.114375
0.113425
0.108793
0.0977282
0.0757217
0.123774
0.067259
0.0325201
0.039477
0.0650162
0.0571716
0.0442651
0.0966018
0.114599
0.0597232
0.0524421
0.0399472
0.0815866
0.10573
0.124883
0.0633222
0.0708615
0.0668231
0.0422803
0.116069
0.0989714
0.0488532
0.0437501
0.0279773
0.110126
0.110762
0.08333
0.108856
0.0276481
0.101787
0.0691152
0.0610812
0.124561
0.126859
0.0954373
0.110888
0.0516937
0.0621077
0.0920849
0.110123
0.0427174
0.0835229
0.0806139
0.123103
0.0935689
0.103166
0.0489772
0.0916624
0.0260965
0.0687099
0.120876
0.114788
0.0929733
0.0932762
0.10551
0.0624032
0.0952567
0.0597957
0.059799
0.0317793
0.0550563
0.0668967
0.10608
0.0409557
0.0924418
0.0357061
0.0599379
0.104661
0.0915609
0.0473588
0.0869426
0.0822413
0.127028
0.0968225
0.0642557
0.0491479
0.0765155
0.0702123
0.0581477
0.0609336
0.0616579
0.0617764
0.0596551
0.0583949
0.102937
0.0947058
0.118762
0.0554943
0.124993
0.117134
0.0494099
311 275
288 484
217 21
254 106
352 328
352 495
456 167
381 266
369 80
484 84
475 95
500 90
479 300
496 466
314 161
136 426
213 294
454 221
499 486
378 436
472 7
494 258
291 133
463 275
118 245
294 498
422 427
74 413
196 220
46 105
200 23
392 41
174 125
400 334
50 370
116 4
260 269
87 105
173 82
49 237
68 293
67 57
386 147
467 170
288 347
272 98
192 370
181 232
200 117
44 349
361 355
107 249
384 74
355 114
361 191
298 107
127 56
454 374
448 381
344 215
198 251
193 209
181 300
240 125
295 26
159 63
465 81
124 341
136 311
133 150
321 250
379 407
243 307
229 438
253 119
371 426
303 147
298 442
393 178
71 262
303 468
20 400
44 151
82 496
26 380
269 297
50 37
164 486
227 261
272 491
376 288
210 160
337 245
381 17
345 226
271 391
209 255
195 163
466 302
379 404
