17
100
6
98 63 91 49 49 75
52 43 57 22 11 29
66 49 11 99 39 69
83 40 91 68 38 27
55 15 75 95 85 48
36 95 62 12 70 67
66 16 31 17 76 84
81 16 26 46 11 53
38 71 47 27 45 50
10 25 96 79 53 45
30 53 48 41 42 93
84 12 59 94 29 89
41 64 76 96 15 95
36 61 73 85 15 35
15 58 53 54 25 57
29 53 52 90 100 68
13 74 82 89 30 14
21 11 17 99 57 60
65 22 43 71 18 72
96 61 69 25 16 45
42 25 25 71 16 52
69 84 30 25 86 26
66 14 62 40 67 72
25 10 85 50 93 41
96 33 38 42 75 24
27 67 33 67 23 21
97 64 65 63 36 88
54 98 60 27 78 42
75 100 52 56 55 18
98 35 72 61 94 97
27 77 20 92 100 88
75 41 54 48 27 31
20 85 56 54 96 38
86 72 83 37 33 21
47 17 90 32 82 98
61 81 87 63 97 51
63 81 94 93 66 17
19 52 45 51 76 89
79 66 50 90 26 73
90 23 13 66 26 51
22 25 41 75 24 70
18 78 74 29 51 75
15 31 84 73 86 97
62 73 84 91 46 25
18 78 77 44 36 39
61 23 100 88 15 73
93 82 17 85 70 58
90 49 24 35 80 28
25 72 79 82 73 84
46 89 35 28 19 64
38 89 70 62 86 55
69 41 19 54 18 26
29 34 97 93 51 60
31 58 29 38 64 27
46 35 55 88 82 75
26 27 29 15 62 32
67 92 50 71 71 49
99 79 26 80 10 98
46 96 90 78 95 42
17 67 70 27 80 69
27 98 43 10 51 89
27 47 32 81 32 46
79 58 94 30 38 24
81 34 46 25 92 51
27 78 57 35 32 100
21 95 61 85 71 33
92 87 48 49 60 89
10 78 77 14 22 39
94 59 59 100 21 49
27 81 49 40 94 19
20 23 10 47 90 83
96 26 42 39 50 71
96 36 66 45 48 84
82 16 18 61 67 28
33 28 48 34 97 31
45 19 72 84 36 29
95 30 18 25 54 43
20 13 92 71 70 43
78 17 16 72 48 44
31 26 78 87 47 15
97 83 59 25 32 60
26 47 88 39 68 59
96 89 83 61 14 98
48 98 46 75 60 95
96 60 34 19 53 64
32 54 30 46 57 86
64 81 54 22 68 80
79 85 19 63 59 74
93 57 32 68 59 96
56 57 12 19 52 76
56 50 72 36 49 71
81 57 40 11 22 44
33 52 83 40 76 57
14 91 65 88 41 21
75 89 45 39 20 73
96 75 17 41 36 38
95 26 81 55 80 60
45 64 45 25 17 77
24 68 84 33 12 25
69 93 41 32 54 91
0.122004
0.126613
0.102262
0.0573976
0.0822108
0.0875146
0.110498
0.0576548
0.128263
0.0867528
0.0677305
0.098309
0.0580462
0.0983286
0.0448578
0.121432
0.0988306
0.0962012
0.119178
0.0353613
0.0978084
0.129066
0.104045
0.0292789
0.0524528
0.127304
0.127264
0.0671394
0.0877201
0.0471224
0.0297834
0.0937703
0.0676577
0.105359
0.0262585
0.0628962
0.101971
0.0519042
0.0405061
0.0729359
0.114225
0.129168
0.0966596
0.104551
0.0871385
0.072223
0.0986897
0.0375554
0.0619936
0.0837656
0.0333792
0.0270425
0.0579719
0.107991
0.0395603
0.0642579
0.0393996
0.0443191
0.0892573
0.120797
0.075092
0.118169
0.0824409
0.0522571
0.0747962
0.0927892
0.0957089
0.0523524
0.0317179
0.123875
0.091051
0.0864378
0.0404575
0.090217
0.072524
0.108058
0.0521499
0.0340012
0.129182
0.109883
0.0567998
0.0460127
0.0265292
0.0282425
0.0982585
0.0801015
0.118844
0.0477795
0.0399761
0.102012
0.128416
0.0726804
0.0265447
0.0327525
0.0785342
0.0795053
0.0349097
0.062481
0.0690379
0.087887
456 319
289 440
124 127
202 20
187 250
308 466
252 370
355 213
453 410
338 277
165 469
8 275
426 436
173 273
406 345
127 43
367 202
450 92
252 412
79 233
486 258
96 292
81 313
277 277
178 278
319 480
493 238
283 486
270 380
290 254
10 277
142 456
473 467
193 72
55 112
366 342
86 138
51 169
485 274
323 350
96 91
427 472
216 251
243 450
185 400
188 359
211 497
500 134
403 322
285 247
22 226
357 63
146 156
60 22
50 408
356 135
221 326
346 413
299 118
234 399
268 441
18 497
31 164
174 236
364 351
445 264
303 81
291 278
452 272
342 384
382 278
245 71
400 468
351 265
295 449
175 40
260 113
77 109
323 327
73 440
295 314
206 486
485 308
149 344
312 326
189 424
182 364
23 351
54 243
130 374
34 139
238 288
186 91
444 400
291 146
383 404
469 90
423 376
296 459
307 312
