41
100
6
62 24 57 59 23 61
26 95 64 44 88 24
50 100 16 73 87 50
55 68 30 41 19 81
86 79 44 74 51 61
91 22 62 30 89 35
20 39 23 87 94 28
25 97 21 72 73 59
49 48 10 70 98 65
37 96 63 20 99 82
79 85 28 90 15 73
24 54 74 11 37 53
60 66 53 49 72 57
15 79 81 77 41 75
27 96 82 73 80 96
100 99 23 42 17 49
93 19 67 33 11 54
23 38 61 81 22 16
38 13 66 98 19 71
54 24 17 74 89 41
93 88 51 60 80 74
40 71 72 27 43 68
100 50 94 61 65 45
74 44 88 96 15 20
57 32 91 98 11 57
88 33 100 12 92 18
99 46 53 18 94 69
27 92 60 79 13 49
43 96 78 77 45 76
42 79 24 22 50 20
18 68 81 73 74 37
73 60 53 54 22 55
48 40 100 59 33 15
33 76 34 17 98 85
41 10 75 12 56 29
81 60 64 68 63 98
26 70 49 25 17 85
90 43 47 89 25 50
46 34 55 17 99 29
17 35 86 91 18 17
26 54 23 51 76 23
12 20 61 38 36 58
18 30 48 51 47 26
26 60 28 92 45 48
54 79 31 18 83 66
48 55 97 45 25 16
16 35 68 100 88 57
54 46 20 75 38 49
80 83 85 74 19 21
89 75 48 69 32 12
52 78 13 85 54 60
46 23 48 17 64 57
48 17 61 49 71 31
58 50 41 52 99 78
27 17 98 21 12 14
59 94 67 22 58 43
45 93 32 68 58 82
94 96 23 93 10 39
47 62 27 93 100 66
83 25 85 96 100 40
80 85 15 15 100 61
44 49 91 34 79 64
86 70 96 45 93 41
29 90 68 63 59 50
85 93 76 93 30 37
10 39 28 51 50 52
76 94 17 63 50 88
77 66 34 28 81 57
39 23 28 62 22 43
99 26 65 31 55 37
30 22 78 67 66 26
90 98 63 89 67 11
61 92 66 99 96 35
37 67 100 27 77 40
83 52 63 80 27 73
51 68 51 34 18 76
82 15 88 72 17 86
80 75 95 71 82 27
22 79 89 69 57 18
18 72 84 20 74 17
67 47 47 51 27 20
92 98 23 79 51 24
61 95 57 73 17 75
73 64 76 39 96 76
72 71 58 53 17 14
59 97 21 97 84 61
59 44 29 46 79 56
80 20 91 72 68 32
98 63 34 14 64 42
76 50 93 41 78 70
92 56 23 32 60 51
74 65 85 16 12 72
42 40 29 58 30 30
25 90 86 43 34 98
14 15 43 80 16 65
23 59 97 37 40 100
85 90 18 31 68 64
50 41 63 21 22 86
11 38 29 24 70 24
23 87 69 69 28 30
0.0562389
0.0397137
0.0669269
0.0982938
0.0412042
0.0823352
0.0277393
0.0689529
0.0710089
0.0393684
0.0482322
0.0609965
0.113969
0.0315671
0.0839586
0.0398351
0.0413571
0.0842961
0.0627424
0.105532
0.0885853
0.0385622
0.117608
0.0644414
0.12429
0.0771083
0.0345164
0.073776
0.0348742
0.0636117
0.0296045
0.0786631
0.0703011
0.0727335
0.102113
0.0918283
0.125043
0.115084
0.0546027
0.0438222
0.114453
0.12422
0.0906914
0.121406
0.0721481
0.0878537
0.120694
0.0650189
0.0682595
0.125029
0.0943973
0.0391191
0.0963915
0.0507113
0.0463879
0.0990272
0.0740211
0.0603227
0.108108
0.0461186
0.0954668
0.0855549
0.0662332
0.0752771
0.0764182
0.127181
0.103677
0.0342365
0.0758017
0.105135
0.0327733
0.0300938
0.101076
0.115816
0.108978
0.027608
0.125295
0.0917258
0.0804221
0.0901307
0.112057
0.0925145
0.106157
0.041234
0.0417823
0.0430055
0.041547
0.125637
0.0368642
0.067055
0.0574693
0.0515303
0.0861072
0.104052
0.0929601
0.0427827
0.0694996
0.0915288
0.0965025
0.082928
400 244
489 257
288 231
433 407
175 432
131 66
401 18
234 372
214 179
161 416
173 390
356 333
57 150
455 391
69 329
80 60
382 116
249 248
73 114
81 94
80 38
463 361
16 69
262 232
253 45
321 207
419 417
182 83
70 260
343 125
180 408
237 90
210 12
72 52
76 398
244 495
433 229
312 240
73 15
198 413
437 416
37 442
290 88
406 126
251 152
51 491
426 360
428 270
59 189
231 321
470 493
312 211
267 43
387 427
391 281
295 128
118 473
321 436
473 35
130 306
136 76
302 389
83 135
409 92
59 233
271 164
439 345
39 440
285 495
412 402
337 357
94 455
290 257
281 330
382 494
157 150
296 313
314 296
465 394
20 45
187 34
26 454
299 132
200 356
224 181
479 292
334 388
500 82
384 37
72 138
137 245
41 157
290 388
258 210
65 94
429 367
427 432
359 395
255 284
368 10
