45
100
6
25 88 18 68 87 52
96 85 10 18 14 40
72 92 67 55 75 34
58 23 24 25 40 17
82 69 45 70 16 16
20 13 65 55 21 54
82 78 77 80 87 68
12 60 95 30 64 78
89 34 30 58 23 77
26 35 82 71 91 64
72 48 39 87 57 23
59 65 86 71 80 63
71 66 72 87 13 80
65 71 24 28 72 73
61 37 35 29 37 78
57 38 51 83 92 34
44 52 80 59 96 80
69 21 49 70 49 73
19 74 61 35 37 74
83 49 56 27 60 58
88 84 83 59 51 61
68 24 53 73 78 75
89 25 83 24 19 72
57 76 22 17 87 40
22 39 65 43 31 23
82 98 58 87 44 67
83 39 61 58 28 91
15 71 59 38 53 59
83 13 72 99 36 37
46 38 20 12 60 35
67 72 35 80 30 23
73 11 55 26 54 89
76 61 44 100 26 26
44 97 15 62 61 68
73 82 15 56 14 31
23 64 24 58 96 26
50 58 17 13 25 93
74 37 30 65 13 94
24 70 13 18 69 88
37 38 35 79 79 66
94 72 33 38 51 84
57 59 43 93 70 69
80 19 83 72 85 70
71 69 24 74 97 94
57 77 49 56 35 38
96 96 72 23 72 89
34 96 90 74 38 48
85 65 97 60 85 47
53 26 50 49 31 73
75 22 59 91 100 88
55 62 95 11 44 40
56 97 77 22 63 59
77 89 99 48 66 94
78 91 50 62 47 68
66 42 42 25 89 73
94 74 100 20 47 76
84 88 13 94 92 12
41 25 85 11 69 89
70 13 72 44 51 37
41 43 12 33 94 50
35 20 47 61 70 40
28 91 24 10 96 55
41 35 34 39 15 16
11 26 82 60 96 26
63 88 100 40 83 22
53 66 37 35 12 65
21 11 97 57 11 46
22 46 52 29 49 97
68 40 98 55 76 86
32 15 99 95 35 17
99 45 95 78 95 14
63 33 81 12 57 69
17 66 58 86 52 77
85 55 51 27 30 28
68 87 15 93 58 31
15 67 55 29 61 34
67 76 33 11 44 26
50 23 90 49 80 42
75 71 81 21 81 61
95 36 75 22 98 89
30 90 89 100 19 83
90 14 55 93 44 81
84 61 40 97 23 44
72 57 33 85 48 60
68 71 13 26 76 68
12 43 94 92 85 97
41 18 94 34 33 50
47 77 61 69 82 92
16 99 25 77 63 71
27 78 100 42 39 64
32 79 87 85 12 32
19 64 37 33 32 87
54 45 47 31 88 50
83 77 80 84 13 47
76 71 40 29 69 10
29 41 65 48 98 22
57 50 100 88 41 21
29 11 71 95 31 93
91 81 29 64 63 52
12 61 76 78 45 67
0.0590408
0.0597715
0.0465471
0.093012
0.0700552
0.0624225
0.0516365
0.125512
0.0816998
0.109162
0.0690167
0.0634895
0.0800721
0.0855164
0.0814062
0.111274
0.046867
0.06676
0.0368916
0.10005
0.0276243
0.0318827
0.0895664
0.0655342
0.0405875
0.0439512
0.0313132
0.0481054
0.0820138
0.0412511
0.0335346
0.124352
0.0834063
0.0888846
0.107499
0.0631293
0.072918
0.0764618
0.0994929
0.0432088
0.0646836
0.052269
0.0998827
0.0838123
0.10337
0.105643
0.0329548
0.0289604
0.0545034
0.1266
0.080541
0.0748431
0.0482813
0.064975
0.0502286
0.123493
0.0926082
0.0374705
0.107562
0.0447758
0.0816034
0.0597285
0.12199
0.0793868
0.116909
0.081311
0.0772632
0.0328231
0.0841241
0.124106
0.0476388
0.0747536
0.0817278
0.12248
0.0950356
0.0633919
0.0689534
0.0886932
0.0513156
0.0961739
0.0808821
0.081106
0.0462063
0.113184
0.123458
0.12008
0.107124
0.0380606
0.0531189
0.0988594
0.112057
0.0862572
0.0581633
0.0330102
0.0760242
0.0796148
0.0980398
0.103757
0.0341649
0.116445
385 254
255 238
449 375
193 199
403 401
41 288
234 33
69 208
138 80
388 23
117 411
456 302
387 431
83 461
352 241
441 4
143 54
27 296
232 303
297 270
294 96
88 80
362 416
152 14
16 310
94 19
198 253
354 217
110 6
58 100
160 95
409 488
21 228
45 139
138 371
429 260
187 162
47 166
200 476
300 323
264 173
234 198
420 36
391 500
426 366
176 392
352 240
297 204
40 349
444 421
216 110
36 150
373 325
84 4
154 334
30 369
394 454
458 289
277 97
307 488
20 181
486 239
72 255
304 13
203 305
379 277
156 188
99 177
231 415
167 428
464 297
399 431
107 447
453 37
136 68
416 473
135 157
181 363
323 448
296 274
444 244
313 441
315 203
385 52
365 384
126 433
230 112
382 3
45 280
262 89
72 93
422 68
95 72
310 114
489 361
313 98
318 410
246 368
289 282
492 21
