58
100
6
88 100 67 58 78 40
33 84 64 49 31 16
95 77 23 67 73 74
57 48 19 61 88 54
63 31 39 47 50 52
83 41 61 70 39 82
47 47 97 79 17 70
25 64 25 58 48 85
12 68 62 57 20 64
55 50 30 17 78 78
88 47 13 11 82 72
47 47 79 84 85 33
82 87 93 58 43 20
74 11 13 63 26 52
39 77 56 77 65 87
85 25 84 23 64 70
29 44 64 45 16 83
14 78 17 27 90 42
19 19 14 36 52 12
28 12 59 45 63 80
20 90 81 64 42 60
41 95 89 78 100 64
30 46 12 15 29 83
55 65 41 81 70 78
16 93 83 76 97 64
33 33 12 31 76 97
66 12 85 44 15 13
20 29 20 74 35 79
34 71 93 44 73 35
38 87 35 69 27 32
30 40 36 45 23 71
42 23 15 55 76 32
42 71 68 78 26 82
10 17 33 76 68 70
78 10 23 64 45 60
94 59 77 94 30 43
82 67 48 71 40 22
26 19 51 11 52 100
55 48 92 29 79 44
48 62 34 61 75 89
13 36 19 12 46 40
100 18 35 56 54 27
59 42 15 97 88 69
80 48 30 82 75 78
73 38 29 13 71 33
19 16 86 43 75 81
79 58 12 85 91 91
40 100 100 96 22 50
51 92 53 35 58 85
42 51 24 81 60 60
19 42 15 13 57 57
66 85 67 16 57 65
72 86 69 99 86 79
87 100 68 46 70 99
64 79 26 18 31 91
36 47 20 90 59 84
72 84 87 33 94 74
42 49 70 69 19 66
100 42 38 100 12 41
28 34 74 32 29 58
90 49 80 38 38 27
41 19 65 24 82 80
99 70 77 60 58 73
91 55 100 89 38 87
23 10 29 57 54 54
71 65 10 27 97 68
20 23 20 76 15 15
81 78 98 28 49 96
89 30 80 29 18 81
95 15 50 27 38 53
43 85 70 99 82 15
54 83 16 88 44 53
47 93 90 54 25 60
99 83 73 34 83 74
57 43 13 17 10 41
99 81 26 75 81 72
59 74 19 41 31 65
71 84 85 90 96 99
25 40 70 94 74 88
62 45 11 63 60 78
66 55 37 93 67 18
13 12 47 85 93 78
34 75 97 87 55 31
61 67 46 31 95 16
64 65 48 29 47 54
77 90 21 63 17 77
49 20 69 92 68 93
65 53 30 43 17 43
80 69 38 74 52 88
54 87 66 81 53 30
14 81 15 93 64 16
11 18 30 58 58 47
20 99 15 27 58 72
48 91 53 92 80 47
66 71 73 59 39 98
87 21 50 12 92 83
67 27 60 24 62 33
25 42 40 49 40 28
92 18 58 22 99 68
25 51 58 52 68 72
0.0612697
0.051703
0.093603
0.0740826
0.0333061
0.115658
0.068338
0.0567085
0.0879064
0.117901
0.0709722
0.0865221
0.128258
0.0682224
0.043563
0.0799876
0.0590456
0.0765066
0.0809794
0.0934068
0.0658477
0.0316807
0.0518321
0.0935677
0.104344
0.129753
0.107539
0.116671
0.0786176
0.0450265
0.10715
0.0392008
0.0656222
0.0673084
0.113923
0.0790791
0.124851
0.035815
0.114711
0.0669485
0.0367967
0.0673524
0.100166
0.0413068
0.0305567
0.119338
0.068869
0.0929947
0.0635069
0.128092
0.0580616
0.0504245
0.0546873
0.122546
0.12146
0.120412
0.127281
0.0933104
0.111074
0.02815
0.0365754
0.028524
0.0944872
0.125491
0.0578843
0.0902092
0.0314433
0.0847229
0.0839385
0.0567165
0.0580885
0.118368
0.0935055
0.0454585
0.0718746
0.0785577
0.103149
0.107206
0.0299393
0.103684
0.121434
0.0291607
0.0416781
0.128717
0.082509
0.105798
0.0707876
0.121477
0.0528233
0.115957
0.106258
0.0447689
0.0702037
0.0793289
0.0991507
0.0705467
0.0568951
0.0444096
0.0904465
0.12578
141 172
315 429
222 249
496 293
274 130
224 397
470 102
126 281
77 465
353 357
259 44
442 173
362 329
58 136
10 2
121 105
241 229
239 112
218 461
299 193
55 389
35 434
328 461
24 215
329 474
88 337
216 497
123 324
213 351
264 112
316 195
247 206
399 204
276 470
468 414
55 111
430 344
40 18
245 264
174 459
274 424
303 119
158 471
242 171
23 373
401 356
144 98
314 405
163 472
349 457
75 260
290 182
33 469
171 487
396 76
352 330
323 328
213 474
464 362
64 447
180 423
5 80
375 319
58 156
132 229
46 83
389 213
44 152
57 201
142 469
458 208
131 144
225 5
493 410
339 367
145 132
480 411
193 437
439 492
450 229
370 129
362 5
454 401
354 276
286 34
456 370
374 423
106 115
107 58
345 428
48 346
391 198
408 25
352 493
274 474
257 252
95 120
129 312
348 375
413 284
