65
100
6
27 65 80 38 43 62
58 46 62 35 22 92
32 28 99 77 21 95
52 95 39 80 46 85
15 49 66 10 71 39
17 83 22 32 85 29
11 74 25 56 41 91
23 55 68 86 94 28
57 57 89 52 61 10
45 35 12 84 89 78
31 64 83 19 90 99
89 60 22 95 86 26
14 33 23 29 19 17
31 25 81 59 86 36
10 41 86 47 37 17
11 30 65 16 94 63
12 96 95 41 91 98
95 41 74 62 97 80
82 92 39 55 18 58
45 91 12 70 73 26
75 85 86 21 41 72
49 55 68 81 92 93
96 13 66 31 58 42
38 10 57 33 38 88
66 37 94 11 66 32
30 81 44 32 25 51
33 80 10 69 36 62
66 15 39 63 96 60
60 60 94 15 99 39
11 19 62 30 88 38
98 84 35 68 94 12
59 13 33 17 65 71
37 70 77 15 72 60
56 94 78 89 45 18
90 43 91 60 39 53
39 51 43 39 75 97
60 26 56 87 17 44
98 28 41 99 33 44
51 85 83 29 66 16
19 77 22 91 30 28
40 35 93 38 88 99
65 92 44 24 26 74
64 17 71 81 83 20
80 43 65 11 75 76
77 78 91 12 56 66
78 83 94 60 19 85
87 83 54 51 58 77
45 15 57 12 74 48
93 89 32 14 60 29
50 65 66 95 20 86
53 67 41 28 92 57
90 81 48 78 43 80
21 35 20 33 95 99
20 44 65 58 36 66
63 41 60 77 99 66
38 76 72 81 23 47
75 92 61 61 88 39
24 99 10 81 72 33
47 88 78 14 35 86
71 40 42 34 63 11
14 13 42 92 79 68
94 54 58 71 67 70
63 99 36 73 16 54
44 42 82 44 58 86
90 32 99 76 76 23
34 74 67 66 44 11
96 80 86 49 67 61
59 29 47 41 71 62
21 65 22 63 21 66
48 37 87 17 98 46
69 15 12 79 100 82
34 78 38 99 63 22
20 82 37 88 69 92
59 73 46 33 37 26
41 82 37 69 57 79
81 36 18 43 17 98
91 19 22 65 48 85
12 22 78 23 15 30
31 28 44 86 89 21
42 38 85 22 10 47
71 75 72 82 46 24
94 89 83 33 10 58
44 43 40 97 44 89
78 91 27 38 76 90
71 79 39 43 47 91
76 39 69 44 92 53
77 32 10 30 22 26
83 49 10 37 57 27
86 37 95 52 71 94
85 42 16 27 86 70
84 66 61 64 25 60
81 17 88 76 52 76
84 46 40 99 74 86
40 10 56 34 70 79
66 75 10 87 79 75
74 53 17 68 33 25
42 99 45 87 58 82
68 11 49 88 80 72
74 77 23 34 13 75
63 58 82 69 38 73
0.102535
0.0507238
0.0563112
0.12003
0.0528281
0.0465059
0.119655
0.0775291
0.0627894
0.0364161
0.0848684
0.114542
0.0917845
0.0643969
0.0484028
0.0757066
0.0673564
0.0973626
0.113541
0.110584
0.091669
0.0284026
0.0318444
0.10871
0.0272674
0.121496
0.114998
0.035166
0.0539259
0.0712357
0.0618511
0.0920324
0.0896747
0.0378607
0.0739952
0.103018
0.0857842
0.0965178
0.0555839
0.126089
0.085533
0.0735315
0.0855075
0.0718785
0.102859
0.123925
0.087506
0.0532511
0.0800044
0.0947133
0.0381003
0.0495582
0.0853383
0.125906
0.03525
0.0859855
0.0487138
0.0982842
0.0501922
0.100134
0.041236
0.0600319
0.098089
0.0741711
0.0624111
0.0662097
0.125908
0.0741231
0.083943
0.115255
0.0958853
0.124648
0.111711
0.097545
0.0273746
0.0912722
0.0932336
0.113672
0.0957211
0.105095
0.0577204
0.111482
0.0939014
0.100613
0.0817698
0.0696069
0.0816433
0.129014
0.0960634
0.0677809
0.0334623
0.0913518
0.119178
0.102361
0.0645398
0.0807616
0.0334366
0.0499435
0.03677
0.0507369
120 299
172 296
352 477
472 422
399 377
347 320
72 165
31 370
201 368
449 371
229 329
319 341
146 212
484 107
280 428
160 50
462 19
391 246
272 263
146 384
180 273
462 435
485 278
444 36
302 105
492 51
67 221
350 491
453 422
82 401
381 273
258 245
220 33
170 379
132 274
309 469
499 440
107 155
427 153
161 466
241 225
394 46
428 56
126 380
78 61
105 276
316 259
298 311
232 256
25 98
355 191
295 189
268 144
112 177
456 67
500 379
192 459
401 214
254 4
432 498
278 243
292 64
313 392
122 189
142 250
453 59
214 286
366 465
101 334
169 74
284 403
102 496
207 303
200 459
219 448
336 435
439 74
480 451
281 261
49 408
461 20
167 30
241 406
185 112
461 299
377 65
103 181
341 157
381 303
425 468
59 413
388 277
17 498
0 259
395 185
335 222
231 437
242 289
357 208
237 299
