0
100
6
39 64 53 44 92 46
37 87 52 85 14 74
68 93 43 29 49 92
40 67 40 24 14 72
23 73 59 73 37 77
72 44 41 74 41 98
66 90 64 14 79 89
87 66 99 84 85 75
78 94 86 14 66 83
86 58 36 59 57 43
51 99 25 74 18 27
72 59 95 80 51 27
96 42 77 94 83 81
99 53 81 66 34 48
23 50 76 95 63 52
31 75 60 100 67 80
67 81 22 79 80 66
82 42 67 53 83 33
98 69 98 100 100 94
77 41 88 29 82 44
56 34 73 15 23 72
85 18 24 26 32 57
70 25 40 69 25 34
16 65 70 19 52 37
19 65 19 79 70 46
37 37 10 75 47 10
72 83 15 82 36 33
82 18 61 66 69 52
27 26 98 75 93 77
68 47 86 47 92 10
98 80 16 88 10 72
84 49 92 42 95 32
59 79 81 75 59 45
58 82 49 96 40 91
56 90 82 53 51 28
67 64 30 67 63 31
70 45 35 74 23 19
32 36 87 84 43 83
14 47 86 91 93 37
43 37 39 46 42 36
19 77 37 69 87 78
56 86 17 13 36 55
98 61 70 17 76 50
25 37 40 47 23 32
94 80 40 54 11 42
72 90 63 49 23 32
73 53 52 92 19 40
61 48 12 72 14 22
33 42 91 26 21 48
64 50 87 81 28 96
65 13 21 75 31 22
24 21 26 65 34 78
40 29 80 14 29 25
13 43 41 62 57 89
51 93 16 14 17 23
30 23 58 12 51 41
73 93 37 64 14 92
85 80 56 74 65 82
71 79 91 84 45 14
15 66 25 84 69 69
22 50 55 35 18 95
57 96 82 46 29 41
12 80 81 86 48 80
95 11 100 42 96 74
75 11 21 31 17 18
26 19 86 91 84 54
33 85 59 50 54 87
94 98 28 83 28 77
43 48 54 48 36 20
60 66 17 10 59 28
98 60 46 72 20 14
33 76 12 36 61 65
50 99 75 52 32 17
70 19 54 71 20 94
31 13 50 20 28 81
57 24 59 53 73 57
91 79 33 55 93 82
30 91 86 93 39 96
22 49 82 25 96 75
37 56 82 60 20 90
52 91 59 92 76 91
46 47 33 27 42 88
74 51 28 75 60 43
23 37 21 27 38 89
29 69 80 61 30 76
98 21 45 82 83 96
92 97 73 55 75 43
43 88 15 32 53 89
90 64 43 81 32 36
36 72 43 17 37 96
80 48 84 21 12 46
16 17 60 86 52 76
18 69 52 54 45 28
40 100 36 38 53 82
57 50 69 69 44 36
68 53 79 86 50 99
34 24 99 52 26 74
61 52 85 49 36 64
35 31 84 68 69 72
45 73 66 72 18 68
0.0312618
0.100907
0.0577922
0.0620245
0.0895877
0.0600248
0.0537723
0.0532158
0.0593497
0.0881745
0.0788302
0.120198
0.10811
0.0493648
0.0593646
0.11583
0.0621273
0.0997881
0.0297361
0.128061
0.0415258
0.0363047
0.0535606
0.0815277
0.0315855
0.0355464
0.0495682
0.0312188
0.115804
0.0875357
0.129338
0.0732488
0.102297
0.0927426
0.0718295
0.0962667
0.101514
0.0672012
0.0764309
0.0552096
0.0964547
0.0364446
0.102287
0.0940512
0.103086
0.127258
0.0314701
0.0336112
0.0963366
0.0408971
0.0778201
0.114074
0.0562643
0.113656
0.0897494
0.0733342
0.0612377
0.12983
0.0264147
0.0591337
0.0468353
0.0563672
0.0706825
0.098294
0.0717096
0.125666
0.0469004
0.0837151
0.129107
0.0796632
0.0683125
0.0563305
0.100811
0.0504903
0.0632116
0.0565736
0.0372462
0.129934
0.0897234
0.0929208
0.0427065
0.105846
0.108616
0.119412
0.0553952
0.115742
0.0624207
0.0397817
0.0618719
0.0837805
0.0908568
0.0446207
0.0612578
0.129088
0.107076
0.0527433
0.0393712
0.0921499
0.040624
0.123028
484 420
258 485
126 480
234 84
98 246
125 338
262 3
381 338
450 48
325 388
489 36
31 86
290 459
101 28
463 469
354 385
426 335
482 121
204 258
191 379
121 60
139 180
322 456
412 278
453 122
63 455
210 487
393 386
168 33
48 449
422 287
9 15
185 33
401 451
325 370
252 407
499 318
340 75
487 242
204 299
249 483
72 380
463 212
66 284
83 440
35 469
307 425
205 312
446 121
89 455
177 497
385 58
176 92
231 137
74 6
76 344
144 387
299 161
493 177
34 217
291 449
297 191
134 368
113 74
355 238
361 95
273 477
370 263
238 437
395 131
415 379
125 385
174 204
439 111
327 483
272 110
206 110
354 2
23 107
236 170
148 269
439 163
376 470
4 18
350 481
128 243
422 449
469 84
357 398
172 256
406 415
430 204
383 28
398 468
429 40
443 112
14 197
229 220
259 68
491 444
