92
100
6
66 55 40 86 16 78
80 61 33 17 73 78
34 60 41 16 56 70
48 22 65 85 11 35
88 43 44 30 28 25
23 77 28 86 37 42
61 37 79 40 43 20
24 67 12 77 40 77
97 67 82 79 93 43
63 77 23 52 25 80
29 88 74 41 35 48
18 73 72 20 57 75
78 53 71 73 96 97
55 50 22 68 28 35
86 62 42 95 73 89
75 59 30 67 37 49
97 60 22 17 100 14
45 60 38 71 10 89
83 45 46 74 16 16
54 48 72 23 54 66
25 80 21 25 47 67
97 71 70 17 69 42
33 29 21 34 62 61
41 40 73 65 13 74
72 39 50 79 51 20
27 18 54 37 88 77
36 67 56 57 14 18
95 83 19 94 76 56
41 63 86 25 55 37
95 47 61 20 95 49
44 97 74 91 68 83
38 88 18 24 26 40
75 88 91 67 59 64
88 80 16 88 21 98
65 31 42 51 26 81
66 73 76 22 15 91
73 71 36 22 64 16
87 55 65 93 60 73
40 41 100 61 86 84
63 24 70 19 51 70
87 63 49 24 84 51
11 36 89 51 67 98
48 81 40 56 17 33
39 70 98 74 43 60
73 72 99 33 94 23
75 54 46 39 68 48
37 63 18 29 90 57
76 76 67 80 69 42
100 22 54 37 94 99
58 31 60 75 57 41
27 28 98 35 57 98
26 27 33 36 91 61
95 76 74 54 93 57
85 95 55 98 53 37
67 19 77 51 37 90
47 71 29 98 38 62
45 38 37 97 47 20
17 87 14 81 28 22
47 53 31 30 81 36
42 79 83 43 99 67
89 28 58 27 59 62
29 22 16 36 78 21
29 95 93 62 28 46
22 35 90 50 88 70
78 28 83 14 99 12
24 47 23 28 38 22
27 61 28 14 29 90
83 19 10 79 44 45
14 71 29 65 19 53
23 96 61 92 27 74
85 58 89 44 15 28
65 83 31 100 80 93
54 18 57 49 89 82
35 45 25 30 67 30
40 28 63 99 39 23
87 53 85 31 17 44
90 45 94 72 15 75
27 46 85 90 81 17
80 64 47 75 99 80
38 20 46 42 91 42
90 56 54 60 83 66
76 100 18 73 84 98
50 76 16 36 93 48
16 72 28 54 87 30
62 58 33 35 19 80
53 63 23 60 99 45
54 92 10 51 21 93
28 40 59 11 67 65
70 93 15 58 71 98
45 85 21 40 24 99
67 16 56 16 22 33
32 79 61 47 35 53
97 69 17 47 65 92
25 30 55 25 77 43
46 67 77 22 86 70
73 88 89 75 84 74
36 33 57 100 70 87
21 90 88 86 78 24
31 54 67 91 23 100
65 20 44 98 21 99
0.0458824
0.119438
0.0908856
0.0490769
0.0487906
0.0566764
0.0536979
0.114361
0.11761
0.0356018
0.0717491
0.0722754
0.112754
0.0420867
0.0438335
0.0772265
0.129594
0.109083
0.109163
0.110486
0.063977
0.0994171
0.0400732
0.104893
0.0268779
0.0688107
0.0392999
0.0304357
0.0793894
0.115467
0.0366871
0.116706
0.0931821
0.0826419
0.0449438
0.0995563
0.108856
0.0766076
0.0987045
0.10479
0.0285318
0.118179
0.118524
0.126534
0.0440263
0.113102
0.0611897
0.0316821
0.0678313
0.0417553
0.119899
0.0599165
0.0725157
0.107893
0.1174
0.0400339
0.0494661
0.113063
0.104244
0.0837038
0.0452213
0.0471079
0.0615894
0.0842151
0.112069
0.0742957
0.0451538
0.0900539
0.109083
0.0688006
0.100757
0.0661102
0.0705329
0.0960365
0.0787998
0.0708777
0.0807058
0.115735
0.0564137
0.110158
0.0975593
0.11681
0.0920621
0.038364
0.059579
0.12625
0.0602862
0.0778404
0.059231
0.0786062
0.0302264
0.120248
0.0890457
0.0509116
0.0965981
0.0449575
0.0270096
0.086092
0.036788
0.102277
359 120
306 231
422 25
50 232
462 405
49 235
178 115
65 470
299 440
485 341
42 379
434 103
29 218
82 33
455 389
394 256
381 466
47 452
371 148
269 376
170 449
357 137
482 400
22 121
176 127
497 336
282 226
148 169
361 10
219 348
35 462
220 122
248 198
393 69
334 212
187 132
96 315
315 355
375 202
239 382
393 385
20 444
198 465
214 84
450 24
271 286
347 317
453 448
404 380
493 39
254 4
179 85
163 114
22 476
139 180
471 30
275 22
390 487
323 66
267 87
494 440
399 473
494 337
74 242
392 351
131 8
17 387
453 2
420 372
303 48
113 273
87 131
50 209
469 288
372 385
192 467
88 366
1 161
288 90
173 209
312 339
115 272
260 71
8 362
346 385
13 316
118 63
461 317
497 123
24 245
370 316
107 146
68 228
246 228
206 118
435 40
484 286
427 59
162 119
183 26
