42
100
6
78 23 10 26 60 74
81 68 40 38 11 42
12 95 77 25 34 29
82 85 72 78 37 27
60 52 57 23 53 77
22 75 55 12 42 55
62 32 62 50 64 46
87 66 14 19 73 31
91 32 13 43 42 91
42 53 92 87 10 97
80 48 19 91 22 50
75 78 42 94 59 75
44 22 31 61 22 13
37 99 87 64 24 22
79 12 55 93 59 78
14 96 52 25 39 71
10 57 94 29 10 37
35 39 87 41 15 76
22 25 57 56 27 81
16 90 11 79 44 75
89 84 95 32 67 88
100 10 90 87 28 89
79 71 29 28 87 34
30 86 75 26 74 58
77 28 19 31 52 94
30 14 60 83 41 64
53 97 42 60 84 26
92 97 12 53 26 15
21 32 33 58 41 10
31 43 27 89 36 68
61 37 32 62 82 28
24 21 40 25 87 46
91 18 79 15 33 14
35 43 26 81 47 39
53 45 48 33 67 84
76 14 49 93 66 12
97 77 36 86 45 92
90 65 86 70 56 27
59 18 85 41 79 64
16 61 44 93 16 31
51 84 93 68 75 69
99 70 63 13 65 27
35 97 39 88 32 90
39 81 48 92 90 47
80 85 14 97 48 90
39 94 60 24 68 53
98 70 77 43 72 12
21 66 37 14 59 32
87 66 65 90 24 47
82 39 57 98 34 10
76 52 41 59 98 67
64 77 14 48 11 51
100 94 85 77 74 92
14 70 89 76 29 38
98 16 93 35 61 32
45 14 46 45 73 55
54 15 100 79 15 61
89 28 83 83 37 77
30 26 23 40 42 47
14 18 19 84 53 12
54 61 32 60 28 23
31 90 92 14 17 100
29 72 35 53 35 53
55 92 68 14 91 44
99 66 34 92 78 67
12 33 43 27 72 80
64 31 39 39 36 43
97 86 92 27 68 76
75 51 74 81 82 48
35 83 71 60 45 22
55 10 61 20 77 21
82 75 100 47 44 26
99 93 36 24 57 72
79 17 64 85 66 86
87 49 98 84 93 93
70 87 87 54 66 35
58 63 43 95 63 56
43 82 53 71 64 93
37 97 52 71 61 75
70 74 20 45 49 41
48 66 53 37 45 12
46 81 52 72 25 29
91 70 34 65 52 45
67 29 74 33 76 91
64 93 29 16 10 17
21 93 99 76 30 52
16 80 76 15 78 81
39 20 20 36 42 72
14 80 41 52 64 23
74 52 71 43 91 49
45 27 41 98 36 96
43 13 44 50 59 15
21 16 24 60 43 83
49 15 47 33 98 36
19 13 44 99 73 53
17 58 91 41 46 38
90 47 36 78 69 83
70 52 23 31 76 48
74 100 62 97 59 50
99 91 26 64 98 53
0.0369033
0.0651147
0.0598287
0.0852117
0.101629
0.0794816
0.0910576
0.101803
0.107107
0.0668713
0.118667
0.124264
0.0737427
0.0480262
0.0378213
0.0734777
0.108727
0.0575206
0.0655417
0.0698244
0.0953523
0.128135
0.0644922
0.0266753
0.0771197
0.0541168
0.0818473
0.0988031
0.0593404
0.0598197
0.0831287
0.0648973
0.0291262
0.0639908
0.110015
0.0593463
0.0708675
0.0906511
0.084066
0.0344091
0.0605492
0.0444281
0.0652275
0.0718617
0.124352
0.0406693
0.0454081
0.119452
0.0621114
0.0422545
0.0392381
0.114507
0.103385
0.0625664
0.0535278
0.103545
0.0467313
0.0390016
0.126439
0.11344
0.110946
0.125283
0.112936
0.0459154
0.0563502
0.0519287
0.120087
0.10982
0.128262
0.128996
0.076653
0.0445809
0.0810378
0.127804
0.029853
0.0921549
0.0744566
0.0342089
0.0660987
0.12094
0.0441711
0.0989935
0.121463
0.0601751
0.0379677
0.0967937
0.0538779
0.103787
0.0715066
0.117013
0.0284538
0.0312176
0.0607967
0.0780414
0.116054
0.121074
0.0959701
0.0843172
0.0599857
0.084954
151 393
87 318
426 356
146 468
9 423
82 480
270 247
160 182
461 76
257 114
44 365
40 193
204 477
315 113
455 155
386 458
23 170
52 115
464 155
214 69
337 292
5 156
259 374
207 455
405 296
463 436
364 107
280 218
107 322
442 193
461 498
380 353
120 222
3 160
348 221
493 84
190 154
392 409
231 395
148 276
22 31
73 207
207 464
482 127
453 183
261 465
43 49
62 488
338 214
249 329
92 186
35 458
41 202
408 176
74 141
25 307
136 260
476 82
255 138
291 422
308 298
400 110
254 127
294 389
16 70
287 111
438 99
297 163
290 188
19 333
267 276
346 298
9 491
66 189
330 108
53 165
44 431
233 488
61 343
200 66
121 475
324 124
329 255
31 326
467 168
348 439
107 409
35 451
152 142
288 99
386 399
122 418
264 200
499 461
237 265
350 316
134 390
450 298
390 271
119 264
