35
100
6
98 77 96 73 45 66
48 72 91 46 98 57
28 94 49 91 81 22
86 72 60 78 99 16
77 33 87 71 15 33
17 68 92 63 37 32
47 98 56 28 85 23
23 75 76 100 40 81
83 75 63 65 30 41
19 71 32 60 23 68
38 91 35 80 41 64
20 89 18 64 19 81
82 100 15 86 49 10
10 57 17 34 35 49
15 34 17 36 42 70
94 19 80 67 22 49
79 64 75 62 95 45
76 89 31 97 41 91
56 20 89 15 58 10
68 56 20 28 29 66
89 35 98 56 22 18
92 51 25 34 46 72
41 25 19 90 77 81
86 60 96 44 17 90
49 56 97 99 60 30
51 29 65 59 26 25
67 39 15 41 64 53
34 68 27 48 99 41
43 90 74 98 40 98
90 31 27 39 86 16
95 27 55 18 20 78
88 48 33 35 68 42
95 43 75 10 18 73
19 17 39 96 60 70
45 49 45 23 72 13
65 48 13 53 16 34
10 57 87 34 33 84
63 84 10 76 16 55
94 69 42 46 42 23
90 56 31 15 26 81
18 45 12 16 96 36
99 85 57 56 61 69
36 14 53 61 48 42
10 33 74 77 67 79
31 97 63 26 74 21
75 62 63 80 25 36
64 39 65 61 64 51
98 99 50 93 28 66
40 48 88 93 56 96
47 74 58 37 37 40
36 31 47 25 42 93
97 100 13 78 13 59
13 84 84 50 43 14
35 58 90 73 47 100
84 96 46 93 76 63
48 52 99 30 47 21
31 19 36 39 59 14
58 37 49 56 64 81
94 82 39 73 22 53
87 41 63 42 51 21
91 90 60 59 17 55
19 49 98 93 95 73
87 92 82 71 17 67
37 100 63 81 53 92
91 89 11 24 97 77
66 49 91 58 76 92
26 94 98 54 10 34
29 38 18 29 30 100
26 58 79 80 56 90
37 50 12 11 29 46
94 43 92 52 11 54
71 55 52 29 35 80
68 13 28 52 83 69
18 16 10 100 96 31
26 94 64 80 86 18
12 78 62 33 23 86
38 59 96 32 54 54
59 84 25 69 67 82
19 75 25 40 80 25
59 85 53 87 98 39
85 18 75 22 66 50
68 78 99 37 63 89
13 61 60 92 68 42
82 35 63 13 54 78
31 49 13 88 94 37
76 49 45 44 33 70
65 77 42 85 22 91
84 13 98 92 66 59
29 95 20 26 77 62
51 79 92 81 78 98
74 61 89 27 84 50
38 26 25 52 51 16
40 83 90 15 43 35
79 67 45 78 64 82
79 69 72 35 59 49
74 88 74 92 27 21
41 41 72 72 17 70
23 88 31 98 34 26
83 57 57 26 90 22
99 34 71 83 39 39
0.0931694
0.0977843
0.113832
0.0280666
0.0481694
0.079349
0.0348148
0.0283713
0.120716
0.0695809
0.117551
0.105853
0.0617212
0.100627
0.0745252
0.0937285
0.0673869
0.0410945
0.066118
0.0781937
0.0842955
0.0608768
0.026298
0.0719701
0.0498619
0.0271446
0.116284
0.0457781
0.116837
0.0276528
0.112779
0.0752471
0.105284
0.0680263
0.0423427
0.0634496
0.102363
0.0603108
0.0312519
0.096224
0.104486
0.114334
0.0617674
0.0679948
0.0657034
0.0998294
0.0411125
0.0577661
0.0796453
0.0939787
0.109739
0.0912846
0.0670524
0.125552
0.0989637
0.0722122
0.09401
0.117412
0.0851876
0.0949748
0.0313577
0.115943
0.080385
0.0862211
0.0474945
0.121035
0.0335819
0.0356414
0.0307097
0.0694915
0.0436772
0.1122
0.0918107
0.0810313
0.12698
0.0726239
0.0469418
0.0709307
0.0430271
0.0802577
0.0815524
0.11872
0.0409997
0.0701092
0.123319
0.116723
0.10832
0.0385168
0.0525681
0.0424876
0.126311
0.0371284
0.0848007
0.0838554
0.0523526
0.0414354
0.0344317
0.0446378
0.07022
0.0682655
229 254
156 9
451 285
335 419
142 453
17 251
25 280
86 115
36 460
190 434
415 164
190 253
499 214
375 312
437 18
22 65
458 189
37 429
445 414
231 267
435 322
9 409
117 126
128 340
97 5
411 386
329 311
290 65
216 139
454 95
121 139
80 222
115 10
480 125
107 110
67 252
22 212
7 269
239 25
490 492
359 153
184 495
435 490
298 364
438 84
422 159
87 452
12 16
430 276
101 52
244 2
277 197
325 228
159 244
317 31
163 311
418 105
297 220
312 244
125 75
78 229
81 273
406 15
253 145
5 479
18 422
348 334
372 378
83 223
141 81
375 166
239 108
127 474
36 280
378 381
421 131
432 304
430 13
289 49
205 193
172 193
16 214
476 438
414 119
458 322
14 202
41 327
425 26
432 27
354 26
387 420
104 350
67 147
349 44
88 499
118 458
439 294
223 54
402 165
128 61
