79
100
6
20 36 43 74 95 48
14 11 48 70 99 96
19 13 15 58 17 80
25 29 55 92 63 77
91 82 32 74 63 93
15 21 76 12 23 68
77 28 36 28 93 67
83 77 81 90 52 53
91 54 39 23 58 90
52 20 86 70 17 89
66 38 70 90 91 88
87 22 11 53 76 35
96 62 73 10 16 71
23 85 28 13 85 25
36 60 93 97 72 30
41 60 52 27 89 60
69 79 13 14 57 93
10 12 55 91 56 33
69 96 60 18 55 37
87 44 53 63 51 12
46 12 13 76 37 16
28 16 74 86 10 99
44 97 29 55 18 14
36 93 67 44 10 16
85 96 66 83 27 31
52 72 91 90 99 27
98 23 98 58 28 46
69 26 48 97 66 26
59 32 54 43 33 66
43 15 81 95 67 92
89 93 84 79 88 47
47 14 46 61 86 64
40 48 100 29 23 54
33 34 30 87 28 19
59 64 56 26 70 82
31 34 93 62 32 40
40 44 93 54 84 85
18 63 82 62 58 88
84 23 15 42 25 12
47 19 30 84 56 71
28 86 88 56 36 47
57 41 23 15 27 85
23 92 18 99 95 51
47 49 41 18 62 70
91 59 27 97 90 42
65 99 87 65 26 10
36 42 67 46 41 18
46 72 80 33 66 57
82 74 38 83 68 13
30 25 62 42 96 26
72 57 35 54 60 94
81 90 82 71 72 20
88 83 40 61 45 71
20 80 17 39 12 77
92 10 24 82 49 69
68 33 37 17 58 43
55 86 15 67 39 75
53 35 12 11 54 61
20 42 62 13 72 81
59 23 47 68 75 56
65 54 44 41 10 36
54 100 60 76 80 62
99 54 58 84 48 45
59 72 24 100 30 82
25 49 36 30 45 64
34 29 20 77 80 68
77 20 62 96 60 35
69 16 87 80 51 85
23 41 59 72 11 80
12 30 51 43 93 51
94 72 39 10 74 66
42 70 71 53 97 86
88 50 60 33 88 58
65 72 63 47 64 80
78 21 76 70 69 44
67 44 14 89 35 67
25 35 47 64 27 84
23 27 40 33 91 64
83 62 52 85 16 38
36 75 29 58 27 50
37 83 82 92 23 81
89 59 30 74 13 26
11 64 25 94 72 38
32 16 25 28 35 53
16 90 59 83 55 83
22 31 90 52 97 96
72 87 58 79 25 61
71 81 12 17 66 10
32 45 34 99 35 89
31 44 69 92 26 44
22 46 65 22 42 33
47 41 65 25 89 33
43 85 52 50 47 37
52 60 87 19 53 70
74 13 34 97 62 98
52 31 73 51 60 86
97 63 97 12 59 26
70 45 14 91 34 46
40 28 45 90 19 77
43 96 81 80 55 88
0.0444115
0.0765459
0.121802
0.0514535
0.0329046
0.0435772
0.0775115
0.068832
0.0691254
0.0434482
0.08249
0.0427902
0.0262535
0.0347013
0.0970454
0.0515374
0.0784702
0.100242
0.050583
0.0631095
0.0907398
0.0564278
0.0455225
0.0740809
0.0500021
0.0326953
0.0475281
0.0697281
0.0585881
0.114475
0.0268862
0.126274
0.0439586
0.126705
0.0295212
0.112504
0.0759336
0.0880925
0.102355
0.0337273
0.114906
0.0591111
0.121472
0.0376628
0.0863108
0.0552585
0.0789559
0.120077
0.0997381
0.0919782
0.127987
0.0650439
0.0517454
0.0847605
0.115939
0.0290316
0.081791
0.0674444
0.119192
0.120421
0.108565
0.027933
0.120393
0.0716774
0.0607875
0.103176
0.052552
0.0963188
0.0933968
0.0303058
0.0541206
0.0534766
0.066843
0.0877842
0.0699595
0.0595423
0.104449
0.0820091
0.0986161
0.0703835
0.0707843
0.115118
0.0320161
0.0836617
0.0607859
0.0401281
0.095766
0.11559
0.0656974
0.101088
0.0620913
0.0994093
0.121543
0.0923223
0.078025
0.0679361
0.0500115
0.0476338
0.126208
0.0481512
249 461
157 440
189 294
242 41
299 53
79 75
227 24
313 181
182 19
67 149
404 396
106 145
321 209
124 103
109 67
343 41
18 136
458 211
153 76
77 313
270 72
123 373
154 290
479 420
26 481
84 256
368 17
160 262
113 280
207 364
252 241
148 292
280 94
22 276
19 221
287 169
391 73
467 97
53 462
331 189
204 307
167 362
207 393
359 290
417 309
75 284
54 85
240 107
123 18
130 148
113 41
312 271
98 447
314 386
321 139
280 419
55 163
316 478
464 47
373 84
135 235
249 268
293 293
401 19
296 394
111 402
50 475
265 446
103 120
493 348
359 240
325 355
2 336
304 151
47 167
383 283
204 97
177 195
221 97
198 443
367 444
96 344
282 322
229 321
133 421
301 265
49 47
432 335
203 77
143 102
408 201
425 174
56 348
278 343
194 7
351 294
201 85
392 76
261 6
16 155
