98
100
6
80 49 92 73 83 44
22 48 92 78 42 20
63 24 80 68 83 84
58 77 39 35 38 98
35 63 51 24 60 93
56 67 76 94 30 86
14 66 72 67 99 95
20 65 99 41 95 34
55 95 25 65 52 19
36 95 82 81 37 99
36 49 82 55 58 83
45 35 84 91 52 39
26 90 68 14 23 39
97 38 57 36 11 39
18 41 67 37 14 96
14 97 68 48 13 94
19 55 62 41 99 94
100 26 12 90 84 41
61 92 73 28 21 25
78 76 78 80 43 90
76 14 53 48 65 71
68 87 20 38 65 38
84 87 96 82 15 47
44 37 71 56 23 79
45 98 67 68 89 88
62 61 74 48 80 78
87 98 59 71 99 75
16 97 97 99 78 45
19 66 25 76 14 70
30 76 12 35 71 11
42 88 87 87 73 47
76 99 55 40 25 35
35 63 88 67 23 97
72 52 17 98 88 50
30 12 61 94 75 47
61 60 67 73 56 45
61 30 83 47 70 83
35 23 64 97 60 29
38 95 23 29 80 34
72 41 20 44 10 13
35 18 88 58 20 59
19 33 55 58 98 73
20 28 25 18 43 31
97 92 40 86 56 13
63 91 45 50 69 87
52 30 92 100 13 63
24 83 43 46 55 39
76 24 96 63 76 46
66 38 13 30 53 71
36 48 52 55 62 42
92 45 98 81 64 88
59 61 97 74 21 60
95 42 93 71 16 90
91 92 63 10 27 23
37 95 57 12 11 76
14 94 77 88 72 62
25 30 18 100 67 69
51 18 57 19 18 69
24 56 83 86 46 99
95 64 64 39 45 79
70 92 40 28 88 50
95 40 31 80 85 50
48 76 93 59 22 32
57 80 33 86 39 41
42 92 35 62 41 51
63 19 56 23 14 47
82 72 42 67 91 68
28 91 11 82 29 69
79 47 60 96 18 76
59 29 56 100 50 59
66 30 10 94 61 94
52 61 47 44 22 47
96 81 94 86 37 20
33 17 82 20 29 47
68 100 33 34 32 80
45 34 53 92 69 74
67 78 31 13 54 60
32 73 84 32 39 67
91 58 30 37 20 17
65 92 40 23 98 98
49 52 69 50 87 23
59 77 37 17 54 48
62 78 84 51 36 23
51 10 81 37 51 51
79 54 57 73 88 62
27 87 90 42 24 30
65 73 18 58 75 48
64 80 89 42 49 44
97 90 52 82 45 30
44 49 19 44 70 37
68 13 42 58 60 43
64 95 59 79 40 81
44 76 35 73 50 68
50 22 42 31 29 69
84 34 89 71 33 30
54 73 77 74 62 82
15 39 64 49 71 87
56 32 93 95 58 74
30 19 21 81 59 27
32 87 98 53 99 27
0.103442
0.0546881
0.0984396
0.0948554
0.128229
0.051034
0.0706805
0.113464
0.0685324
0.0678752
0.109054
0.0271992
0.0785876
0.119023
0.0349017
0.0498782
0.0592438
0.0554143
0.0926025
0.042148
0.0364804
0.0968573
0.100362
0.0545203
0.0704142
0.115099
0.087656
0.105098
0.05511
0.0801872
0.0615651
0.0993874
0.0414993
0.0829916
0.100316
0.0381055
0.105147
0.102917
0.100699
0.115363
0.113054
0.12669
0.0729326
0.0951022
0.114394
0.0596978
0.0401331
0.0762639
0.128709
0.0949507
0.0895617
0.109857
0.0358213
0.111375
0.0796383
0.069889
0.101642
0.0577675
0.110896
0.0860932
0.120588
0.121755
0.111137
0.123598
0.122557
0.105399
0.076569
0.0973893
0.0652166
0.0484779
0.0649839
0.123149
0.103157
0.0853018
0.084805
0.0726973
0.0770543
0.0466945
0.0950077
0.092603
0.055783
0.0395435
0.106979
0.103737
0.0766513
0.0974285
0.0856347
0.0682074
0.0353527
0.0341013
0.108782
0.0380633
0.113719
0.0943779
0.0892969
0.111196
0.0479245
0.0685878
0.0994468
0.0483607
23 314
83 243
131 21
217 9
453 245
219 185
46 59
55 406
221 447
442 31
303 107
275 164
426 158
465 70
483 337
380 393
68 239
59 130
175 166
347 111
293 44
84 20
225 90
110 326
167 291
247 289
216 266
443 62
84 409
86 428
385 281
190 192
190 245
169 411
304 8
482 377
380 348
44 245
404 403
157 297
17 8
125 91
344 318
125 210
436 92
305 66
9 56
9 153
197 111
319 84
240 389
384 399
398 23
212 352
336 261
189 371
370 488
307 234
415 162
381 464
62 347
20 422
21 468
142 362
22 459
345 81
139 353
253 448
238 13
436 103
464 316
360 61
34 410
131 484
327 343
219 388
272 34
130 277
35 61
367 187
258 110
427 14
335 35
128 323
100 160
449 361
417 128
91 384
305 318
390 443
350 179
94 276
184 261
95 70
296 73
150 311
388 440
474 417
369 68
267 449
