82
100
6
87 93 59 53 69 53
75 43 59 61 30 13
51 48 89 37 91 77
26 67 74 51 28 42
91 84 90 28 51 96
91 14 79 16 17 24
21 53 49 92 20 19
17 71 20 61 92 34
100 97 45 96 26 30
33 61 96 92 98 26
62 15 43 54 80 54
10 13 18 45 98 53
35 22 80 18 45 71
51 11 49 43 74 63
14 48 32 12 70 78
55 11 44 43 17 32
56 70 17 35 66 87
34 12 66 23 85 65
76 35 69 28 71 71
90 96 14 56 56 99
25 85 57 80 42 71
12 25 92 29 33 16
46 99 46 22 32 96
69 28 97 49 51 10
90 88 35 19 70 18
80 100 77 23 42 22
51 31 22 58 91 96
66 23 83 28 100 84
27 69 36 72 66 10
50 83 65 42 47 10
91 70 25 60 80 84
90 32 23 87 76 90
54 26 74 72 55 95
35 61 51 52 38 98
49 87 51 66 89 33
11 32 99 42 54 60
24 40 64 96 26 15
64 94 82 63 91 10
46 45 75 17 13 15
19 34 85 17 96 64
81 76 66 63 10 17
37 89 99 58 93 34
56 17 44 46 72 15
26 26 57 54 71 67
20 56 92 12 49 62
25 71 80 33 88 75
64 34 87 94 21 27
74 97 33 79 25 49
34 17 72 26 85 36
80 85 95 76 90 28
70 94 58 25 11 78
11 11 27 29 37 70
58 39 36 50 14 56
62 26 72 75 60 93
70 94 43 10 20 10
65 48 84 20 57 43
24 59 61 89 76 52
13 96 37 78 71 45
46 90 13 17 36 90
32 59 69 42 23 25
82 66 28 12 37 77
34 42 70 22 68 42
89 10 32 49 77 80
58 100 26 21 43 94
78 41 28 39 95 38
78 30 32 49 43 96
75 91 94 27 12 47
49 12 26 73 77 95
25 44 99 55 14 77
88 47 86 81 92 72
19 63 31 58 45 24
39 88 69 100 27 25
98 42 100 85 18 88
93 67 69 39 12 94
37 21 37 47 33 25
37 14 90 79 84 21
64 57 12 80 26 81
70 40 12 62 62 37
18 91 34 31 77 70
84 25 53 66 56 16
84 38 54 68 51 78
68 86 24 96 21 32
45 84 88 13 38 92
55 94 56 77 32 53
78 41 43 46 93 79
80 68 87 64 33 95
71 76 43 83 30 67
42 97 56 80 67 13
30 89 63 29 34 80
32 20 56 83 55 92
24 39 77 33 53 29
38 77 45 86 30 22
97 46 21 24 30 85
68 81 45 23 71 27
67 42 77 18 51 93
53 15 94 64 93 72
86 46 24 65 29 34
50 18 73 81 14 90
65 17 86 33 15 11
26 100 54 19 60 19
0.0320247
0.0270655
0.116302
0.0431242
0.117889
0.0729849
0.039679
0.0917411
0.0293299
0.118552
0.111324
0.051395
0.0741398
0.117268
0.0799995
0.112769
0.0939194
0.118222
0.122814
0.12531
0.0513363
0.045459
0.039477
0.0370413
0.0761564
0.110057
0.0418498
0.0845991
0.089836
0.0692896
0.0686665
0.0528118
0.0322006
0.105255
0.122456
0.0632524
0.0507027
0.059761
0.0445596
0.122895
0.0983446
0.0584754
0.0333301
0.0260163
0.0872437
0.0820531
0.127883
0.123783
0.0775813
0.111348
0.0771726
0.125406
0.052098
0.104522
0.0273242
0.0832666
0.0384565
0.0830642
0.105781
0.041388
0.09276
0.042613
0.0804249
0.0816002
0.0731216
0.0739808
0.0689584
0.0586496
0.112611
0.0706644
0.104739
0.112593
0.0846433
0.0275748
0.123292
0.124809
0.0547978
0.0427138
0.0353341
0.12284
0.0584688
0.0626323
0.117904
0.0677334
0.086485
0.112743
0.0914488
0.0693655
0.0385885
0.122939
0.0315779
0.0871919
0.115747
0.0457847
0.066222
0.0695312
0.0909078
0.0572218
0.117116
0.0589988
120 196
181 113
448 315
498 303
196 112
170 269
336 398
206 42
377 433
59 14
361 311
158 488
156 376
207 138
125 10
332 340
182 57
155 381
408 61
341 371
308 179
168 479
137 464
365 156
77 479
126 471
164 387
37 321
419 297
247 407
295 259
13 291
448 210
152 202
48 351
88 309
35 243
412 236
223 495
436 16
21 378
321 394
380 395
158 263
363 244
481 38
320 234
100 317
136 340
310 178
238 90
191 452
350 125
367 5
309 238
478 256
55 124
311 158
186 19
476 179
131 276
396 495
19 476
458 226
75 371
102 419
137 93
498 380
374 406
212 405
86 409
216 289
275 82
403 336
454 381
158 355
218 217
29 441
372 132
259 416
229 384
490 279
436 253
185 403
239 19
6 311
488 451
69 86
87 486
408 78
455 488
48 5
486 260
194 337
257 500
211 497
307 138
104 115
223 298
142 17
