5
100
6
42 23 84 85 46 31
49 22 90 29 52 59
52 36 30 42 97 38
30 91 42 80 45 68
81 41 24 60 54 17
84 26 52 25 80 85
41 13 64 63 42 36
53 41 67 43 80 16
29 26 90 13 19 11
18 27 69 49 86 28
86 83 70 38 67 19
39 67 86 27 50 67
98 61 60 41 51 32
45 75 56 94 21 45
24 72 67 48 62 46
74 92 30 82 51 94
69 18 85 97 96 31
50 89 11 67 70 50
76 90 16 23 26 13
13 22 60 49 16 51
24 35 75 69 90 18
48 50 17 70 67 43
93 93 53 79 48 76
72 33 28 63 78 68
94 11 62 28 73 55
71 31 41 50 85 18
98 86 63 49 95 89
74 27 42 74 79 89
88 27 76 30 32 10
88 66 72 58 93 25
79 88 52 22 81 18
56 32 40 49 84 16
53 28 60 13 66 34
35 49 33 80 40 49
85 98 95 95 64 49
53 37 89 20 75 81
37 10 95 92 33 31
16 92 98 42 54 65
82 98 47 93 12 96
100 68 65 92 26 91
21 52 63 58 55 97
70 33 67 95 85 42
94 56 49 22 97 63
58 50 30 62 18 39
27 31 59 70 83 34
72 69 19 63 76 38
32 36 73 31 58 56
29 74 86 60 35 69
89 46 48 44 93 55
67 43 75 36 77 78
60 95 73 93 36 38
16 64 52 91 57 91
51 48 56 18 60 68
77 36 46 14 59 25
96 73 81 55 62 66
33 75 19 65 54 36
27 72 27 56 38 52
68 84 26 32 43 67
77 49 53 17 89 29
25 59 69 48 66 23
90 69 51 42 96 42
28 94 11 93 64 21
92 99 70 13 32 29
48 85 53 88 68 15
93 64 25 61 41 45
25 74 57 37 56 73
34 88 63 86 18 69
42 56 81 70 99 82
81 93 16 29 81 47
71 82 79 80 58 49
48 85 30 10 37 27
93 67 67 77 38 71
25 100 24 58 14 94
45 29 68 62 86 28
33 46 78 78 37 46
91 90 25 14 52 15
100 27 23 45 39 33
23 28 66 46 37 36
95 98 13 95 26 11
63 78 98 18 60 92
43 82 93 57 64 62
31 53 76 69 47 31
34 27 81 29 75 79
59 59 97 27 25 38
81 42 60 48 78 82
70 40 44 78 73 34
18 28 92 91 90 27
13 80 92 86 67 86
25 59 62 65 37 13
78 36 25 33 75 65
66 95 58 93 71 55
54 14 94 13 98 79
82 36 14 22 25 17
94 15 75 44 60 96
63 87 36 41 65 12
71 52 83 20 84 59
11 100 23 65 27 91
100 81 14 23 22 66
49 53 39 36 40 78
19 52 30 91 54 78
0.118863
0.0589614
0.0794355
0.0820123
0.0518676
0.0662617
0.120001
0.121074
0.0943918
0.114882
0.051826
0.0564722
0.0812555
0.0650816
0.108366
0.125997
0.115899
0.0670276
0.037123
0.0328513
0.0515359
0.0600758
0.129395
0.111471
0.0793402
0.10888
0.0655627
0.0320278
0.12607
0.0448957
0.101356
0.0396413
0.0712644
0.0943668
0.112513
0.0824572
0.108696
0.0575246
0.0992455
0.120726
0.100123
0.0387186
0.128485
0.046521
0.0720324
0.0936036
0.0983384
0.102407
0.0575102
0.0283029
0.126412
0.0458855
0.1157
0.123566
0.123937
0.057908
0.0346519
0.0389868
0.0332532
0.0262593
0.103631
0.0963708
0.114197
0.0578102
0.0641743
0.0295148
0.0826071
0.12854
0.0930102
0.12535
0.0631051
0.117439
0.126496
0.0775643
0.0334506
0.0291416
0.120461
0.126958
0.114386
0.0436504
0.0493111
0.110577
0.0829851
0.0785273
0.0944521
0.112617
0.12016
0.0269736
0.0344903
0.128844
0.104166
0.0482417
0.0909115
0.0599033
0.0567626
0.0269943
0.0941336
0.0598976
0.124088
0.0311886
161 21
218 1
211 65
462 21
351 246
224 298
421 459
179 427
283 213
304 289
269 294
412 370
150 452
460 257
408 3
152 200
18 154
283 168
245 469
104 498
85 376
247 375
36 21
247 170
279 35
416 322
157 152
164 182
58 468
357 394
176 241
317 253
273 103
127 129
348 64
279 166
457 283
165 492
429 414
153 379
141 150
435 316
259 458
444 98
160 192
297 340
263 335
66 65
149 285
305 387
311 150
296 73
171 109
23 404
242 255
6 6
424 294
347 108
147 239
470 130
33 405
75 387
180 416
469 214
443 299
247 385
100 36
213 394
351 290
233 403
296 271
227 144
389 233
337 113
196 301
375 430
13 37
348 40
333 445
280 384
292 65
465 134
179 442
495 386
477 286
251 471
165 388
248 318
190 234
420 408
95 163
0 386
308 65
312 293
282 335
235 452
68 84
87 385
354 459
303 184
