61
100
6
40 76 64 51 44 36
69 36 86 30 32 95
46 41 49 18 96 70
70 17 65 73 49 97
85 31 76 94 80 82
30 24 63 91 55 16
23 93 25 73 11 53
55 50 52 90 73 58
22 93 47 12 75 86
87 30 29 59 30 86
92 29 65 59 59 20
26 66 80 55 27 45
17 19 65 59 63 97
39 74 15 77 61 89
81 29 16 90 75 71
59 72 64 79 100 67
69 36 21 46 81 31
77 21 24 82 20 30
30 79 100 33 68 41
85 39 35 48 82 16
53 76 57 87 25 13
90 59 16 12 57 79
66 47 42 47 37 11
40 41 94 93 65 91
71 91 33 39 75 33
21 49 68 92 60 81
50 23 10 54 52 72
39 20 99 93 45 49
22 74 52 96 97 77
72 15 31 68 95 85
87 12 69 60 10 17
97 90 31 19 11 40
88 24 87 52 72 90
81 11 21 77 16 37
84 53 44 99 51 33
61 59 38 81 32 49
20 28 98 91 77 50
87 85 99 63 78 82
32 88 84 23 57 27
25 64 86 84 14 33
29 49 27 83 42 70
59 87 89 53 14 34
45 61 96 50 25 99
18 52 88 40 76 26
14 61 93 52 68 87
67 23 57 15 27 35
33 49 26 38 95 53
57 50 67 58 41 78
57 38 69 73 52 36
58 35 52 80 88 32
76 28 82 26 91 64
74 63 36 45 15 41
58 47 32 21 65 47
84 39 14 89 96 57
64 44 41 46 97 71
91 73 100 64 16 24
23 62 21 10 44 55
82 99 65 77 92 81
60 56 11 28 26 25
35 18 85 23 59 19
16 49 12 60 74 65
40 18 62 64 54 65
50 98 73 86 97 25
58 52 63 56 71 98
11 43 61 91 50 29
21 38 24 95 64 93
62 65 58 12 49 70
89 97 47 99 90 15
74 63 20 70 59 48
37 65 71 88 30 66
52 32 72 92 28 31
27 40 32 29 64 65
86 66 85 15 75 34
76 63 56 51 21 40
18 61 63 34 63 22
21 12 100 62 22 80
57 71 45 17 87 37
62 76 58 27 78 16
75 77 79 85 77 37
10 62 36 58 87 51
75 24 76 91 78 66
78 69 87 56 97 97
77 64 98 32 79 93
88 35 13 14 60 96
29 16 63 67 51 20
14 61 51 64 12 16
67 10 66 39 54 40
68 97 84 84 99 89
61 93 81 78 82 76
51 10 36 76 58 20
72 24 21 20 30 47
67 64 76 71 54 66
57 63 41 88 18 97
20 53 73 56 62 87
42 59 29 71 80 90
74 16 10 28 11 64
48 11 91 60 51 24
36 20 73 62 64 79
65 56 65 88 21 14
61 87 32 13 82 43
0.122
0.0502724
0.113793
0.0887971
0.0350642
0.0456155
0.0550182
0.0930765
0.113494
0.0711226
0.106189
0.0984581
0.086758
0.0825536
0.0978556
0.128998
0.0377235
0.0896724
0.070026
0.126199
0.0978785
0.0437612
0.0916851
0.114086
0.126397
0.0875431
0.128419
0.104662
0.11754
0.108035
0.0605559
0.058585
0.0626434
0.128248
0.0902634
0.0475516
0.0817436
0.0923152
0.0454805
0.114111
0.0579914
0.108965
0.095312
0.0858001
0.0623382
0.0830871
0.115811
0.0883263
0.0633499
0.102898
0.0735661
0.0298275
0.0726151
0.0289552
0.0488765
0.0616836
0.0426402
0.0817291
0.0683173
0.125623
0.0530067
0.0277515
0.0815259
0.0934486
0.0854555
0.082141
0.0364303
0.0907899
0.0298161
0.086331
0.105244
0.113066
0.0601973
0.0900404
0.0797398
0.108275
0.0630987
0.0662657
0.0474878
0.0312575
0.0654893
0.0461074
0.0458593
0.100578
0.110001
0.0885998
0.0753282
0.113571
0.0626381
0.0614771
0.110867
0.101343
0.100248
0.0873436
0.113316
0.0879256
0.10605
0.0702036
0.128458
0.0463514
105 432
360 235
323 250
466 240
125 115
164 257
118 339
403 458
208 422
60 449
401 383
6 324
235 78
422 32
163 198
477 307
398 222
0 27
148 303
41 109
24 383
245 225
7 347
170 202
358 200
178 337
447 394
314 494
17 468
356 186
67 133
18 140
192 362
242 321
172 68
488 81
399 293
311 376
27 360
416 206
446 368
202 341
471 90
211 105
350 169
363 290
25 28
331 80
324 464
160 16
250 474
168 57
251 138
323 166
310 163
158 159
273 109
425 368
494 8
125 266
153 352
435 291
225 350
30 65
83 203
141 346
489 418
196 461
149 438
117 135
236 149
74 13
321 316
380 301
217 27
158 159
362 228
147 124
476 149
424 248
395 429
135 48
212 492
177 185
141 22
123 274
132 202
124 0
289 159
475 0
185 66
205 60
305 85
429 456
289 73
439 235
401 119
137 362
423 279
440 1
