97
100
6
78 49 88 33 95 64
27 47 21 69 51 99
75 49 61 49 53 49
55 82 61 92 60 66
10 18 98 47 79 30
59 89 32 25 77 48
82 99 14 34 95 94
88 40 41 69 22 37
47 21 85 44 63 46
68 26 70 96 85 62
97 64 37 50 79 69
88 14 68 67 62 17
21 29 57 47 76 44
30 75 94 28 65 45
89 80 51 11 29 98
42 27 28 44 47 35
81 45 50 21 79 74
66 74 61 72 56 29
74 47 81 39 41 29
68 31 14 70 24 43
97 31 66 93 57 93
40 44 40 41 85 60
93 88 54 62 35 15
71 50 61 11 88 57
79 92 62 58 55 49
66 77 66 77 98 46
18 32 37 84 70 78
87 69 80 76 89 32
65 34 16 61 84 47
40 90 79 56 29 28
73 12 100 83 57 20
41 27 59 70 83 83
83 39 50 48 20 20
10 78 79 75 54 84
29 87 36 75 100 77
24 92 43 52 63 74
83 35 23 79 38 11
81 14 57 69 22 74
21 72 76 50 28 28
74 61 11 72 76 15
83 52 24 42 95 68
13 44 37 58 37 65
12 43 21 18 100 50
72 83 85 82 25 80
67 83 48 34 92 58
93 30 63 33 16 47
17 64 68 46 99 48
79 39 78 76 26 72
89 18 64 91 89 36
86 28 98 61 18 93
20 82 29 16 72 22
34 55 27 62 48 58
65 71 59 45 28 11
42 29 36 34 39 70
40 87 38 46 94 35
44 97 59 72 85 99
37 54 17 82 38 59
87 82 63 48 65 23
55 89 31 14 11 68
44 99 65 60 15 16
96 82 18 98 77 52
84 34 33 27 80 69
33 61 67 83 48 77
89 68 46 42 72 76
79 33 61 72 18 14
16 14 34 77 84 71
99 47 91 73 67 76
63 50 34 89 89 55
92 43 72 31 79 31
62 94 63 22 38 27
81 15 47 81 30 13
83 93 36 20 96 55
80 89 12 24 28 40
81 92 55 32 64 29
79 58 21 73 54 33
20 50 16 88 91 98
64 14 27 41 70 13
31 62 29 74 38 64
88 19 40 38 79 11
89 100 28 90 32 100
97 24 69 59 39 80
50 40 36 83 50 32
16 79 95 31 98 49
11 73 58 29 40 86
79 18 22 59 68 66
99 26 34 57 16 43
95 36 39 42 30 83
93 64 59 20 75 13
51 54 87 94 39 63
32 82 32 52 90 81
97 14 61 73 70 45
29 38 92 62 93 57
71 47 31 65 100 69
16 13 70 26 39 46
92 22 20 39 63 22
21 48 45 95 93 67
97 47 50 97 86 80
12 12 18 61 69 68
54 51 56 19 64 30
77 40 58 80 88 79
0.0737829
0.0445946
0.0964936
0.0970878
0.100181
0.112989
0.0475309
0.0821841
0.0588057
0.112145
0.0287246
0.0822335
0.100787
0.0649973
0.109046
0.0369746
0.112287
0.0374717
0.109218
0.0623698
0.104756
0.106138
0.0872001
0.0901941
0.0753183
0.0662933
0.0461706
0.0529715
0.071507
0.117351
0.0967349
0.105246
0.0709006
0.0326444
0.0290269
0.108193
0.0958752
0.0416801
0.0963315
0.0460945
0.110735
0.076975
0.0313404
0.126471
0.0772989
0.100804
0.0855831
0.0802341
0.101715
0.0699018
0.0375464
0.0841086
0.059176
0.0485669
0.10038
0.0351825
0.0420986
0.0673374
0.119663
0.110792
0.0315676
0.0926867
0.0611828
0.027654
0.0900374
0.0805934
0.0282673
0.0426894
0.0942523
0.0494911
0.0538953
0.0633847
0.11869
0.112608
0.0602068
0.0620535
0.0735751
0.0810692
0.0788598
0.0749079
0.0320243
0.0342399
0.124045
0.0429368
0.0680643
0.100377
0.0511097
0.054058
0.0778001
0.0673521
0.0437859
0.0320005
0.122579
0.0393307
0.10843
0.111313
0.129285
0.0522754
0.073376
0.11173
454 243
160 350
51 58
389 148
178 139
113 16
379 48
417 155
498 114
368 188
390 488
456 461
11 25
98 251
195 407
55 401
170 308
6 374
291 137
63 59
235 218
359 404
34 417
330 60
328 54
235 338
323 268
425 168
196 47
303 155
277 333
492 299
151 315
275 500
73 6
362 7
427 144
472 233
91 332
414 394
101 447
184 316
150 330
259 88
344 215
461 57
26 4
84 278
392 131
426 174
299 409
114 388
442 353
165 184
454 294
183 163
290 162
443 262
314 210
64 196
136 364
69 86
401 194
278 380
200 406
335 9
53 291
204 475
25 419
464 243
207 470
461 18
367 243
412 414
394 24
90 194
62 356
196 211
230 161
214 136
190 89
53 121
350 131
3 108
465 53
93 65
243 163
26 79
404 74
287 115
246 487
250 477
477 371
150 240
253 411
415 390
477 378
198 430
24 291
216 340
