17
100
6
23 32 97 96 37 37
15 19 61 74 99 13
16 65 41 31 17 94
48 64 32 76 96 39
21 71 20 25 14 61
44 77 95 10 27 52
59 24 41 74 97 92
100 91 41 11 11 28
49 63 52 52 11 51
59 91 98 54 28 38
21 72 94 67 56 11
20 45 18 86 22 82
66 47 79 83 66 28
35 88 66 52 95 75
84 72 47 71 20 25
90 59 94 94 47 47
16 80 93 60 23 48
43 100 14 41 79 58
78 71 57 22 91 95
23 96 95 21 89 85
51 91 80 33 28 54
31 30 43 26 61 25
13 52 58 27 35 93
24 32 66 25 76 38
70 11 75 52 57 14
75 91 24 91 75 14
92 41 21 81 58 35
82 35 99 66 32 98
75 16 97 37 46 12
45 96 14 95 46 85
76 53 62 45 100 76
93 10 71 78 88 57
50 46 92 30 81 92
61 28 79 97 77 74
83 22 84 34 87 68
74 62 81 31 83 33
53 66 83 19 20 91
84 36 98 81 98 94
100 88 96 64 71 95
70 58 31 13 94 29
86 21 62 69 73 66
82 24 48 27 23 71
61 15 36 89 42 64
66 96 62 24 12 81
17 78 88 37 11 58
49 89 87 49 96 54
93 23 74 20 44 72
86 92 93 27 66 50
70 30 99 72 81 85
84 28 86 70 15 50
74 25 25 37 71 92
38 79 47 56 20 100
84 88 75 67 31 81
85 23 71 45 45 47
53 83 55 21 45 48
48 71 100 92 51 89
18 19 94 32 64 92
55 35 21 27 30 85
83 27 84 74 24 13
82 54 58 51 72 82
60 72 40 53 67 16
85 14 84 14 23 18
16 43 72 41 23 76
87 58 18 42 80 44
20 90 66 24 44 21
95 51 76 22 42 72
41 17 35 89 76 80
92 28 59 73 76 99
81 31 37 57 73 13
96 62 40 38 27 25
90 60 56 66 84 90
91 14 42 68 56 68
33 92 82 79 61 39
35 39 71 94 42 94
64 48 85 58 21 14
88 31 67 23 46 48
97 11 13 44 51 36
26 33 76 57 82 83
56 12 68 79 88 85
66 95 99 24 42 94
54 34 28 11 77 91
42 22 96 60 14 30
17 15 65 21 40 94
13 90 76 38 23 25
15 58 92 60 56 91
62 72 71 38 90 12
36 48 96 55 39 84
48 30 39 13 43 63
70 72 60 15 31 51
56 20 51 19 47 43
43 64 17 77 81 36
60 99 27 14 95 62
28 19 67 16 65 94
64 76 31 23 83 14
11 84 23 15 91 28
13 44 32 58 47 46
70 81 48 84 58 16
85 64 90 40 44 32
30 86 33 70 65 88
60 84 98 15 97 92
0.108031
0.0921028
0.127314
0.111721
0.0499496
0.12809
0.0456118
0.080971
0.123595
0.0460892
0.0721065
0.10353
0.0536669
0.104265
0.0553629
0.0722948
0.0521027
0.0550414
0.0693149
0.105041
0.0917277
0.0836668
0.118219
0.0741892
0.0362316
0.0367649
0.0917774
0.112378
0.129657
0.112409
0.100262
0.0598608
0.119557
0.0751189
0.0959671
0.0895034
0.0810685
0.109999
0.0778051
0.0597956
0.028153
0.0690602
0.125968
0.0520361
0.112503
0.08946
0.0318159
0.104012
0.104147
0.0852078
0.0727203
0.0457367
0.0394494
0.0726623
0.0284598
0.0941646
0.0529569
0.0503077
0.0990913
0.102864
0.0842965
0.0621151
0.100223
0.127542
0.108413
0.075361
0.0499649
0.128427
0.117172
0.0706472
0.0697016
0.033508
0.0436517
0.0619475
0.125685
0.123804
0.0944711
0.0506096
0.037873
0.114661
0.043131
0.0811112
0.0927436
0.0730892
0.118378
0.046941
0.121728
0.0463283
0.120032
0.0574231
0.120933
0.126958
0.0901205
0.113869
0.105566
0.0777396
0.123094
0.0743739
0.105286
0.0295085
423 21
191 129
340 377
460 478
217 453
264 200
164 184
223 339
264 165
371 435
18 184
241 341
489 441
9 461
273 164
126 442
479 125
61 248
3 334
170 141
201 259
390 224
91 144
495 74
364 1
476 499
54 286
387 223
299 436
138 413
252 80
156 116
417 374
133 288
468 195
235 145
70 408
467 221
202 240
97 407
456 355
376 47
227 54
431 422
329 491
391 164
87 495
66 60
134 193
352 201
140 65
223 86
169 96
173 79
82 274
161 277
151 310
86 295
349 439
262 459
103 284
478 178
170 231
372 286
55 224
83 234
69 493
371 136
452 164
465 407
483 252
6 238
468 312
238 334
496 201
448 2
165 381
2 51
376 293
274 257
259 325
136 448
127 167
475 336
344 144
100 291
54 310
128 314
125 335
350 472
71 171
467 377
376 402
279 226
358 263
310 432
234 352
93 221
225 286
249 368
