96
100
6
21 27 59 96 10 64
17 21 47 34 95 91
36 62 22 89 31 41
63 45 36 93 92 20
48 59 12 28 90 67
96 80 45 54 20 27
100 62 90 54 28 48
31 55 17 39 13 100
72 15 55 40 57 77
86 95 27 25 60 99
93 79 77 77 15 18
23 17 91 93 56 33
24 54 100 92 13 82
47 76 24 81 62 34
85 22 38 69 97 87
99 22 97 66 75 31
65 32 79 95 87 58
24 21 35 53 63 15
53 52 28 71 65 30
74 80 75 22 63 98
86 18 48 15 19 51
17 87 54 95 13 66
55 25 96 52 75 81
39 19 19 24 67 95
70 20 22 63 50 38
84 85 21 20 71 48
22 75 65 54 70 58
19 82 45 64 93 68
51 88 17 76 79 45
60 69 28 24 59 57
73 52 55 87 44 10
62 58 67 19 32 63
62 38 37 35 83 87
90 67 38 73 61 58
35 57 10 47 70 23
80 40 44 25 41 92
55 87 52 31 60 92
23 30 44 10 97 69
44 53 41 74 61 34
55 13 59 65 52 16
77 68 24 25 80 33
14 51 39 47 16 58
59 33 68 85 73 91
18 86 71 87 47 15
40 20 29 37 77 46
95 73 41 81 91 22
98 86 90 97 14 38
29 16 61 95 83 37
71 55 49 61 70 52
54 79 81 21 56 33
35 76 33 33 14 89
83 14 26 42 68 84
20 78 54 64 38 39
17 62 84 87 90 28
61 61 70 27 54 50
48 67 51 44 22 32
77 38 42 29 99 60
50 16 70 98 96 49
73 26 16 40 39 86
69 70 56 17 84 57
94 96 12 75 80 18
16 84 81 42 84 96
55 13 77 14 50 83
54 75 33 63 78 81
14 78 60 21 34 19
26 62 18 97 61 27
54 24 89 32 42 81
98 22 51 33 16 16
19 60 53 94 66 67
43 38 44 11 34 86
56 71 45 58 96 31
77 98 58 74 98 58
40 93 42 52 99 89
79 80 52 75 30 75
96 46 41 72 86 38
34 57 62 75 33 26
38 30 17 73 40 68
88 84 50 12 64 86
19 57 14 54 72 44
87 99 43 68 94 69
84 42 35 39 37 57
15 52 32 58 47 84
29 68 28 17 95 77
89 25 99 45 23 34
66 21 55 67 57 42
24 74 55 63 47 62
58 54 53 89 26 15
59 33 39 69 42 75
25 88 71 15 65 83
20 58 20 65 23 81
73 84 98 68 12 56
57 56 96 18 10 25
16 14 24 20 49 97
16 82 25 31 40 97
30 68 80 91 13 89
58 60 99 36 88 46
66 54 72 40 56 96
88 88 53 90 48 86
83 34 73 23 51 39
10 73 27 90 32 56
0.0830921
0.0651072
0.0510283
0.0508524
0.0944826
0.0889385
0.0386649
0.100586
0.127918
0.055904
0.108458
0.126271
0.0684098
0.120682
0.0828234
0.128902
0.0560934
0.126497
0.103717
0.0345047
0.081257
0.111565
0.0613741
0.0918185
0.0665243
0.0967366
0.10541
0.0951674
0.126218
0.0436587
0.0687308
0.0542045
0.0767848
0.0348196
0.0705401
0.115989
0.0303693
0.109916
0.0348692
0.0456828
0.0285517
0.104322
0.0715056
0.103868
0.110049
0.0540702
0.0786129
0.11122
0.0426824
0.0705516
0.0479165
0.126851
0.0448882
0.101702
0.10385
0.109741
0.114023
0.112582
0.0900437
0.0584323
0.0511778
0.057258
0.0439871
0.10866
0.120869
0.0509942
0.0843186
0.125813
0.0755118
0.0793791
0.0977076
0.0544375
0.127816
0.0811427
0.0676642
0.0520042
0.0416076
0.0913562
0.0455673
0.111943
0.0909456
0.0763226
0.126543
0.0829273
0.0701099
0.0784021
0.115802
0.0641402
0.128078
0.0479977
0.119911
0.0447301
0.120461
0.125907
0.128591
0.108138
0.1141
0.0335291
0.120687
0.122284
202 498
471 466
489 127
362 360
199 244
447 324
404 300
194 215
138 327
460 51
109 155
67 69
295 476
58 64
404 215
333 199
122 153
463 332
52 18
324 293
225 245
1 476
13 333
428 3
35 172
114 464
191 138
81 366
479 128
271 204
378 20
202 483
54 496
99 378
404 132
208 57
89 189
249 437
293 4
265 216
163 253
22 455
374 45
247 479
85 93
340 130
246 240
153 146
221 306
160 401
348 149
54 138
275 301
39 214
488 398
417 481
84 49
187 146
149 377
319 388
14 341
155 484
202 494
338 302
10 431
145 263
382 353
304 216
257 252
474 60
220 402
239 231
213 386
383 486
101 292
305 325
321 427
115 361
30 332
441 397
476 348
455 48
246 92
460 56
71 402
441 49
487 11
312 332
385 162
367 4
65 20
106 34
206 31
453 363
183 490
96 272
442 21
203 284
490 296
282 213
