73
100
6
60 31 36 86 73 11
74 12 27 21 15 27
61 33 17 38 32 40
96 60 54 38 28 56
83 90 55 22 71 64
56 11 81 90 20 28
78 23 11 31 67 66
88 92 31 10 91 31
28 79 27 92 82 86
63 84 74 52 76 11
57 62 59 87 70 14
81 34 83 61 62 57
20 71 38 97 32 53
26 21 19 77 76 68
39 50 25 30 64 66
29 100 100 52 12 46
93 100 22 24 66 34
28 49 32 97 18 33
18 44 16 76 75 37
22 81 70 26 18 73
62 26 56 72 26 94
59 30 49 96 91 56
83 54 71 41 25 37
26 41 46 19 62 77
33 30 29 39 26 81
64 36 59 40 69 50
13 20 56 25 93 53
62 43 95 76 79 67
64 33 78 60 100 37
53 83 10 46 10 70
44 65 96 66 89 90
10 31 29 96 18 65
22 64 20 35 78 90
76 22 59 99 70 26
14 71 68 85 94 84
61 78 46 62 48 50
31 28 82 60 72 70
26 98 31 20 30 94
70 34 15 58 94 24
28 20 44 28 75 75
72 96 64 96 48 19
14 74 76 74 58 66
86 87 48 13 57 52
86 21 44 27 67 23
11 45 77 84 90 10
31 84 56 100 54 79
82 50 83 97 70 32
83 26 61 28 33 81
80 25 44 44 77 73
41 57 60 10 80 65
43 93 87 41 18 98
20 72 10 14 53 73
68 10 97 24 80 50
41 18 59 43 68 16
38 77 54 61 21 56
38 30 44 46 23 14
93 89 10 28 60 50
64 74 32 93 33 28
63 13 77 71 84 32
21 82 58 66 16 58
98 91 79 86 25 71
76 52 78 31 99 31
27 10 63 77 89 10
97 45 87 86 83 38
12 78 97 48 39 76
77 95 95 99 26 12
64 20 17 40 37 19
70 81 49 17 18 89
34 12 52 15 11 45
47 51 45 50 86 71
68 90 12 78 27 94
34 52 71 10 72 46
69 89 67 96 34 90
10 90 18 86 33 79
37 23 40 73 35 70
36 77 91 17 48 59
60 36 64 49 44 27
100 68 21 97 17 65
62 42 100 28 27 95
87 14 44 57 66 72
76 80 71 60 50 39
58 14 100 51 22 84
18 11 13 29 13 68
52 65 57 83 61 41
98 86 30 28 28 25
98 67 60 56 51 24
46 84 21 34 49 85
76 41 46 84 66 53
46 10 20 31 98 81
49 43 32 95 64 83
97 56 10 41 27 85
38 34 42 19 13 31
88 84 44 58 53 67
45 29 94 65 75 70
64 61 84 51 46 11
40 76 63 22 83 32
64 40 69 32 23 77
95 73 99 44 34 46
43 55 54 79 82 81
22 29 12 18 73 81
0.0261452
0.0948412
0.110192
0.0269185
0.0617971
0.0850281
0.123923
0.0763023
0.0995988
0.0743284
0.124394
0.0641364
0.109646
0.0396313
0.12402
0.0528624
0.0337908
0.0406714
0.100954
0.0762873
0.0963345
0.0281865
0.118681
0.0501234
0.0985232
0.095447
0.0876566
0.0433077
0.122323
0.103163
0.0416956
0.125129
0.0817177
0.05178
0.0404606
0.120253
0.0398846
0.0930537
0.0986819
0.0417307
0.0310364
0.0473923
0.105152
0.118167
0.0367499
0.0566053
0.117499
0.0467893
0.101206
0.126945
0.11273
0.107692
0.0584508
0.0884858
0.0795547
0.089226
0.129169
0.0911951
0.110736
0.0553038
0.0858629
0.0971582
0.102471
0.0881806
0.0677819
0.123982
0.0973065
0.0392815
0.0963065
0.0922528
0.110727
0.0458261
0.0882115
0.0342994
0.0954132
0.0612925
0.0872818
0.127238
0.111587
0.0409347
0.0749176
0.0743404
0.0378712
0.0458141
0.0742205
0.0654337
0.112009
0.127842
0.0593831
0.124992
0.0569116
0.119021
0.120321
0.0700088
0.0480555
0.0608674
0.0726131
0.0609943
0.0740522
0.115979
103 254
391 403
9 194
107 62
386 478
353 301
277 185
391 408
420 381
27 446
177 55
111 252
251 95
71 491
127 170
231 400
224 302
366 88
158 380
392 391
150 423
460 469
418 342
275 164
285 225
63 424
52 28
315 27
345 291
88 120
447 170
50 265
164 119
199 53
369 116
210 139
362 263
94 155
310 279
227 256
280 309
484 473
279 101
296 471
114 179
369 57
404 461
401 449
3 241
366 173
94 125
35 432
476 115
163 305
384 442
174 248
470 159
439 147
195 383
120 111
326 269
140 167
287 3
34 346
334 228
94 316
87 256
303 18
284 242
205 265
449 104
360 172
304 91
178 199
85 482
155 237
475 129
54 15
492 309
484 403
172 202
9 52
394 259
90 478
237 6
360 39
320 75
324 309
95 461
219 417
99 74
231 439
57 191
123 243
227 76
444 460
172 19
294 165
260 496
172 73
