35
100
6
75 31 99 46 56 80
41 36 14 81 61 36
77 36 45 76 80 89
96 77 25 80 48 50
64 29 10 47 14 56
65 23 46 93 90 54
45 17 24 21 64 42
50 80 87 59 89 62
85 36 35 23 60 82
88 38 21 89 39 68
84 19 48 48 98 98
11 66 40 32 36 91
27 49 59 92 32 69
96 65 18 35 64 61
75 71 62 48 98 96
45 42 52 28 24 12
99 92 78 58 25 87
84 64 28 92 85 96
19 44 55 100 74 85
21 71 51 70 39 21
48 72 68 45 11 63
54 15 44 83 50 77
15 36 30 76 19 72
95 61 79 15 85 86
30 90 29 27 18 36
92 57 93 91 96 11
22 48 68 29 54 67
13 44 28 39 48 48
56 19 94 38 25 37
69 86 33 18 64 64
78 95 91 39 15 29
51 27 45 74 74 96
21 38 51 24 30 30
12 82 66 77 33 95
54 83 48 47 33 28
66 81 52 45 19 95
62 51 16 23 91 55
82 18 60 82 59 13
97 91 87 69 22 38
33 69 61 58 27 45
77 86 23 80 56 74
15 95 90 84 84 81
94 28 79 25 10 46
21 77 96 16 35 37
26 89 100 79 93 22
69 27 81 67 51 38
61 44 73 32 23 70
60 23 28 89 41 63
21 49 28 45 92 15
69 62 40 89 55 51
49 45 58 20 68 40
20 11 92 84 91 88
73 19 84 98 13 88
70 75 56 97 97 21
35 56 46 25 89 41
42 49 13 75 83 83
59 63 51 65 92 92
78 39 18 36 32 15
64 69 95 14 78 12
20 19 24 85 27 79
70 84 51 44 79 21
20 52 86 58 79 84
51 85 31 62 21 94
49 66 26 91 13 92
58 47 45 45 54 55
21 54 85 28 91 68
19 56 95 90 49 11
93 50 61 78 71 91
94 55 87 72 25 19
40 11 50 38 37 80
75 87 73 25 11 26
67 52 39 45 74 69
47 59 46 13 11 22
53 97 86 20 71 74
40 99 20 95 76 26
49 99 74 35 69 75
67 69 10 100 84 67
84 93 60 62 90 87
83 33 61 90 19 22
57 57 15 67 38 74
39 55 59 54 58 44
33 61 68 41 73 99
93 75 10 100 79 37
50 88 74 79 56 40
38 75 71 84 33 32
13 13 53 66 93 90
12 65 63 29 27 18
98 63 63 67 10 85
92 63 54 59 19 28
54 23 95 90 75 56
99 43 10 57 53 77
18 38 77 26 66 77
10 11 12 87 21 86
51 92 66 54 79 59
18 85 60 78 84 13
76 99 98 99 74 11
45 45 33 53 80 24
70 97 79 98 65 40
36 68 38 14 37 27
12 60 98 31 48 63
0.0981289
0.10386
0.0681051
0.0460852
0.0677215
0.0677986
0.0494471
0.0328005
0.0629527
0.104087
0.032939
0.040142
0.109506
0.1075
0.0908584
0.0983076
0.0530998
0.117743
0.0311735
0.127014
0.129443
0.0448634
0.12418
0.0707122
0.0426482
0.0276426
0.0674016
0.069672
0.117732
0.0809983
0.041825
0.0816826
0.122561
0.125455
0.0608102
0.0785326
0.0600563
0.112158
0.0832195
0.124891
0.0992129
0.0779508
0.0368969
0.0732245
0.126825
0.0694682
0.090611
0.104385
0.0878432
0.067359
0.105594
0.098533
0.0450141
0.0499921
0.0419418
0.0425413
0.0760762
0.127987
0.126157
0.125628
0.060304
0.0365518
0.122556
0.104832
0.0491289
0.108244
0.107943
0.0307898
0.0342625
0.0385306
0.114851
0.0475571
0.112857
0.0917601
0.0437176
0.0765262
0.0498642
0.122782
0.0407838
0.128861
0.0905931
0.123205
0.0510711
0.035914
0.117054
0.0543128
0.0299332
0.129421
0.0548328
0.126285
0.0497594
0.105347
0.114686
0.042573
0.0737282
0.0805903
0.101506
0.124807
0.0857635
0.076144
112 331
377 206
26 133
456 491
379 83
225 340
53 60
264 168
401 201
290 381
444 388
121 422
434 312
337 127
390 443
88 399
138 123
59 210
294 299
481 457
491 367
400 10
433 442
70 244
281 140
117 104
306 494
77 407
495 318
340 41
198 15
3 127
290 304
66 458
88 369
330 405
115 465
6 470
373 473
48 371
133 261
434 213
475 205
370 104
407 96
215 288
448 401
191 126
197 124
152 307
370 486
162 254
143 275
291 436
285 50
237 243
95 419
39 196
338 496
287 125
107 205
195 354
83 237
40 295
139 415
115 308
405 477
57 261
88 191
397 313
402 248
250 17
395 317
118 478
167 38
116 218
53 361
53 164
315 21
321 321
303 228
389 58
159 124
45 483
200 367
103 194
394 410
147 7
433 182
299 46
44 271
487 63
27 285
309 189
232 123
447 203
109 323
410 331
152 212
140 290
