75
100
6
81 72 37 84 57 22
55 81 53 74 41 50
37 67 81 27 99 77
98 57 94 24 78 98
70 14 33 67 64 36
24 83 27 69 68 97
71 50 18 23 86 48
99 46 68 68 98 68
95 95 27 17 98 41
66 88 90 82 35 96
59 73 82 89 30 86
71 87 23 74 89 100
17 32 11 11 50 21
82 48 16 30 85 45
11 77 61 62 71 35
93 48 53 34 68 72
15 63 20 63 85 55
17 34 52 38 19 97
71 55 44 60 68 56
91 47 33 48 32 10
36 23 43 89 74 44
77 25 42 26 26 79
70 45 35 40 25 24
43 30 40 82 39 42
44 99 96 78 35 85
92 37 94 26 69 82
59 37 58 60 18 43
45 57 80 47 85 62
16 40 18 78 52 77
34 81 100 45 15 17
25 25 14 31 86 47
66 62 31 60 74 38
95 76 65 12 80 89
49 43 49 79 31 92
35 15 11 70 22 66
74 73 46 17 42 19
63 74 70 50 36 24
65 38 86 22 55 100
48 11 29 16 30 87
12 38 35 61 65 91
70 49 100 40 73 21
66 80 25 30 38 61
20 16 82 98 15 22
46 33 89 80 44 44
70 90 95 97 32 92
89 66 56 81 23 57
67 49 32 21 52 75
90 63 37 27 66 41
94 65 23 86 75 28
22 60 95 34 79 53
61 71 70 84 95 54
83 66 27 75 83 90
45 21 83 23 77 55
68 66 36 91 67 54
84 54 51 27 90 89
46 53 86 71 10 14
74 48 40 32 12 74
11 62 75 52 65 32
55 77 32 34 35 26
67 23 65 20 72 57
61 16 77 76 22 28
85 15 10 99 70 78
66 84 46 99 72 73
82 49 86 85 27 39
19 14 71 64 39 85
48 54 52 36 55 54
89 90 49 74 44 77
25 21 87 43 95 82
84 21 63 75 83 29
38 86 67 81 24 63
49 18 46 55 92 45
12 56 41 96 87 76
17 14 44 74 90 43
25 90 57 49 47 67
10 74 20 30 17 20
40 57 87 23 49 27
50 89 76 54 94 81
53 25 91 12 99 35
14 91 43 65 55 13
15 49 67 30 87 51
91 36 18 11 52 32
76 66 52 70 42 70
98 13 73 63 17 13
88 13 31 56 26 47
51 18 41 50 93 43
67 23 41 85 64 38
38 52 18 13 89 18
98 32 87 64 43 87
87 82 76 10 56 45
33 72 12 56 41 33
10 33 91 64 23 89
37 92 14 98 62 16
49 95 98 42 41 61
24 51 64 67 80 82
29 25 95 89 93 22
55 90 25 22 91 74
59 32 28 36 91 99
74 42 19 80 22 76
76 16 50 79 29 81
31 88 27 80 94 74
0.0694086
0.0955357
0.0377103
0.116316
0.0890693
0.125887
0.0724152
0.127866
0.0420352
0.0265462
0.0468463
0.0820824
0.0661614
0.04511
0.0725442
0.0971796
0.0556078
0.0349142
0.0509148
0.0914283
0.048962
0.029961
0.045736
0.0753177
0.0911414
0.0481271
0.0343136
0.111768
0.115845
0.10656
0.0377683
0.0738928
0.104539
0.0504962
0.123616
0.0550535
0.064445
0.106529
0.128344
0.126191
0.100867
0.0396654
0.121606
0.128068
0.125092
0.117067
0.0395553
0.0898764
0.0758418
0.0331203
0.0719328
0.0401446
0.0850279
0.0934499
0.0554927
0.0940108
0.108782
0.0878244
0.0988973
0.043222
0.0919445
0.123217
0.0355905
0.0930148
0.112814
0.0740321
0.0636419
0.0909709
0.123281
0.0510296
0.100582
0.129969
0.0387545
0.0319645
0.0508599
0.054719
0.0862808
0.04408
0.0562543
0.113136
0.088607
0.122716
0.0388067
0.104602
0.128171
0.124075
0.11772
0.093606
0.0823908
0.0633465
0.12321
0.0769742
0.0289926
0.0824938
0.084361
0.0479312
0.109629
0.0614879
0.0442442
0.119234
362 121
214 313
10 210
13 20
42 129
302 151
160 456
403 257
460 320
117 168
41 429
359 121
205 235
195 246
407 345
451 68
230 113
230 97
230 462
87 160
298 367
121 205
448 265
278 348
103 360
117 334
287 242
87 192
340 496
341 154
151 463
374 256
339 161
162 19
125 32
59 157
87 117
368 453
443 109
316 288
79 153
176 275
59 355
334 113
403 100
265 495
302 326
225 361
243 215
462 208
259 234
159 77
498 100
48 36
315 12
425 457
417 173
489 42
135 311
377 334
40 413
133 187
241 261
127 386
456 459
438 1
38 435
316 240
227 198
466 366
280 364
165 182
142 310
500 111
158 343
169 55
308 470
93 137
274 32
162 140
184 42
35 265
387 410
331 441
364 473
485 298
348 218
64 271
473 192
202 219
297 165
270 187
420 335
325 462
212 184
34 154
17 184
483 257
356 126
440 300
