99
100
6
70 45 99 13 14 64
40 21 91 91 17 26
43 27 14 29 60 16
44 21 68 68 55 58
64 94 76 44 32 66
50 35 84 70 74 18
98 79 18 84 54 47
56 84 60 87 89 63
53 99 81 96 36 60
90 57 49 61 82 53
36 64 17 48 14 10
76 77 89 37 55 92
62 76 62 37 49 87
22 72 94 20 28 90
74 77 92 69 76 53
11 100 93 88 62 32
23 20 17 96 61 12
31 93 26 100 39 45
81 91 21 69 39 22
24 52 36 83 93 92
69 36 51 23 38 87
55 33 32 10 81 44
69 68 15 72 30 59
63 87 96 73 98 16
66 85 92 45 94 11
21 58 72 83 24 21
27 60 82 30 22 32
81 15 34 98 69 45
80 36 14 38 21 57
97 55 64 67 85 64
15 40 99 82 63 86
63 55 36 41 89 18
75 19 50 67 55 46
90 98 15 42 60 39
38 46 12 14 18 63
81 88 79 36 34 12
46 66 19 15 73 47
68 62 21 11 49 91
100 31 27 65 58 80
89 39 91 37 93 22
99 61 67 88 75 82
29 27 23 73 27 84
92 78 63 58 15 73
39 24 14 68 59 30
73 32 56 18 16 49
56 40 10 45 60 26
56 97 65 12 77 21
50 64 28 89 10 38
35 62 18 20 31 45
50 73 84 29 53 21
87 67 46 93 43 23
10 71 55 23 84 23
54 91 63 66 72 78
96 62 73 59 84 98
37 34 26 41 10 62
92 19 82 76 19 39
69 16 37 49 93 77
21 11 52 49 76 81
80 65 90 19 91 85
24 71 71 52 58 16
76 22 98 82 76 53
29 32 91 85 60 92
83 93 97 13 28 14
79 70 24 98 83 39
84 91 41 43 86 42
59 82 57 47 89 44
77 92 74 30 15 62
38 98 15 25 52 49
12 17 51 78 70 71
62 33 59 20 67 98
18 93 17 47 15 15
52 98 56 98 27 44
88 48 35 12 23 40
41 83 60 54 93 68
32 24 15 39 89 55
10 16 58 50 35 32
87 63 68 19 33 67
81 63 14 70 59 12
39 19 29 99 31 46
29 47 63 37 19 77
34 92 57 57 60 58
76 61 77 70 26 32
38 90 32 100 55 43
36 61 12 78 26 32
14 28 39 97 15 64
26 28 45 50 61 58
77 53 41 21 71 46
46 89 21 87 21 59
71 58 20 93 46 46
58 99 47 44 27 73
79 74 14 66 40 89
71 10 83 51 87 72
72 52 33 82 50 24
12 45 26 49 61 13
56 30 48 56 45 86
83 88 51 44 32 84
88 49 99 17 71 74
12 36 35 65 42 30
98 15 32 79 89 19
83 12 53 69 70 87
0.0781395
0.047684
0.118429
0.0934168
0.113673
0.11037
0.0857537
0.0658007
0.114427
0.0962016
0.0764338
0.111894
0.0795496
0.0395309
0.10723
0.0663695
0.0882788
0.111232
0.0451427
0.128898
0.0467038
0.128816
0.122693
0.0772353
0.0317149
0.0736247
0.125598
0.030058
0.0562617
0.0693122
0.0428669
0.106847
0.100145
0.0649439
0.0610673
0.0312424
0.0439989
0.0324703
0.106204
0.0582014
0.113314
0.0540927
0.111764
0.108521
0.1155
0.0988925
0.0754038
0.083949
0.0801247
0.108773
0.0338834
0.0360689
0.12247
0.0725058
0.0354465
0.11368
0.10625
0.0962607
0.0748873
0.11505
0.0891016
0.111502
0.110172
0.0895189
0.0376764
0.033231
0.0415482
0.0352733
0.0420229
0.0383127
0.0629588
0.0741975
0.0519406
0.0301577
0.0907593
0.111249
0.0403232
0.0851412
0.0286434
0.111863
0.0877855
0.105404
0.0842383
0.11625
0.119124
0.10703
0.0878188
0.0885137
0.0578088
0.0552249
0.0611372
0.0300032
0.0288981
0.0535112
0.105888
0.114247
0.0794679
0.12692
0.12628
0.12405
305 408
306 344
354 271
21 412
61 64
375 254
204 235
263 233
431 187
209 424
26 37
126 403
403 65
451 144
458 162
70 500
61 105
160 248
41 480
93 380
392 175
267 126
30 292
117 73
298 410
366 251
234 196
210 57
454 76
464 308
300 110
406 375
219 347
301 124
192 224
235 266
383 158
307 291
159 214
119 40
264 198
302 413
156 326
96 391
9 156
166 30
156 115
329 346
265 498
163 285
145 276
223 29
192 185
283 448
264 342
448 227
95 110
352 64
342 491
270 250
248 114
60 476
444 23
392 491
294 183
233 7
123 104
329 444
336 188
282 499
195 331
225 469
174 459
98 158
142 58
315 89
222 430
185 185
362 152
350 230
271 464
465 94
340 279
64 438
224 157
479 15
295 110
445 263
351 134
359 291
213 396
500 315
41 358
407 30
279 482
367 284
84 396
300 19
21 470
209 199
