67
100
6
59 47 14 78 88 20
74 96 49 97 70 14
43 54 13 92 13 57
48 42 16 36 72 42
98 31 53 11 54 96
63 87 15 96 99 44
88 80 71 99 72 61
83 20 33 65 21 24
39 22 43 88 11 91
60 85 67 36 80 62
89 47 36 34 95 22
68 38 10 66 38 70
29 11 12 14 62 74
96 43 87 65 78 53
32 57 75 25 11 93
51 61 52 89 85 53
66 30 97 15 91 92
78 53 29 100 45 52
23 57 51 99 77 77
38 66 27 57 97 90
80 76 90 99 93 19
95 41 45 77 100 47
10 47 54 13 94 53
80 74 69 71 68 55
86 51 14 54 54 12
49 60 16 99 45 25
47 26 40 47 30 54
70 34 97 14 21 57
11 49 15 100 66 85
49 58 58 63 95 12
79 80 35 11 83 10
99 50 77 25 30 62
26 46 23 35 66 30
54 14 42 21 21 93
62 16 57 26 22 63
63 36 60 10 15 100
13 78 45 68 88 84
67 70 47 26 100 15
94 51 15 73 38 72
36 10 70 25 75 38
66 86 59 11 92 33
62 23 87 91 98 92
41 43 87 67 54 11
67 25 55 20 25 38
36 60 60 44 57 31
17 34 18 46 14 60
65 70 74 57 29 75
88 97 31 48 78 95
32 32 94 63 50 94
18 23 23 33 61 74
25 32 99 15 66 27
100 90 87 78 91 52
19 38 94 41 83 36
31 58 88 17 99 83
42 87 17 91 87 16
66 55 92 62 59 34
28 17 79 86 11 43
88 23 10 63 65 14
32 17 43 52 59 26
22 62 10 70 48 24
60 11 70 50 34 90
58 12 80 79 78 77
73 99 36 61 40 63
32 77 81 94 67 98
82 94 70 34 35 77
30 60 57 15 33 94
91 73 56 86 62 72
69 13 65 77 85 20
34 19 61 37 61 67
46 66 75 10 95 52
58 12 89 11 51 40
61 91 36 76 11 91
47 42 16 55 30 40
30 41 83 72 50 47
85 93 97 78 56 45
82 85 96 94 78 87
57 79 75 11 71 77
85 18 60 18 95 73
67 53 67 12 87 53
82 93 10 96 12 56
61 53 90 99 90 13
65 42 21 13 42 46
61 58 22 94 43 56
84 38 57 91 43 97
90 73 66 86 37 82
25 49 54 20 73 40
37 51 38 85 98 35
70 30 63 38 92 37
66 43 50 19 64 68
31 17 36 90 36 61
48 23 15 76 54 13
89 80 30 43 68 39
52 88 30 79 53 63
85 65 45 47 17 65
75 88 95 83 28 42
22 25 58 79 67 99
38 48 99 57 50 55
78 100 27 10 41 40
38 84 90 91 19 77
71 12 41 50 42 48
0.0948746
0.0773979
0.128112
0.10748
0.0966863
0.104207
0.111079
0.0732809
0.0639963
0.129723
0.0376785
0.126262
0.0605245
0.0409339
0.0521614
0.0980671
0.0839247
0.0773879
0.0489182
0.120438
0.111964
0.0538539
0.0441877
0.0903649
0.0454966
0.114449
0.076869
0.0827735
0.0614651
0.11697
0.12258
0.0847156
0.0409368
0.0850506
0.121915
0.103353
0.0385083
0.0418379
0.113343
0.038392
0.109441
0.12885
0.0610118
0.0330249
0.0994406
0.123845
0.0306493
0.107626
0.11985
0.107692
0.120845
0.0341276
0.0422557
0.0598487
0.0666105
0.0684264
0.102809
0.125707
0.0746086
0.0722587
0.111458
0.0561422
0.0683998
0.111929
0.0876016
0.0451496
0.0861099
0.0815938
0.117791
0.12393
0.11798
0.0675966
0.0852465
0.0554789
0.0961076
0.0272678
0.0503724
0.0298911
0.0446987
0.0314483
0.121139
0.0982632
0.0819899
0.0485942
0.0677608
0.0536972
0.0935412
0.0653999
0.111245
0.122294
0.0779106
0.0708204
0.103519
0.0472455
0.039069
0.0550791
0.124218
0.0625656
0.0705809
0.0365331
98 125
297 422
455 277
238 291
86 492
351 180
203 6
443 334
160 183
358 338
210 476
272 488
383 34
293 215
113 385
113 244
276 371
446 257
267 359
193 459
84 417
39 471
325 102
418 207
131 66
200 180
213 337
495 428
333 426
232 149
267 315
384 108
127 207
417 61
239 80
497 177
399 454
440 140
26 15
446 335
418 356
72 98
240 257
59 155
81 224
177 446
7 62
313 490
157 289
169 122
13 263
478 292
143 190
281 125
471 77
48 353
244 431
395 188
284 329
87 139
119 282
410 454
189 349
217 467
59 345
2 328
436 162
375 178
199 259
285 276
141 128
158 132
429 98
397 27
41 146
152 479
263 391
296 8
385 137
83 314
335 455
420 70
249 485
160 359
6 410
453 237
464 320
309 338
432 381
116 267
142 176
61 2
63 209
13 108
26 446
155 168
234 225
372 65
428 113
171 485
