28
100
6
19 26 51 98 93 70
95 66 56 15 64 12
63 98 32 19 45 52
44 76 38 29 91 61
47 42 32 35 25 24
24 77 18 62 16 44
56 21 87 48 24 62
26 100 63 40 54 33
65 40 86 48 47 80
20 25 88 62 97 47
12 26 83 12 69 32
56 53 14 23 91 95
74 26 35 20 14 81
57 48 96 43 85 73
24 30 12 93 64 25
66 53 75 77 27 100
80 76 75 58 37 31
39 27 90 19 62 33
34 86 20 18 71 91
47 41 85 24 51 53
62 15 79 86 41 71
52 43 42 90 90 22
87 17 84 46 53 97
60 34 26 61 52 62
96 80 44 94 69 54
68 77 79 90 16 90
65 90 63 35 75 26
33 51 24 58 61 83
98 69 31 45 73 71
22 73 39 68 85 38
31 84 68 44 47 11
99 57 27 47 16 69
41 25 87 11 70 59
97 97 60 60 39 50
19 45 54 20 86 76
65 18 40 86 84 13
85 37 68 48 87 97
58 66 48 25 20 60
97 85 37 85 39 18
95 69 92 74 46 13
53 85 77 57 76 43
15 66 53 48 18 25
31 18 90 90 73 26
66 81 69 83 92 92
97 11 19 64 33 48
21 54 92 89 25 23
25 82 54 92 23 90
62 93 14 82 28 81
30 19 96 45 85 92
95 49 47 34 79 93
50 95 10 78 43 40
51 41 66 76 33 75
27 31 15 48 95 64
37 81 60 38 93 87
64 59 52 33 19 12
75 65 36 96 44 87
81 49 50 75 36 47
41 22 99 57 31 67
84 36 30 58 31 80
21 34 81 76 52 19
68 97 79 29 25 45
49 75 27 38 65 13
17 61 62 29 31 59
49 17 93 48 34 93
40 40 64 20 23 13
96 99 21 60 48 40
34 82 32 11 24 43
76 35 14 73 80 59
87 92 19 75 62 26
93 25 16 49 41 97
23 47 34 61 48 70
16 46 98 79 87 48
77 64 58 78 70 64
47 98 30 73 14 86
89 86 37 19 44 31
29 52 83 79 26 34
76 63 69 39 42 32
84 69 32 36 74 76
79 80 83 38 26 93
63 85 70 91 46 21
18 25 14 51 40 29
48 21 39 58 96 62
38 61 50 36 20 16
59 38 26 53 84 85
56 53 26 98 82 79
85 60 40 37 54 60
13 53 28 88 30 25
58 39 52 19 68 67
36 89 10 16 71 19
100 40 34 59 96 56
91 31 44 17 100 20
98 51 53 80 59 32
12 81 22 86 57 54
95 96 70 20 58 36
59 79 66 46 37 92
79 63 13 49 31 14
18 58 77 67 64 89
80 23 33 89 13 31
92 29 20 100 50 21
68 97 66 62 54 91
0.0343402
0.0369201
0.0625892
0.0531675
0.119754
0.050308
0.108253
0.124072
0.0310798
0.0604523
0.12707
0.067679
0.0678111
0.0993383
0.0937949
0.0502832
0.117567
0.0931276
0.0260142
0.0537565
0.074936
0.0848174
0.0857663
0.0711167
0.12727
0.0574107
0.0589411
0.120612
0.0883244
0.07169
0.106387
0.105899
0.106264
0.111507
0.0954903
0.0778611
0.0961846
0.113879
0.0580784
0.0507084
0.0948198
0.0594014
0.0934445
0.0703702
0.0727877
0.0305013
0.0961508
0.0532784
0.104096
0.0873496
0.0460153
0.046652
0.0623245
0.0479769
0.106844
0.0854632
0.119587
0.0386243
0.06284
0.0855893
0.0509568
0.0948348
0.0457668
0.0798191
0.0552218
0.0784349
0.0332272
0.0368922
0.102761
0.0592302
0.0452707
0.0784659
0.0526945
0.0325562
0.110852
0.0628578
0.0820236
0.128543
0.0312913
0.103067
0.0769786
0.0700369
0.0555891
0.120231
0.0305068
0.0371948
0.0282605
0.0939227
0.0761859
0.0360784
0.0477975
0.0795154
0.0925558
0.0992089
0.0428593
0.0650577
0.107191
0.0353227
0.0992711
0.117931
2 316
328 27
453 129
256 321
471 202
186 416
175 312
309 220
368 232
264 440
158 165
495 300
474 36
140 233
430 225
60 133
317 457
80 340
404 462
98 131
84 352
177 222
119 365
320 326
160 65
357 36
378 387
219 316
227 361
69 302
67 235
144 106
165 154
483 104
266 432
360 265
76 301
42 0
27 67
337 410
260 316
25 409
410 270
288 466
380 305
64 280
11 53
255 87
314 273
436 447
9 111
286 358
280 492
407 255
305 205
139 307
228 260
136 13
62 252
330 437
326 284
224 74
267 351
94 435
9 142
478 272
230 10
254 41
258 193
343 198
66 31
61 393
495 122
38 447
121 163
242 9
196 398
349 123
369 260
487 33
391 372
342 395
296 207
129 142
354 135
353 162
424 468
243 419
444 452
323 59
261 140
298 318
445 333
400 62
338 147
475 441
422 317
171 138
226 132
230 101
