18
100
6
91 87 46 46 73 70
72 46 91 83 68 67
56 39 37 58 59 61
24 62 11 44 16 34
85 36 91 73 61 85
32 56 88 87 86 78
29 38 50 38 74 76
90 19 66 15 63 58
96 93 71 74 10 84
10 43 77 39 59 95
84 31 88 90 44 38
45 59 33 81 30 10
83 29 29 17 32 96
79 49 19 49 48 18
59 42 57 10 51 43
74 38 23 49 34 43
92 28 41 43 21 50
37 95 76 75 61 67
22 62 70 81 78 98
23 18 19 31 86 64
90 92 25 46 93 26
86 17 15 48 95 27
86 63 98 23 62 43
38 39 22 96 73 86
34 91 91 64 61 64
17 32 47 11 34 24
26 16 79 86 99 33
33 19 72 43 66 55
99 31 12 62 39 38
81 97 62 68 10 48
69 22 26 70 47 10
57 91 68 51 67 40
69 17 21 96 50 52
53 88 14 16 37 60
19 24 24 50 82 87
58 66 72 56 27 88
76 67 77 50 39 92
68 16 83 37 77 29
100 11 72 45 26 94
40 99 78 36 90 18
55 26 20 98 15 28
54 44 95 90 29 45
83 22 73 60 98 75
47 50 57 12 87 68
45 93 58 61 98 80
49 92 75 76 88 51
99 98 68 99 87 99
84 85 63 62 83 79
59 46 44 29 22 61
43 83 34 71 60 34
62 49 79 66 95 15
34 35 98 75 90 70
19 39 28 94 85 20
57 21 34 33 28 90
47 16 27 96 34 96
15 16 62 97 33 62
28 50 85 45 80 80
76 90 57 97 60 35
62 89 18 13 72 26
93 38 18 68 77 24
56 89 30 99 71 43
74 25 61 46 24 59
100 63 31 59 88 20
35 29 46 10 55 73
83 46 46 19 31 92
76 92 85 41 14 92
90 34 61 24 65 22
35 67 68 71 26 75
34 29 28 20 97 95
95 29 24 29 81 28
96 21 14 52 65 43
40 43 35 48 43 41
14 100 61 80 57 35
34 17 29 92 73 69
94 35 56 50 100 70
95 60 40 91 79 31
51 54 12 60 46 57
26 71 48 21 99 64
57 94 26 12 72 36
33 59 15 85 97 10
11 70 37 42 22 84
60 26 83 55 37 48
28 64 72 24 48 15
83 56 26 57 27 97
93 62 70 57 10 53
58 74 78 79 95 54
32 20 52 69 17 58
74 79 79 94 37 42
55 22 85 77 73 47
90 77 83 86 95 85
45 75 73 46 49 41
11 12 86 86 84 18
75 60 58 99 38 82
14 91 75 44 62 78
22 44 47 15 10 12
70 61 72 26 42 87
89 29 46 64 12 19
57 88 100 60 40 44
27 94 75 56 11 59
36 88 33 39 77 63
0.096751
0.0571598
0.11133
0.0979247
0.0622935
0.0658725
0.0781273
0.0931018
0.0641071
0.0810265
0.0912097
0.0507314
0.0895734
0.0300033
0.0915676
0.0646259
0.075782
0.0677549
0.0362867
0.118123
0.0867249
0.116641
0.10369
0.0717008
0.123846
0.0760115
0.0603784
0.0320406
0.0334787
0.0480124
0.0729642
0.0548086
0.100248
0.0540272
0.039941
0.0610069
0.0704786
0.0954534
0.0848373
0.0380005
0.0357866
0.0314964
0.097947
0.0538324
0.077098
0.0513103
0.0458163
0.119401
0.0535358
0.0729317
0.091588
0.0763871
0.0743943
0.0994825
0.11585
0.119238
0.0781121
0.0502215
0.0280841
0.11159
0.0777864
0.0803979
0.124475
0.124289
0.0548371
0.111556
0.0459195
0.0899967
0.0556099
0.116416
0.0743338
0.0764785
0.112625
0.102149
0.0857547
0.120427
0.0522941
0.129613
0.047153
0.112929
0.0288886
0.129903
0.0981765
0.0761042
0.0640747
0.0350682
0.0630045
0.0274236
0.072311
0.0534507
0.124069
0.106616
0.0407336
0.0603236
0.0430967
0.0361648
0.10867
0.0707624
0.0288268
0.122658
346 291
83 338
301 3
231 263
323 164
264 30
55 112
333 334
437 398
381 398
14 27
135 94
137 356
430 160
71 189
11 373
87 205
309 146
16 387
321 196
204 147
415 18
296 413
220 402
297 200
265 410
460 158
47 304
195 241
344 146
285 154
444 63
224 446
491 181
330 290
263 166
51 287
63 451
81 343
241 472
435 348
302 267
123 238
296 4
276 291
0 443
48 62
306 197
52 426
366 153
20 413
17 254
113 299
297 308
449 65
313 381
77 429
221 121
284 110
361 71
213 146
402 76
72 17
481 68
330 437
119 7
267 270
363 186
435 61
173 83
397 245
4 95
477 201
69 431
0 396
374 83
443 113
398 159
66 430
53 267
389 371
431 410
425 331
362 200
234 120
492 84
420 421
208 266
238 40
236 159
31 119
402 491
205 358
445 308
97 478
54 463
222 395
353 80
127 217
96 290
