82
100
6
86 71 43 21 78 23
73 25 18 68 52 67
48 20 27 94 92 30
23 78 81 54 54 100
58 75 19 49 43 46
21 72 72 27 72 29
53 86 40 61 50 79
84 87 100 79 17 61
80 71 12 70 38 42
94 19 85 86 24 77
20 16 63 67 64 11
73 52 88 63 57 19
81 26 17 53 94 52
40 97 76 61 93 63
69 10 21 39 44 35
23 41 61 26 40 95
23 14 55 33 14 64
98 18 93 76 31 92
40 32 21 71 31 56
40 51 12 63 87 57
86 46 96 44 41 34
38 52 63 42 23 82
90 26 80 11 68 85
93 68 12 28 93 58
84 49 93 81 75 80
24 67 59 39 46 42
78 73 41 69 88 78
86 28 80 27 77 64
76 70 64 58 78 46
48 41 71 30 62 56
90 11 98 59 89 31
24 15 55 29 47 44
18 91 26 24 38 46
99 53 50 79 79 57
60 39 98 69 27 82
29 28 26 100 36 74
28 25 69 95 81 92
35 91 73 96 13 45
34 60 63 37 51 65
30 70 85 44 49 94
56 78 49 75 36 42
99 93 84 58 60 45
65 57 85 40 67 79
38 16 38 20 86 95
53 65 85 32 28 93
22 96 55 90 80 36
51 70 34 52 73 49
30 81 12 88 82 62
25 37 70 24 34 79
100 61 84 89 43 20
20 84 55 83 77 26
13 69 46 72 61 31
36 35 69 83 13 82
95 60 21 27 81 22
34 21 18 64 17 60
86 73 76 57 48 23
70 15 93 87 91 26
20 69 26 24 61 67
47 77 51 47 83 97
96 41 23 39 64 13
46 28 56 82 48 23
60 44 84 28 20 46
47 54 57 44 70 70
92 28 80 77 33 80
99 67 55 38 19 24
10 47 82 68 92 92
13 63 78 79 97 31
45 94 69 25 91 84
97 48 72 25 66 35
80 43 38 33 23 58
26 27 33 34 80 54
17 40 74 10 84 57
20 53 59 55 31 82
12 88 18 67 42 91
35 28 75 98 99 24
27 81 86 71 61 24
60 29 61 32 49 22
92 92 39 12 68 56
92 61 38 22 83 34
65 45 46 54 26 83
52 85 70 85 63 74
18 71 47 98 52 70
77 56 28 62 19 78
29 26 56 88 94 61
75 31 78 92 58 28
10 34 92 87 25 45
98 64 61 49 38 35
14 22 44 84 72 52
82 95 22 27 93 77
73 86 40 99 60 58
98 84 92 94 59 22
87 58 43 25 66 59
17 68 59 33 42 97
43 29 49 16 80 51
16 39 26 70 34 45
14 11 26 57 60 21
84 52 20 17 47 57
68 94 28 86 56 39
88 54 94 80 45 91
71 96 40 75 55 74
0.0829372
0.119825
0.0716731
0.0387786
0.0569832
0.117122
0.0382588
0.0874851
0.0827082
0.0572984
0.0630908
0.110119
0.0304395
0.0644387
0.0556122
0.0288616
0.0432764
0.08665
0.0386238
0.0563063
0.102046
0.11472
0.120949
0.099773
0.0868764
0.0615294
0.0589758
0.0532832
0.0939069
0.073576
0.0435277
0.0560681
0.108792
0.12664
0.0938455
0.123871
0.054984
0.124379
0.10043
0.0689726
0.0802874
0.0322712
0.0664387
0.109276
0.0549448
0.0400436
0.07729
0.123337
0.106955
0.071432
0.106066
0.124918
0.0705206
0.0720659
0.0897364
0.0503725
0.0918277
0.0536045
0.049701
0.0980233
0.0524133
0.0332658
0.0713935
0.100631
0.0352547
0.0638036
0.0364388
0.0488443
0.0472336
0.055672
0.0374593
0.0640794
0.0735137
0.0967964
0.0929089
0.0413664
0.0446007
0.0813679
0.0835706
0.109872
0.0574185
0.0792772
0.105187
0.0283217
0.0327665
0.0498968
0.11735
0.0435852
0.0842422
0.0799979
0.128224
0.0954764
0.104196
0.0629608
0.108878
0.0274968
0.118307
0.0748967
0.0978621
0.0398908
83 234
129 397
490 418
92 264
68 181
130 484
168 249
400 152
302 279
360 351
259 62
247 131
224 263
416 46
151 447
334 468
264 449
203 406
190 369
291 183
176 185
416 202
39 363
330 329
272 51
50 147
359 470
81 271
113 73
291 296
477 342
196 8
287 481
372 134
344 112
316 445
461 457
378 29
88 191
264 327
44 254
204 49
29 233
179 285
32 442
476 425
8 271
161 249
47 499
225 20
440 254
36 378
365 30
440 309
431 406
415 407
414 105
219 242
469 422
389 293
226 442
466 217
238 140
466 275
441 162
248 12
154 85
312 378
126 285
151 469
172 184
85 396
27 131
432 375
132 251
320 481
1 496
77 282
427 93
269 359
481 197
500 348
220 286
340 79
144 282
235 261
171 399
107 171
142 88
253 194
311 212
302 334
158 123
80 161
99 303
202 123
83 193
468 458
24 323
176 36
