78
100
6
52 47 40 19 67 92
20 27 95 48 57 59
76 24 28 28 36 84
96 94 25 81 96 92
35 85 89 37 62 52
63 86 22 47 17 95
63 11 24 94 94 99
95 87 43 29 75 64
91 44 92 26 93 73
32 35 12 98 49 11
80 91 69 41 32 33
21 68 22 52 42 52
22 59 46 23 64 38
44 15 33 71 54 20
65 26 82 13 65 69
76 35 58 32 26 89
20 73 73 16 66 35
19 41 68 49 56 27
22 91 14 12 36 94
10 16 29 45 14 45
59 82 17 11 79 39
93 53 98 10 16 53
43 30 65 46 41 98
58 75 68 100 91 72
78 79 72 90 29 90
13 11 97 47 13 17
72 35 13 36 14 46
63 22 36 44 38 92
56 91 12 65 44 60
73 86 52 19 94 41
31 52 72 74 51 61
46 66 84 66 63 98
72 25 87 64 55 24
78 59 48 71 76 66
30 13 31 35 78 100
60 41 64 15 81 56
95 90 91 46 92 20
84 90 18 84 72 72
26 30 25 32 25 67
96 43 84 81 61 62
77 82 70 41 85 45
74 45 76 52 13 67
11 30 19 72 79 68
52 67 26 53 60 97
45 52 24 48 81 15
66 90 13 42 68 78
12 38 13 18 47 27
87 10 86 90 40 88
52 79 16 65 59 44
62 28 17 91 33 37
53 62 30 73 57 63
39 61 34 53 62 57
82 79 53 36 38 41
28 73 76 46 70 72
98 92 65 67 92 38
59 41 59 62 14 58
32 82 68 64 65 55
55 32 28 84 86 64
58 18 80 12 35 14
74 61 10 25 92 44
89 82 98 55 99 27
28 23 58 58 32 42
24 56 19 79 52 39
20 20 16 81 89 81
44 100 89 20 65 17
25 99 85 66 23 33
15 52 49 42 31 98
47 61 63 36 46 50
77 91 51 55 69 63
19 92 27 48 13 62
96 87 71 28 67 57
53 26 83 65 31 80
17 13 11 31 31 40
55 77 67 30 85 14
21 87 81 89 53 25
100 48 98 83 74 92
21 77 56 75 77 95
27 44 65 11 53 83
62 78 68 32 90 13
44 20 19 68 28 66
51 48 60 31 82 66
47 93 48 24 44 61
83 76 68 86 48 66
74 68 25 57 83 45
12 97 83 49 55 30
25 49 94 37 12 58
78 10 72 85 100 26
96 92 32 84 91 11
52 51 47 49 45 77
90 43 39 67 96 58
67 76 97 17 82 45
23 34 28 70 74 85
26 28 61 46 58 50
95 39 19 98 20 50
14 75 96 63 69 23
37 31 99 64 88 67
14 16 96 48 23 27
98 86 31 56 46 34
81 90 20 57 48 29
14 99 66 12 40 48
0.0827379
0.071651
0.0588128
0.0764573
0.0349859
0.0461319
0.0968426
0.0888985
0.0926221
0.0469566
0.114161
0.129073
0.0977417
0.0433276
0.096078
0.105864
0.0999324
0.105424
0.0851074
0.0717183
0.0997514
0.107439
0.037281
0.128015
0.11511
0.0788127
0.0374713
0.0660661
0.120342
0.0588497
0.0747171
0.103195
0.106896
0.0616439
0.0540917
0.0941478
0.032909
0.1271
0.0372709
0.0295586
0.11784
0.0408041
0.0857563
0.114987
0.108733
0.047143
0.0743483
0.0608812
0.0277446
0.101563
0.0266506
0.105881
0.0299827
0.111142
0.0630027
0.0671304
0.0933154
0.0607529
0.0341481
0.0880394
0.0492336
0.0529628
0.0457191
0.12757
0.058692
0.0711136
0.074181
0.0268297
0.0960047
0.0665779
0.117062
0.0748588
0.113268
0.0550424
0.0359991
0.114591
0.128916
0.0358881
0.0700957
0.0838927
0.118609
0.0858656
0.118241
0.105727
0.0405426
0.0934869
0.0727933
0.0792862
0.0455678
0.030732
0.0588699
0.08449
0.0260821
0.0272883
0.0736868
0.105906
0.100061
0.0409859
0.0569265
0.0545703
294 176
203 177
461 235
262 475
360 332
388 256
322 155
453 419
202 48
149 343
198 430
60 130
403 462
38 496
155 315
135 208
380 466
461 294
440 66
444 466
239 5
224 25
389 446
174 93
370 152
268 221
382 146
59 124
324 132
498 231
344 160
314 29
337 278
96 31
7 231
376 369
439 427
467 12
399 120
130 498
99 34
52 218
408 448
430 401
72 34
132 220
97 423
95 335
322 393
370 147
145 24
82 481
72 56
199 157
58 187
88 456
343 484
371 159
306 410
198 410
233 124
474 327
483 379
267 487
492 341
283 362
189 314
161 180
186 405
36 347
42 132
54 61
184 258
388 224
67 127
316 78
217 99
249 314
388 299
345 16
466 263
382 366
195 435
140 182
464 61
425 449
169 270
475 226
404 197
482 66
187 257
421 177
414 158
177 103
6 460
6 81
258 283
184 4
270 470
262 15
