53
100
6
83 16 85 32 85 90
51 41 16 57 32 57
91 37 97 47 17 14
27 42 58 86 36 55
75 58 56 71 79 42
93 64 28 38 28 42
44 68 91 21 91 98
88 75 52 76 29 96
100 62 47 49 15 56
98 83 15 14 13 40
76 41 24 13 91 54
13 76 57 18 55 76
57 34 10 35 81 90
44 19 78 42 35 88
13 68 76 17 94 71
90 79 30 13 76 88
90 56 52 17 25 23
63 54 48 88 77 61
79 57 35 69 15 17
55 77 80 61 66 40
61 91 34 14 52 30
25 56 13 19 57 65
64 14 94 61 11 10
29 83 75 89 72 26
19 88 47 31 51 60
96 26 78 25 74 85
52 100 56 92 46 21
70 20 37 13 21 33
28 36 64 83 72 64
61 87 87 42 41 11
65 72 40 76 50 70
47 19 47 63 74 65
64 27 51 59 77 31
32 28 77 69 93 20
65 93 78 34 28 31
25 46 38 92 99 11
54 10 57 24 75 97
45 58 15 56 30 12
80 14 50 11 82 15
33 94 67 31 87 62
64 71 68 74 57 26
89 88 56 54 19 39
42 52 25 55 40 76
57 17 21 90 61 92
87 54 23 57 74 21
72 33 47 74 65 68
72 40 89 96 12 75
90 10 61 62 57 91
35 45 73 29 30 26
56 83 12 37 27 43
79 31 85 45 17 54
68 31 18 84 22 68
11 51 60 37 15 39
77 41 26 99 91 69
92 13 62 14 65 70
97 57 13 82 99 49
59 93 74 89 83 50
47 82 57 11 72 26
12 96 97 37 45 12
80 19 54 76 72 81
77 64 78 92 48 87
60 40 29 62 64 10
46 55 19 76 76 22
20 35 43 75 77 23
54 41 28 69 63 49
16 46 19 64 33 70
77 35 83 94 100 39
32 27 11 35 98 89
11 77 79 41 21 54
90 30 11 65 28 90
32 34 61 36 63 95
18 17 20 18 62 67
57 33 55 60 13 42
22 94 35 64 19 30
33 63 86 71 94 96
67 18 27 43 28 75
58 63 28 14 13 39
49 61 27 14 60 19
33 87 25 47 63 31
99 18 98 34 43 54
62 71 17 93 80 27
62 56 96 47 65 81
34 10 98 46 17 91
47 30 10 92 52 48
46 66 61 93 43 27
69 52 80 53 17 99
54 93 34 89 30 25
12 36 56 88 53 56
48 45 66 74 72 17
11 30 69 69 86 40
62 10 79 78 80 55
33 62 56 86 33 61
23 77 18 47 32 42
94 70 60 82 51 86
37 33 84 46 64 81
49 40 12 13 60 58
68 81 38 15 17 47
21 72 34 73 82 25
73 90 11 31 21 37
81 57 75 53 30 27
0.0735189
0.092859
0.0604256
0.0405547
0.0960643
0.093008
0.0381858
0.0464393
0.113387
0.111294
0.0445384
0.041192
0.089314
0.0739168
0.0863811
0.0267764
0.0420127
0.0455063
0.0563147
0.0293293
0.0575874
0.101149
0.0320244
0.090152
0.113161
0.061341
0.0917431
0.0481353
0.0653724
0.0576585
0.0929042
0.11383
0.121489
0.074646
0.0582057
0.119641
0.104362
0.0870517
0.0714112
0.0749692
0.0684783
0.106484
0.0294973
0.056132
0.105625
0.128103
0.047805
0.0907314
0.123416
0.0386497
0.0686895
0.111332
0.0793132
0.0929793
0.111461
0.0277145
0.0344664
0.0674625
0.120732
0.0578898
0.0473287
0.0592847
0.0827404
0.0368013
0.0517964
0.0467732
0.0631191
0.125108
0.125391
0.0577407
0.0895103
0.114111
0.0648413
0.0443232
0.120318
0.0416541
0.0542003
0.097892
0.0503259
0.0881544
0.0692835
0.0655738
0.0409217
0.0360068
0.0657969
0.055972
0.121311
0.110768
0.0548197
0.0605925
0.08283
0.0433725
0.113736
0.0498838
0.0537516
0.0445401
0.0425317
0.0998437
0.118734
0.0425171
359 351
436 467
465 62
417 311
237 321
228 231
94 132
231 122
159 309
375 19
232 15
347 350
261 39
138 298
109 446
214 296
230 126
284 237
1 174
85 24
7 209
237 430
365 12
440 323
479 204
21 332
284 422
353 70
369 320
366 399
457 259
208 367
200 236
390 75
222 103
306 458
439 371
62 84
56 50
59 216
237 116
336 276
89 401
256 106
430 140
142 151
361 493
109 37
273 378
76 303
211 155
440 485
82 62
437 350
500 155
3 262
188 334
43 64
405 358
497 5
244 17
261 180
22 355
216 203
97 1
444 270
299 248
411 235
218 478
144 41
124 133
475 350
342 310
228 221
29 117
441 98
362 0
16 215
103 112
443 348
116 98
251 326
446 275
41 246
65 331
18 77
453 82
241 198
481 142
289 430
296 172
261 364
226 378
103 402
176 114
281 434
494 128
459 384
381 315
217 297
