38
100
6
86 18 94 48 36 33
22 21 40 84 16 54
88 74 62 99 83 74
59 60 84 51 77 64
13 81 72 100 45 16
81 95 67 14 78 45
62 85 17 67 65 17
21 99 89 90 90 53
69 24 65 38 57 98
36 16 11 94 94 95
83 98 42 78 57 97
81 92 96 68 92 32
68 46 13 13 20 100
94 94 27 17 17 57
50 77 95 31 33 54
62 52 68 87 67 95
57 42 65 57 70 27
58 55 81 21 48 28
75 11 80 42 96 87
67 49 93 70 88 76
66 45 42 95 49 86
11 17 22 39 30 98
85 71 67 64 25 57
85 72 91 79 24 81
98 50 15 91 93 94
62 16 21 52 59 93
33 79 53 71 56 61
30 72 33 91 72 84
95 19 48 31 38 86
17 54 40 49 79 36
84 65 60 42 22 34
99 68 94 84 78 11
48 17 11 97 69 13
62 68 27 49 70 22
79 46 42 97 89 37
39 51 20 64 12 78
73 72 22 98 71 87
94 99 89 36 77 100
93 43 70 76 44 31
99 24 56 59 35 77
18 99 34 83 18 91
46 71 53 77 83 94
32 25 34 83 59 35
42 55 33 24 98 75
86 38 97 62 67 39
41 57 65 82 43 44
90 59 41 64 78 45
68 94 40 17 24 77
46 15 73 18 14 58
100 57 30 99 66 24
22 47 67 39 42 51
28 61 79 69 97 80
15 64 54 95 15 94
80 85 47 65 21 20
21 99 41 55 86 48
96 35 97 34 54 48
18 38 48 11 43 74
14 96 94 47 56 77
97 77 64 68 44 66
88 89 97 55 92 81
77 75 21 66 69 38
59 52 15 89 35 43
14 29 44 58 11 47
31 94 31 54 82 80
56 20 53 12 98 48
35 82 14 64 46 36
36 28 35 16 55 38
55 62 100 65 18 50
28 77 61 90 24 22
61 76 30 20 28 88
72 31 68 33 92 97
85 90 97 41 51 37
43 41 70 46 43 15
85 22 13 44 37 36
65 37 46 93 80 52
70 91 48 96 83 90
71 33 91 88 70 22
22 48 76 68 38 76
73 72 14 72 77 23
48 98 12 77 60 28
40 40 78 36 92 49
20 67 59 30 49 32
86 92 62 11 71 83
33 83 73 72 27 31
90 82 68 70 49 66
55 15 11 94 43 58
80 91 38 70 30 90
49 92 59 25 99 58
55 58 29 29 88 69
44 90 17 51 36 75
42 18 86 33 99 63
45 57 78 60 46 57
81 23 98 76 79 38
25 46 10 83 27 71
81 35 72 86 86 31
60 27 39 75 72 63
20 46 67 61 78 29
97 91 36 55 24 87
83 95 58 81 51 48
61 33 14 31 51 18
0.110631
0.0363168
0.101712
0.0481334
0.0290733
0.0887469
0.127491
0.0728194
0.113245
0.0997593
0.0899286
0.0976269
0.0701835
0.0429548
0.0867386
0.12359
0.0485363
0.031395
0.119577
0.0938621
0.0780464
0.123282
0.0435985
0.084359
0.0875974
0.0983438
0.0795357
0.0522205
0.0282399
0.0894391
0.036398
0.101359
0.126323
0.0850164
0.0942916
0.123054
0.0330951
0.0628566
0.122645
0.0811836
0.0326723
0.0780434
0.0876239
0.122708
0.108851
0.0694532
0.0811766
0.0796069
0.0510597
0.0350707
0.0729714
0.0578188
0.11027
0.0989345
0.0286257
0.122974
0.068188
0.0817106
0.110557
0.0292941
0.119568
0.0574016
0.0765499
0.0528991
0.10538
0.0538158
0.089887
0.0851845
0.108223
0.085273
0.0881422
0.101976
0.0350474
0.0750122
0.0487218
0.0498471
0.0681492
0.0438469
0.0608299
0.0299556
0.0680134
0.0661295
0.080362
0.0626028
0.0758514
0.127166
0.104635
0.116493
0.120444
0.0776586
0.108926
0.0875922
0.0460652
0.0613605
0.115509
0.0868709
0.129674
0.0945073
0.0701125
0.0761331
315 493
451 229
58 314
230 261
373 224
239 170
369 469
435 112
403 352
471 239
430 94
127 115
361 405
68 208
495 494
177 66
477 310
381 212
21 429
144 280
466 191
81 426
126 13
351 264
370 238
70 426
497 184
250 16
468 2
443 264
222 129
132 488
368 68
158 254
203 251
401 329
313 491
462 204
49 149
118 135
402 177
297 413
28 84
405 79
300 98
380 181
202 122
146 303
275 0
455 2
84 286
38 353
436 207
171 243
374 251
475 156
500 35
488 15
64 288
319 211
200 115
109 463
474 319
175 471
98 291
274 247
180 376
435 93
386 182
45 376
254 23
194 258
464 345
137 117
377 418
61 147
234 74
485 268
339 495
241 296
215 458
297 493
435 11
304 428
24 176
362 142
125 491
162 362
38 357
228 168
400 361
362 338
149 280
241 263
366 368
468 211
36 377
379 459
119 20
358 229
