83
100
6
12 85 66 79 78 17
90 30 20 98 35 86
82 65 80 19 58 95
15 69 95 86 75 15
13 98 15 75 47 13
38 87 47 99 73 53
25 38 34 65 47 86
21 73 98 70 78 30
45 27 60 64 57 58
18 74 44 72 32 89
96 82 47 91 44 53
46 82 17 93 69 17
73 67 38 67 13 50
39 49 26 11 89 95
25 47 36 58 24 24
97 62 59 88 22 26
23 74 80 33 97 26
48 93 98 71 96 25
71 14 16 48 31 99
14 53 35 56 46 47
69 18 72 12 97 93
56 34 24 30 31 84
71 69 63 26 22 24
82 94 64 68 64 86
41 13 21 25 31 62
58 47 37 38 60 72
50 34 44 24 45 89
23 92 55 66 17 58
96 99 65 20 90 60
75 29 32 54 53 76
30 28 53 38 58 95
93 16 72 41 47 94
93 28 16 71 90 50
41 40 42 71 59 81
44 31 45 59 73 34
23 34 51 27 37 17
48 19 85 17 43 36
75 24 79 80 86 23
76 90 100 78 20 83
16 96 84 56 98 35
91 80 24 40 30 14
81 99 51 15 57 55
83 10 42 78 44 16
71 53 24 53 91 17
81 57 59 29 88 88
72 81 32 77 35 96
48 47 60 31 57 66
82 33 22 71 64 35
46 81 96 31 85 85
23 61 48 65 54 38
34 28 98 83 46 14
71 21 88 49 22 74
96 11 15 38 63 23
74 27 11 78 44 57
35 21 43 45 71 61
89 26 10 18 43 52
77 45 95 37 56 84
62 79 98 55 92 15
65 34 93 69 38 22
79 73 52 90 34 48
78 99 37 14 86 74
58 71 61 98 74 13
57 38 17 77 35 43
69 48 53 81 21 41
43 98 16 70 85 83
53 10 48 53 49 18
91 90 95 40 96 87
22 45 10 88 69 99
54 67 46 22 44 81
64 38 73 61 46 92
12 54 93 11 47 71
45 47 37 58 71 77
85 82 100 74 10 72
10 62 29 100 19 18
30 32 75 84 43 48
45 92 20 13 42 27
46 98 58 83 12 89
84 86 98 28 44 86
58 84 85 39 84 95
53 81 82 91 68 11
40 77 98 21 17 25
84 82 69 66 39 78
53 71 42 88 67 39
36 29 27 59 62 61
70 27 69 20 45 56
59 71 97 81 57 99
56 78 83 27 72 61
22 33 18 24 91 98
20 56 23 70 34 12
66 26 78 87 81 78
50 58 33 85 50 20
99 61 62 70 62 66
53 38 59 17 40 87
70 74 19 95 69 78
16 86 59 14 90 85
67 22 92 55 75 91
30 45 49 37 33 17
91 16 92 77 99 46
93 58 49 28 41 76
11 98 77 27 31 95
0.035892
0.101112
0.0736567
0.0599611
0.0554651
0.116727
0.103622
0.0948991
0.0907027
0.0566855
0.0605277
0.0546368
0.0389743
0.0329745
0.0691331
0.0822541
0.0718924
0.0320414
0.0958995
0.0817761
0.0862745
0.108483
0.028496
0.0726563
0.122751
0.0420987
0.0392354
0.123663
0.0941591
0.0330253
0.058216
0.0693399
0.125883
0.0749956
0.127221
0.0979611
0.0423966
0.115958
0.0510304
0.121453
0.0519037
0.0489106
0.116753
0.0586816
0.0947973
0.0847943
0.0530755
0.0668104
0.0664959
0.0495748
0.0618002
0.126714
0.089225
0.0943526
0.105116
0.115568
0.117092
0.0344464
0.10552
0.0733186
0.0854333
0.0262411
0.10109
0.107376
0.124871
0.122629
0.038026
0.0700739
0.108282
0.0888428
0.0751261
0.0848181
0.0610441
0.090146
0.0573434
0.100603
0.0502873
0.10967
0.0265074
0.103078
0.0593344
0.0623707
0.100148
0.104517
0.0848672
0.0654819
0.0726939
0.0730332
0.106306
0.0908426
0.0877072
0.106969
0.0729363
0.0391277
0.0695459
0.0342322
0.110928
0.0771558
0.108055
0.0412896
402 185
251 493
160 188
300 454
243 433
273 39
83 117
53 246
255 277
31 160
375 181
415 293
106 276
476 199
366 244
59 241
37 105
27 78
148 58
87 493
500 123
383 377
487 476
417 324
244 341
405 75
363 487
362 209
1 20
445 71
355 314
278 36
314 222
369 81
413 300
257 25
139 320
23 297
169 361
177 333
25 265
443 362
329 359
83 156
84 392
329 255
444 317
44 360
281 227
419 317
28 61
56 468
246 239
242 292
114 475
322 486
204 132
42 20
374 280
29 476
248 273
134 495
265 59
208 77
170 489
436 450
477 353
64 417
42 87
206 492
441 300
164 20
267 258
388 207
81 485
318 175
340 178
357 248
289 270
170 481
144 260
149 435
83 72
108 109
180 41
263 191
379 107
29 115
431 242
0 219
167 412
5 176
471 420
100 67
419 315
269 282
74 133
342 131
411 132
30 482
