61
100
6
40 10 65 68 41 81
18 58 67 73 73 93
82 17 59 98 79 62
65 55 22 59 55 41
38 16 95 68 74 79
99 62 56 58 18 97
77 63 12 76 44 72
26 42 65 27 78 44
80 20 100 90 18 93
74 94 69 99 69 19
41 34 24 57 100 33
34 47 96 64 11 57
39 97 12 76 39 58
91 39 38 36 30 43
29 27 90 29 42 28
95 54 50 93 33 42
64 10 38 58 75 34
31 66 13 58 66 39
42 68 10 92 55 33
30 39 100 41 80 46
51 95 36 74 46 83
76 15 13 42 44 38
30 92 88 64 51 44
71 71 69 59 47 41
27 11 17 55 23 40
25 99 77 52 11 21
72 79 36 37 15 76
97 96 18 78 55 28
33 14 16 29 93 28
18 98 80 99 42 30
96 31 99 76 45 17
69 36 92 29 32 95
92 71 48 82 100 84
20 81 54 90 46 75
47 15 35 62 97 89
35 90 31 81 76 78
83 100 32 30 75 90
80 87 18 95 11 78
43 12 67 73 51 53
97 82 45 72 28 99
40 43 12 91 97 54
65 67 39 26 58 12
33 96 67 32 52 84
72 84 56 83 90 86
28 94 46 98 57 56
87 83 82 24 49 67
80 60 24 89 87 94
74 91 95 93 90 54
52 93 55 35 16 18
11 24 49 28 67 31
93 12 97 19 90 17
26 51 91 95 31 81
72 99 87 73 21 10
51 41 97 57 79 11
25 21 34 22 32 86
52 23 20 50 50 73
89 19 60 16 72 91
98 52 13 67 46 57
12 39 58 68 92 63
59 47 97 61 71 20
14 69 49 96 92 12
97 70 83 65 29 63
54 48 65 96 47 53
94 21 79 93 32 57
97 28 92 39 99 35
22 93 89 19 39 14
81 73 94 73 54 66
36 14 53 57 56 87
60 99 67 86 66 30
32 13 94 42 46 48
60 30 31 49 20 25
67 18 53 23 31 18
25 24 57 73 33 30
54 98 20 49 43 65
59 45 78 38 24 45
85 46 11 45 72 33
89 63 31 61 37 25
74 69 30 89 88 79
45 64 27 31 29 85
47 54 81 48 64 22
36 74 100 13 28 79
30 15 28 91 48 33
91 79 32 66 49 77
65 22 52 93 24 32
69 55 84 98 72 47
13 64 80 69 14 42
25 92 47 25 57 31
88 51 24 14 90 44
97 99 64 40 93 66
95 34 23 58 64 25
48 73 39 34 32 31
68 20 82 17 51 23
41 31 36 89 58 69
69 57 50 84 68 22
23 10 81 62 31 83
49 41 41 12 67 60
82 50 37 22 96 72
41 86 19 91 80 12
86 14 24 85 15 38
97 73 79 62 65 43
0.111216
0.0877742
0.0367477
0.0761472
0.118438
0.102164
0.0522964
0.0268137
0.115642
0.118837
0.0779923
0.105313
0.0639012
0.0525762
0.0545672
0.0667431
0.103861
0.107236
0.107975
0.11395
0.0596429
0.089144
0.106696
0.0817331
0.0922502
0.0326713
0.0298717
0.0502491
0.0803751
0.0605248
0.0299799
0.041353
0.071397
0.0569993
0.0821561
0.0471554
0.118343
0.0720736
0.0462438
0.0946232
0.0443617
0.0423153
0.0425921
0.0630752
0.115755
0.0570261
0.0432997
0.052185
0.113953
0.046668
0.0871602
0.0266058
0.0501154
0.0392684
0.0741179
0.0801622
0.0776228
0.0455557
0.0582092
0.10478
0.105238
0.0654838
0.120968
0.105837
0.0605264
0.100387
0.0908051
0.0697866
0.117635
0.0591408
0.0795214
0.0682798
0.0956642
0.0340757
0.0689487
0.115831
0.0448521
0.103293
0.100572
0.0698368
0.107232
0.100335
0.0325015
0.12085
0.0681692
0.0896674
0.0747716
0.0526504
0.0491965
0.060078
0.0964838
0.0341488
0.11825
0.0675945
0.0410758
0.0503561
0.0968349
0.119952
0.115771
0.0754809
114 497
228 313
209 358
266 227
37 497
356 430
202 24
98 293
455 46
247 436
235 209
3 79
421 384
1 206
261 173
70 35
473 500
478 253
261 92
199 403
289 288
324 419
366 347
32 481
110 134
136 36
257 465
19 282
325 494
358 318
352 133
39 279
255 172
64 492
111 140
123 492
231 278
51 231
159 350
426 57
185 254
469 204
159 156
326 86
432 407
485 99
450 444
192 311
269 391
272 406
455 165
182 275
117 274
217 3
214 439
161 104
340 202
362 152
195 362
19 353
197 109
362 149
78 344
425 30
182 274
218 81
115 26
358 137
435 70
187 312
142 113
489 453
206 332
456 151
227 95
230 497
151 224
202 97
187 324
277 113
244 133
159 127
147 202
419 409
18 123
166 446
443 392
372 469
195 67
145 223
163 469
248 462
220 489
9 403
72 264
167 302
22 479
217 304
500 169
398 357
