50
100
6
74 27 72 99 89 80
79 31 67 17 88 38
98 12 60 45 48 20
62 66 10 54 98 77
70 75 73 73 61 57
90 85 60 51 11 47
88 46 20 19 94 82
72 40 15 77 22 32
44 37 33 93 12 83
100 94 40 66 37 82
83 13 14 93 48 37
46 84 16 38 76 65
67 72 68 27 64 61
91 68 52 34 37 33
58 60 88 42 34 56
11 88 93 33 94 15
59 40 37 48 90 35
26 45 69 67 13 89
81 39 17 25 68 44
44 32 33 10 10 90
100 60 55 92 33 21
72 74 92 12 82 36
37 56 20 27 53 50
56 61 25 15 55 42
70 13 38 18 38 80
87 67 41 96 18 19
28 98 24 68 29 51
27 14 35 74 21 52
31 40 71 13 87 76
56 56 24 95 88 92
35 89 68 61 89 71
83 66 67 26 66 57
33 40 84 57 29 75
60 87 90 31 45 68
80 47 23 53 53 74
58 73 21 10 56 31
92 84 24 78 50 73
31 41 94 18 10 30
98 16 36 47 65 61
27 14 96 38 94 27
10 29 56 74 41 72
13 60 24 54 23 11
38 60 49 61 83 28
20 95 47 100 15 12
73 79 27 49 68 38
47 72 80 79 92 31
29 76 60 51 51 15
49 70 50 14 40 13
54 80 65 74 24 59
91 92 45 49 53 31
31 58 30 69 72 85
47 90 58 97 21 33
96 36 88 67 82 77
75 92 27 24 26 99
36 67 94 55 16 53
82 48 20 62 14 41
68 83 91 48 18 32
86 57 74 82 60 83
15 74 62 25 81 59
15 55 39 50 52 74
94 72 38 97 90 92
12 43 56 63 16 42
55 25 17 94 25 74
46 97 19 100 96 54
82 45 33 23 43 39
43 46 40 84 64 93
42 51 28 69 84 77
42 73 55 28 27 25
82 44 64 84 13 51
26 85 26 28 28 96
73 71 37 25 99 34
20 96 40 13 49 33
49 64 89 25 33 86
39 67 47 52 58 75
26 85 95 33 92 15
19 10 87 58 95 18
68 65 21 84 46 17
54 100 38 86 48 93
31 62 99 76 68 35
15 58 13 69 67 75
20 10 38 71 94 35
46 44 25 87 60 30
56 85 79 13 63 78
88 28 82 51 35 34
41 33 88 22 21 100
88 89 100 27 25 12
64 47 88 100 53 37
22 33 48 67 69 63
72 45 25 60 41 10
84 80 93 25 93 97
73 98 89 33 80 53
94 91 39 67 76 88
41 29 16 60 32 35
100 19 43 93 14 70
17 19 57 67 45 53
48 26 23 100 58 18
70 96 88 95 43 83
60 70 43 65 100 66
18 46 61 65 88 46
96 79 43 94 83 33
0.0780556
0.0320421
0.0860039
0.042215
0.0397004
0.0994429
0.0490323
0.121941
0.0814649
0.0340719
0.059808
0.107914
0.120607
0.0861226
0.0432795
0.0989904
0.0885215
0.0937347
0.0949848
0.114828
0.0825832
0.0324423
0.0920682
0.0472097
0.086114
0.049652
0.0804182
0.0461923
0.113197
0.127235
0.0542749
0.121066
0.0500671
0.112441
0.0374579
0.0416637
0.0922389
0.106008
0.0772802
0.102585
0.117452
0.123448
0.0416751
0.0974056
0.0689335
0.0815435
0.0771128
0.096405
0.123348
0.0911087
0.0486372
0.127689
0.0360285
0.116135
0.0772219
0.056716
0.117788
0.124019
0.0871613
0.0962286
0.0623027
0.0666206
0.0713304
0.0534896
0.0278982
0.057684
0.0927787
0.104185
0.0442056
0.0848956
0.0852094
0.0663372
0.102601
0.0576078
0.128352
0.0910575
0.0304692
0.099055
0.0480992
0.128303
0.10327
0.115891
0.0504442
0.11411
0.088833
0.0693006
0.0574135
0.0450345
0.0680097
0.0706963
0.0417685
0.11281
0.0366053
0.107794
0.110084
0.0616419
0.128743
0.0738705
0.0862438
0.0777432
145 394
59 28
337 11
143 318
275 92
145 257
324 134
64 376
51 56
130 57
4 100
392 459
224 262
482 500
471 465
295 205
240 246
42 98
262 334
24 107
167 85
96 31
499 182
477 95
376 67
366 105
386 94
25 96
439 94
84 40
14 416
474 284
36 443
262 76
367 482
351 274
10 114
323 159
93 410
174 158
464 329
432 139
29 214
301 417
394 394
400 228
312 446
215 228
360 87
321 341
210 401
15 89
278 334
97 426
30 374
246 418
18 151
270 34
452 460
450 319
289 329
338 410
36 448
354 492
10 5
339 360
211 275
94 25
195 90
74 297
419 406
355 126
244 220
187 426
407 278
476 32
140 345
370 212
218 408
86 359
379 489
141 311
435 47
306 199
235 179
175 67
493 12
133 78
41 37
462 112
384 344
90 471
0 458
358 54
121 274
68 283
32 246
453 217
208 368
495 52
