53
100
6
81 51 53 97 36 44
17 48 19 97 74 69
69 30 74 52 91 84
24 49 63 51 25 56
61 72 34 90 90 96
37 89 32 19 93 15
10 74 85 55 35 57
40 19 13 32 27 29
43 28 14 47 15 73
100 12 20 43 90 89
71 39 36 83 84 94
57 75 25 46 35 75
100 76 49 88 40 24
57 59 21 21 39 39
74 30 89 30 35 34
23 88 55 94 41 25
87 90 66 39 38 59
93 75 50 31 47 25
15 17 33 10 67 77
51 77 91 50 38 82
90 32 85 67 61 85
45 14 46 73 40 100
59 78 74 46 68 57
94 55 31 77 94 69
53 30 40 98 12 16
45 67 81 57 97 39
89 44 25 58 32 94
21 27 70 75 77 82
24 79 82 65 16 13
40 62 94 52 64 11
86 14 82 48 22 99
22 51 53 64 48 43
28 70 35 33 69 69
67 45 75 100 94 87
60 20 83 33 73 22
54 68 92 42 87 47
24 65 56 67 71 63
43 34 44 51 92 18
48 18 11 48 95 79
95 17 64 82 67 40
34 77 29 22 35 70
97 12 81 66 72 100
61 83 16 86 86 74
20 92 41 27 98 67
46 39 38 85 91 10
57 92 57 38 70 15
47 50 57 73 99 14
68 19 54 47 45 72
48 73 24 96 58 65
33 30 98 95 32 64
61 97 39 57 56 34
21 24 62 69 74 49
17 79 90 30 51 73
46 20 25 15 13 47
97 91 26 56 29 77
34 79 16 13 12 11
25 10 11 48 11 68
15 58 48 98 30 94
41 42 73 51 27 25
23 36 41 73 59 92
33 69 99 15 79 67
15 87 94 48 56 94
85 68 94 87 32 22
65 49 91 96 75 86
18 54 66 97 84 82
19 24 98 22 79 54
83 54 23 90 48 51
51 11 53 80 35 33
57 96 21 73 59 13
36 62 56 18 80 89
28 71 10 83 35 36
24 96 21 39 60 16
21 47 23 61 35 51
66 35 81 55 30 85
91 50 38 43 47 67
59 41 16 66 29 83
29 39 39 71 89 13
30 21 24 99 96 59
26 35 53 57 81 64
63 56 44 95 57 47
56 25 20 49 21 69
23 58 48 30 88 90
30 35 45 50 27 79
27 14 85 26 89 40
69 91 94 46 72 44
50 29 55 49 86 82
59 19 90 53 57 67
94 94 60 19 27 33
91 79 66 99 100 18
93 22 71 61 79 93
91 40 50 35 42 68
80 54 44 86 60 44
98 72 69 53 77 73
32 77 77 71 96 48
68 27 80 62 84 83
89 85 10 84 10 96
30 81 30 30 78 68
79 45 40 93 89 67
29 75 17 92 54 37
79 71 38 29 57 80
0.107214
0.102488
0.0359375
0.0629913
0.0502135
0.107264
0.0485006
0.0914977
0.0695224
0.0419586
0.0886457
0.0294655
0.0726336
0.10127
0.0559216
0.044134
0.0648328
0.0890272
0.0488188
0.0537483
0.0477284
0.111523
0.106339
0.0866803
0.11418
0.049754
0.0435498
0.0805014
0.0895497
0.0476575
0.0685248
0.107767
0.100523
0.0272718
0.0377645
0.095882
0.0480377
0.0797042
0.0535184
0.103118
0.0733359
0.0587921
0.104202
0.053593
0.0346583
0.0886913
0.125719
0.121264
0.0870723
0.077055
0.0966749
0.0920406
0.0672456
0.0813535
0.127455
0.0442692
0.116386
0.057948
0.0458022
0.0559388
0.125755
0.0395877
0.104883
0.116027
0.119381
0.034062
0.129736
0.0577198
0.0933933
0.117143
0.0320739
0.129244
0.0493564
0.0419129
0.099845
0.0652076
0.106465
0.0387769
0.10968
0.123903
0.0747407
0.0800805
0.0389369
0.0663725
0.0381356
0.105678
0.120557
0.0357303
0.0824263
0.100872
0.0873262
0.0732211
0.0987887
0.102853
0.0664431
0.107344
0.0816967
0.104595
0.0905284
0.0926503
230 32
304 37
283 228
60 395
435 438
165 205
422 153
360 119
444 437
353 131
379 290
256 61
356 351
11 75
109 401
404 316
56 407
372 122
138 270
152 269
230 441
247 134
39 106
159 58
158 436
220 347
272 328
257 365
490 147
183 238
262 228
246 427
287 165
212 466
219 156
296 132
70 353
105 490
115 265
168 249
342 65
50 26
461 498
338 416
266 81
161 460
292 245
297 300
62 155
433 460
484 349
399 95
29 129
80 140
490 385
193 1
174 222
204 266
467 178
225 233
289 430
2 207
442 379
448 8
193 359
50 220
423 152
231 246
53 102
263 71
112 190
9 399
195 306
261 240
233 172
61 187
258 498
403 58
465 205
499 330
448 274
144 263
5 24
209 404
378 196
297 347
183 336
80 256
28 498
116 394
251 58
23 389
377 235
383 49
184 105
303 277
179 55
131 401
357 68
484 158
