78
100
6
19 31 40 57 29 10
68 40 89 63 22 91
24 57 59 17 70 24
13 55 31 91 94 44
86 60 63 59 70 99
77 41 65 32 88 13
55 33 44 28 59 31
50 54 39 58 20 21
26 52 17 82 45 28
15 58 88 23 90 53
11 49 41 16 78 100
58 77 31 90 72 43
66 73 86 62 35 89
88 71 10 12 34 55
32 71 55 55 15 44
62 44 87 83 75 49
10 36 81 43 19 79
39 13 75 18 43 64
46 83 25 58 100 25
60 40 90 40 52 22
90 82 90 81 32 75
23 71 55 76 66 12
21 95 28 10 70 55
21 11 93 42 88 24
92 20 59 12 81 34
25 83 50 41 63 10
49 86 73 35 82 57
74 62 51 90 59 37
73 97 73 89 69 99
39 93 33 95 92 63
70 56 93 50 48 70
32 96 49 33 94 37
100 63 26 10 43 100
31 23 40 95 29 28
39 24 80 64 15 67
61 72 68 55 30 67
83 95 42 76 54 86
73 71 84 16 69 63
69 65 72 53 100 98
23 40 82 38 23 73
62 41 67 74 93 91
10 35 80 79 75 64
18 43 11 33 80 20
23 58 54 53 26 13
63 62 30 45 30 14
37 51 40 83 34 85
54 22 72 44 71 66
60 64 100 40 35 23
39 25 99 27 87 46
85 16 63 27 49 58
100 67 81 96 33 10
78 83 54 64 32 94
20 37 44 81 21 50
79 68 66 69 30 92
19 84 22 28 23 40
40 99 96 43 24 55
90 72 63 28 70 74
37 85 82 67 81 97
12 49 44 64 26 52
50 87 54 98 50 95
26 18 67 35 29 16
88 97 43 42 76 31
74 37 30 64 15 55
11 84 94 36 77 73
86 93 21 63 61 31
12 62 82 85 14 78
17 83 20 15 42 32
72 90 87 67 80 17
93 79 83 42 92 25
32 97 16 11 64 72
64 12 37 95 78 59
10 13 55 64 81 31
94 45 18 88 70 16
39 94 16 87 60 78
100 22 58 83 53 92
100 71 30 66 61 13
50 97 76 82 67 79
27 50 68 25 12 67
22 75 18 19 92 54
18 60 63 53 86 25
26 25 62 47 52 23
86 16 23 88 89 99
28 92 59 87 26 20
65 83 98 21 38 37
83 46 32 44 20 61
100 68 57 13 12 55
58 79 37 90 60 20
31 89 97 49 49 65
73 59 80 88 25 37
29 99 74 24 92 85
68 90 83 75 74 80
100 23 45 13 26 16
78 63 31 15 58 75
16 90 45 14 80 44
84 24 40 69 12 85
25 98 63 64 74 81
96 93 72 89 43 21
47 47 39 87 91 19
81 46 79 32 93 95
89 16 75 14 55 91
0.0792267
0.0962955
0.0546648
0.0426217
0.124565
0.053133
0.126415
0.0523573
0.0297509
0.0427876
0.0776105
0.117122
0.0920365
0.064615
0.0700393
0.0913656
0.0637699
0.0558626
0.0391799
0.0692604
0.0762147
0.0568993
0.0389097
0.0280311
0.0888544
0.0334139
0.117994
0.0717688
0.101404
0.116997
0.0411806
0.122471
0.0575723
0.0982928
0.0622693
0.101497
0.0676402
0.0671436
0.0756901
0.0402008
0.0610812
0.0815278
0.0858329
0.0658305
0.0689558
0.121996
0.1054
0.124513
0.12196
0.0646731
0.120087
0.0457192
0.100321
0.0353118
0.0698825
0.0986831
0.057704
0.0688153
0.0342086
0.103662
0.0801374
0.123249
0.0983063
0.0570967
0.105452
0.116936
0.0712521
0.0578505
0.102732
0.124423
0.0805362
0.091088
0.0613087
0.0901252
0.0989439
0.128713
0.0816812
0.125952
0.106246
0.0760364
0.0923135
0.103125
0.0796526
0.0483159
0.0848682
0.0418275
0.0754191
0.0283801
0.100157
0.0886963
0.113433
0.111617
0.111302
0.0308919
0.0551202
0.0335334
0.0447362
0.0464828
0.097515
0.127974
427 375
411 253
68 79
238 269
478 475
108 25
2 225
403 279
189 90
4 218
35 12
80 457
166 222
152 84
120 373
494 106
388 132
380 113
215 160
97 454
437 490
392 173
251 338
166 338
147 357
452 484
200 294
184 31
66 496
237 17
243 316
186 112
197 181
106 147
63 483
489 325
300 317
105 347
272 368
75 235
141 162
411 361
272 395
290 435
487 487
306 93
396 354
376 248
114 350
394 237
480 347
450 188
494 495
87 242
199 354
145 277
211 370
34 339
124 435
370 361
152 262
173 45
152 421
309 179
148 34
45 303
269 459
173 281
287 147
298 335
36 60
46 18
145 208
445 473
125 386
88 74
106 99
491 76
2 471
420 34
394 228
261 304
315 78
190 414
395 36
464 84
371 12
157 87
432 274
146 423
125 346
269 441
33 359
436 287
288 360
352 361
29 8
83 203
220 427
392 64
