53
100
6
28 94 23 74 51 88
94 49 42 75 91 55
96 77 70 82 97 61
82 30 88 77 76 63
46 88 64 95 86 82
92 16 25 16 45 21
78 100 70 55 61 50
65 76 57 79 99 53
55 99 60 20 19 36
26 38 51 49 92 21
75 56 27 97 10 54
21 87 52 37 53 45
15 69 60 23 35 10
88 14 40 97 84 62
45 12 48 67 31 58
65 80 90 76 57 65
13 10 67 25 49 98
67 14 25 55 42 89
38 42 72 26 84 20
17 59 87 99 42 96
53 66 92 94 55 80
90 39 54 90 84 14
97 64 36 68 100 15
42 47 20 76 83 100
18 58 39 91 28 43
87 16 28 91 36 66
17 71 61 28 45 62
28 98 14 90 70 100
33 92 78 60 48 44
85 37 83 44 76 40
45 76 64 54 91 26
15 30 34 73 39 38
48 95 81 64 26 81
50 18 50 75 89 67
19 10 21 47 37 30
20 33 93 26 38 49
11 48 66 41 81 32
51 78 13 88 30 71
57 20 98 39 94 37
90 55 14 32 18 13
63 91 99 29 16 31
93 14 70 36 17 29
61 24 47 11 35 24
24 91 99 64 16 24
62 87 60 45 62 84
98 20 48 94 22 23
60 93 100 31 82 98
49 63 92 50 58 31
10 75 76 84 73 51
19 24 84 99 11 37
96 57 60 54 28 71
65 94 60 49 19 11
98 83 16 77 78 48
57 10 66 51 61 11
94 42 93 99 51 41
81 64 44 60 69 93
18 56 99 75 22 80
56 15 54 82 83 33
17 45 24 92 46 63
85 43 51 81 29 66
94 18 52 29 49 84
28 84 47 54 35 67
52 72 55 66 30 43
65 62 25 52 88 41
75 88 47 68 78 27
40 33 79 44 86 90
59 55 60 81 67 26
63 84 66 68 54 78
64 91 55 35 95 76
39 68 100 68 46 18
69 78 98 73 27 44
57 25 20 80 34 45
45 24 22 69 21 31
44 92 30 10 36 85
78 45 61 49 21 77
96 96 42 74 82 72
52 65 47 80 51 12
24 64 74 46 98 100
53 62 76 82 34 13
48 96 11 63 92 19
78 96 41 57 28 64
96 44 28 43 95 35
14 19 67 74 42 46
50 74 10 19 80 35
67 99 95 60 63 29
39 39 58 11 67 58
65 26 53 94 73 62
30 99 93 52 41 68
98 29 43 76 39 62
25 77 55 36 90 55
12 28 28 28 73 25
55 37 46 93 25 66
90 79 94 54 49 12
18 52 10 82 63 29
57 14 75 13 69 79
95 27 28 47 87 51
31 18 72 100 72 85
21 57 80 63 25 35
94 33 17 64 35 40
21 65 11 98 50 34
0.0585964
0.0410667
0.0836395
0.107076
0.0443576
0.114781
0.100437
0.0922848
0.0271897
0.0828433
0.10527
0.108826
0.0716055
0.0378491
0.122009
0.129962
0.105861
0.1177
0.0835664
0.0825578
0.0330489
0.037977
0.0884076
0.101615
0.121118
0.0935247
0.113357
0.113564
0.101329
0.0604291
0.0657665
0.0861854
0.117384
0.108034
0.0293999
0.118507
0.11937
0.071828
0.029292
0.10186
0.0629405
0.0674232
0.0952965
0.0399898
0.0296688
0.0387345
0.10312
0.0682651
0.0894526
0.128993
0.108983
0.0687446
0.0918511
0.102418
0.0339768
0.085688
0.0537051
0.057939
0.0496566
0.126446
0.094985
0.0608346
0.0718533
0.0456695
0.0832936
0.0917063
0.0431925
0.0581916
0.0582052
0.0428091
0.0301808
0.0899842
0.1223
0.0335148
0.107153
0.0717537
0.0444101
0.0879064
0.0505045
0.0788456
0.0309183
0.100168
0.0601191
0.0651917
0.0710773
0.0496643
0.107363
0.10669
0.0807497
0.104823
0.0273629
0.12135
0.0709294
0.105071
0.0615843
0.0805518
0.0733804
0.0559323
0.0315908
0.0635047
73 28
71 81
489 160
325 390
68 50
256 420
19 433
275 400
422 293
178 388
222 407
159 429
48 8
465 436
403 110
84 470
320 496
94 33
298 168
39 142
380 18
434 368
35 367
226 6
294 26
325 241
49 301
275 418
46 223
312 432
343 479
336 184
365 118
409 164
376 150
336 160
115 355
209 191
13 346
303 28
414 139
225 225
287 450
210 161
104 209
498 98
50 79
281 201
333 430
220 498
328 398
254 135
184 43
241 45
377 439
327 28
260 221
398 63
143 21
190 68
255 93
68 400
258 483
429 369
210 126
251 472
347 431
326 162
397 161
362 155
403 198
72 58
240 196
88 351
436 47
45 272
123 195
435 110
400 338
453 141
353 476
284 178
451 141
1 237
43 83
333 156
172 223
164 480
475 345
409 449
118 243
321 313
257 322
239 434
237 197
140 200
238 121
26 393
203 425
185 3
