28
100
6
98 81 28 92 43 92
57 93 34 45 33 14
91 11 65 46 50 59
56 45 62 35 51 51
66 48 30 55 21 49
48 75 92 61 76 11
38 79 72 21 98 24
63 58 26 52 91 30
35 47 24 38 83 12
72 51 56 27 26 54
84 50 54 84 90 71
10 64 91 40 30 54
76 78 98 16 78 71
44 96 93 12 100 69
45 91 91 98 58 29
71 71 62 84 17 93
25 61 16 92 88 11
85 15 14 85 27 27
25 61 85 88 14 55
59 14 56 83 12 35
37 41 59 22 77 68
24 82 55 35 77 78
17 25 76 23 54 76
32 19 55 82 46 53
31 18 85 19 26 96
91 89 17 89 28 54
93 75 26 93 84 19
86 42 58 19 15 42
80 49 53 83 35 24
84 23 20 36 92 74
42 76 36 41 31 77
77 61 75 100 76 57
77 19 58 88 48 74
58 23 59 43 33 87
48 49 69 43 78 57
14 73 54 39 44 42
100 19 88 20 99 30
35 75 21 68 58 82
19 84 93 46 34 52
70 56 85 75 16 43
74 88 22 64 89 94
95 87 84 90 46 42
73 82 21 40 39 65
56 85 62 62 81 93
92 74 53 53 73 60
81 82 25 42 50 19
91 68 12 66 82 80
58 86 55 74 53 19
64 90 86 30 20 94
18 73 47 51 75 12
94 64 23 84 41 65
87 31 43 73 15 57
79 95 13 97 49 36
89 59 27 14 30 15
36 59 35 55 91 34
96 43 73 16 17 76
72 93 23 29 91 41
30 14 15 39 43 70
19 28 91 54 25 50
17 42 17 25 26 56
84 73 34 58 25 28
19 12 16 68 95 54
86 42 40 85 80 90
19 29 27 53 67 18
37 86 10 25 33 83
27 92 30 29 77 67
58 45 83 35 50 87
23 83 13 56 25 86
82 50 28 39 14 38
17 71 79 92 39 33
74 96 70 57 76 83
38 88 25 78 74 72
95 99 11 23 11 40
44 51 97 13 48 63
51 83 27 63 86 76
28 84 79 53 37 49
42 24 16 53 20 65
27 77 31 52 36 35
61 97 31 83 61 94
100 60 56 79 98 55
73 59 10 81 14 84
85 95 29 11 18 70
98 32 58 12 93 11
20 51 27 99 96 20
33 45 24 36 96 59
80 64 38 20 78 21
21 50 43 94 78 40
12 76 41 41 89 99
51 71 30 64 28 68
85 14 97 14 56 85
64 56 46 35 62 50
96 81 74 96 10 18
53 14 50 35 68 21
11 66 93 33 53 88
42 39 47 82 22 72
44 42 38 71 37 71
78 70 83 11 76 81
14 51 24 81 46 35
18 12 61 87 98 14
28 89 13 62 38 48
0.114803
0.121943
0.0811669
0.0764193
0.0639614
0.0292714
0.127415
0.101107
0.126233
0.118961
0.120992
0.0296278
0.0679379
0.0875673
0.0995457
0.0794913
0.042566
0.0490999
0.0953692
0.118789
0.0998872
0.0680379
0.100451
0.0962803
0.0489478
0.0349092
0.1249
0.0882
0.12611
0.072672
0.0482008
0.0773815
0.0716581
0.0965065
0.119444
0.118102
0.0442375
0.0580063
0.119943
0.0433869
0.0429311
0.0637247
0.120157
0.0480105
0.100715
0.123422
0.0774184
0.0964528
0.0805718
0.0288879
0.0701319
0.0986225
0.104414
0.12825
0.0563919
0.104253
0.0511369
0.0272796
0.0823335
0.094417
0.0467481
0.0891065
0.0988779
0.0882512
0.110058
0.112263
0.0971556
0.124296
0.0974559
0.0561782
0.0901229
0.0428978
0.0709444
0.120385
0.0398458
0.0662372
0.0860162
0.0867496
0.129755
0.029763
0.0515133
0.0314824
0.124062
0.100477
0.105318
0.0347808
0.11072
0.0889325
0.0968624
0.0654314
0.129837
0.0366919
0.123228
0.054894
0.0766936
0.032534
0.0951934
0.0806672
0.0504323
0.0892789
206 177
235 242
419 205
360 153
8 98
427 475
202 67
425 346
452 468
378 319
284 56
184 408
299 345
57 64
134 300
489 217
394 460
387 244
107 208
417 488
425 157
51 38
395 37
210 59
157 303
180 440
244 426
268 372
315 376
62 422
186 103
276 154
56 40
460 262
196 401
140 470
296 275
188 35
235 396
393 401
196 158
323 110
263 295
279 20
461 335
407 470
223 382
339 153
453 279
247 346
361 139
277 465
338 344
105 363
173 8
259 405
465 13
157 285
85 135
244 438
162 229
290 400
448 366
156 243
132 462
439 306
60 473
171 268
85 65
494 13
6 106
402 446
288 99
197 152
483 260
145 363
167 279
341 60
267 19
478 485
124 435
70 361
28 495
165 419
222 344
246 472
383 215
352 344
353 241
14 249
265 138
280 190
90 366
101 422
326 28
354 266
420 393
389 426
26 284
106 278
