52
100
6
54 67 22 97 14 93
40 58 93 14 23 64
90 13 86 53 68 16
36 63 12 65 52 73
25 29 17 54 99 90
22 75 45 36 98 64
28 85 34 83 89 39
42 80 68 13 30 73
78 23 35 16 59 60
60 95 67 44 86 66
100 97 86 89 81 71
28 38 17 82 54 38
96 84 50 28 72 65
72 37 97 31 70 49
36 26 13 78 98 78
85 11 65 93 64 18
56 17 24 41 80 22
18 19 36 14 55 39
16 19 11 80 95 48
94 65 35 90 44 97
90 98 18 68 80 35
18 57 41 30 63 68
26 95 92 38 95 62
40 73 87 15 52 92
18 89 69 73 45 50
87 73 30 96 94 58
46 47 31 55 94 40
61 28 18 41 63 68
53 53 53 57 66 61
94 79 81 29 24 83
94 84 77 64 22 35
79 50 38 87 76 100
36 16 65 49 45 79
19 76 22 20 43 82
64 49 45 63 76 38
95 61 91 66 41 99
37 28 43 80 61 93
57 100 16 45 44 48
81 85 17 77 50 17
52 83 37 80 33 91
18 57 25 82 56 95
32 16 11 45 37 63
12 10 92 73 63 71
41 30 65 52 10 17
53 83 45 25 61 27
37 72 38 83 33 59
40 65 80 29 32 59
35 23 85 45 31 22
69 28 79 64 82 19
76 87 60 29 41 35
61 63 46 17 77 14
36 92 79 48 71 13
72 75 65 19 24 24
13 72 59 88 93 52
79 69 68 88 92 65
73 20 75 94 36 73
21 96 60 78 64 75
75 21 69 28 40 94
17 13 49 35 67 89
79 31 99 76 70 47
13 62 10 58 48 54
34 82 96 31 81 44
28 47 19 59 48 20
49 71 75 75 85 35
75 72 37 27 91 20
11 88 64 41 84 30
15 59 20 32 33 16
41 56 46 49 15 88
45 35 78 40 26 32
93 80 77 15 13 33
93 97 28 12 53 16
61 29 32 74 57 88
71 23 21 13 65 25
50 66 48 16 58 41
79 68 59 75 20 19
53 44 71 26 38 96
79 17 54 53 87 68
10 68 65 60 97 28
82 96 93 95 58 52
54 18 91 76 57 63
16 63 19 85 58 62
30 93 51 70 94 58
49 60 11 68 100 50
32 54 42 90 30 77
67 46 98 95 74 37
47 77 27 75 41 25
97 64 38 15 92 61
22 22 87 18 97 85
13 72 13 12 55 81
100 69 97 77 81 64
27 89 36 77 38 79
95 99 45 97 10 62
29 11 11 73 88 77
12 88 32 21 45 40
34 33 30 34 90 32
51 42 71 84 59 77
25 86 94 99 96 50
12 99 61 59 45 60
47 81 71 61 15 22
48 96 85 96 21 26
0.0482173
0.0474716
0.0464374
0.104103
0.0811573
0.0794528
0.120449
0.105988
0.0625666
0.0469118
0.0958986
0.1296
0.0333108
0.112066
0.107991
0.0767482
0.0906018
0.0863853
0.110686
0.0528716
0.111795
0.0765754
0.0807459
0.127923
0.0849924
0.0728097
0.0606291
0.100713
0.12668
0.0512714
0.0749267
0.0445461
0.11745
0.0615326
0.0288704
0.0912261
0.0573836
0.0981593
0.0526286
0.0404899
0.117314
0.10586
0.10265
0.115055
0.0642873
0.0734114
0.0661277
0.0877896
0.0832085
0.103047
0.0571504
0.121574
0.0943488
0.117357
0.0736595
0.11059
0.0870346
0.0911019
0.0286273
0.100477
0.0773345
0.0888829
0.0757577
0.0468614
0.0761198
0.123205
0.120289
0.0508256
0.106027
0.0987013
0.0794439
0.120244
0.107056
0.0638922
0.0356102
0.0567855
0.0319119
0.0394778
0.0519367
0.0341069
0.0322188
0.0302509
0.0776041
0.126348
0.0960099
0.120652
0.041511
0.0883286
0.0452423
0.0859704
0.0838178
0.042697
0.070915
0.0516347
0.0506724
0.0483641
0.0297932
0.0535209
0.0385617
0.0352915
423 25
346 149
310 65
457 376
377 490
296 327
64 365
153 456
287 225
230 206
461 40
58 11
441 121
366 492
345 394
343 253
262 79
10 361
321 422
186 124
364 288
265 198
288 399
3 354
198 488
54 477
449 136
499 471
277 300
161 127
333 224
148 500
366 120
467 73
46 195
455 304
121 139
363 201
421 338
457 165
135 156
33 278
446 267
56 399
271 157
246 0
334 38
106 140
180 251
184 167
462 45
440 169
395 50
414 210
356 121
80 290
20 457
305 154
404 284
288 42
427 351
283 75
170 467
467 150
478 31
381 332
259 402
244 64
29 64
407 280
411 238
82 307
69 199
196 423
17 137
357 499
384 458
345 173
154 178
447 235
180 361
119 262
308 52
21 466
224 23
129 51
346 205
449 442
313 211
487 250
176 169
484 402
488 213
452 264
58 75
447 486
56 465
470 336
71 293
386 260
