70
100
6
50 61 51 23 36 82
14 28 57 68 76 37
17 49 11 59 46 52
23 90 39 79 57 99
48 69 40 42 68 51
50 85 77 18 36 53
68 47 46 19 14 85
33 50 68 36 82 96
47 30 46 82 69 96
28 95 94 61 76 100
73 15 63 63 56 49
89 26 69 23 85 37
47 79 37 53 81 40
100 56 20 11 68 71
46 88 44 19 75 58
78 42 100 20 40 97
60 38 51 77 53 64
20 30 79 83 63 12
11 86 25 40 16 47
28 40 81 45 48 26
63 40 47 44 70 76
28 85 81 80 32 59
88 16 16 61 62 86
68 63 92 36 63 98
17 60 27 43 71 95
66 94 20 86 53 64
63 53 48 61 53 42
100 39 42 55 26 62
12 70 64 76 39 97
91 79 96 55 79 41
89 74 14 13 58 32
84 89 55 43 62 77
28 80 54 43 28 40
89 86 52 33 72 90
53 36 88 88 52 45
51 53 30 18 88 34
97 62 65 21 51 72
69 11 61 62 89 29
78 55 42 15 21 54
11 80 98 31 82 38
38 53 31 91 92 20
92 46 42 64 39 32
60 74 35 29 84 36
100 30 39 50 71 45
60 25 77 77 24 63
32 44 83 84 12 68
36 73 95 11 41 20
68 31 56 59 58 33
14 73 10 40 14 33
96 59 91 44 70 64
52 21 24 42 15 38
14 85 20 65 93 56
47 88 46 49 93 39
65 41 85 48 36 41
60 72 35 24 49 19
47 42 23 20 70 84
100 82 35 12 68 86
46 74 100 75 90 24
93 97 96 49 31 92
83 15 11 82 71 87
62 10 44 88 66 97
100 25 77 99 71 28
55 91 31 58 67 52
81 98 64 86 25 60
20 17 49 51 53 60
89 95 55 97 35 21
45 65 68 22 97 46
72 67 69 48 90 11
19 24 41 13 25 57
18 83 20 21 100 93
93 90 32 15 69 18
38 34 85 58 64 13
51 61 59 49 23 87
51 44 82 35 57 61
54 34 13 13 16 62
67 83 15 87 79 79
42 99 30 33 78 30
75 60 11 46 72 20
99 58 31 63 15 89
17 82 12 32 35 36
52 25 12 54 54 60
33 23 74 19 39 99
13 65 32 18 94 87
73 25 10 21 60 13
33 96 25 24 69 38
71 36 22 47 23 36
20 72 80 73 100 60
60 36 67 11 18 67
62 52 95 84 73 12
39 58 36 94 88 74
79 16 97 28 16 67
98 48 42 40 38 95
17 19 62 14 74 77
30 79 89 48 16 70
12 71 51 76 11 28
14 87 49 41 92 32
60 66 21 81 14 72
30 51 90 46 62 52
19 81 84 100 66 35
20 65 60 99 72 93
0.0884954
0.0360954
0.095193
0.0959378
0.105459
0.0687863
0.0667156
0.0587857
0.128415
0.0933484
0.0400427
0.0382476
0.0387089
0.0674924
0.0450211
0.128825
0.029413
0.0512569
0.0797679
0.0663481
0.110924
0.0313452
0.0278865
0.121728
0.112323
0.124824
0.0568245
0.117162
0.0459376
0.055754
0.11905
0.0393597
0.0723343
0.101357
0.126179
0.104316
0.0803107
0.109902
0.118254
0.116488
0.0697225
0.0732299
0.041378
0.0302032
0.1105
0.129349
0.0871216
0.121621
0.0791506
0.042061
0.0378757
0.0908869
0.0538349
0.0291869
0.0973756
0.048381
0.102082
0.0731533
0.0999635
0.0395617
0.102917
0.0455859
0.0717441
0.030153
0.0338111
0.114873
0.0896505
0.0468277
0.0786531
0.0684506
0.128293
0.111507
0.0740117
0.0690622
0.11619
0.0271477
0.10015
0.0718474
0.065176
0.0916702
0.0939333
0.0720799
0.0299479
0.038501
0.0834854
0.0478749
0.102189
0.111786
0.1052
0.125691
0.0942175
0.0829217
0.0587767
0.128135
0.0548352
0.0267635
0.0460162
0.0559254
0.128029
0.037661
129 244
500 139
333 229
483 366
288 408
456 286
209 171
337 211
380 63
296 388
242 392
32 336
230 226
117 305
433 219
150 234
318 448
35 369
134 167
403 345
125 276
250 130
188 456
477 111
455 74
53 168
274 44
481 76
255 24
97 14
444 70
274 453
211 173
432 381
300 472
18 371
90 494
418 144
339 184
493 248
33 196
388 169
278 12
91 23
481 81
345 109
309 374
388 140
494 329
382 336
146 374
488 444
250 436
440 326
329 194
166 149
306 150
278 102
399 301
447 238
135 150
278 340
117 226
27 418
450 424
350 438
27 293
124 374
377 365
216 465
116 133
412 345
480 162
182 345
10 298
30 81
110 34
322 302
354 397
229 201
96 103
281 8
483 145
301 309
142 347
62 306
338 288
323 162
418 189
108 466
49 230
339 9
161 310
189 0
167 436
168 326
251 376
244 378
106 242
291 413
