76
100
6
14 21 95 75 53 13
70 72 50 59 51 47
88 49 87 11 59 26
82 44 76 13 73 51
15 56 73 95 70 56
94 81 88 84 51 86
85 100 52 64 90 50
13 36 55 36 10 21
95 72 21 13 87 92
89 69 99 20 69 71
20 73 87 79 71 81
48 35 67 100 23 80
93 87 60 46 26 16
70 82 41 97 33 90
76 22 19 87 83 28
36 86 28 49 18 100
38 10 85 25 30 89
31 85 67 78 20 43
51 15 81 59 68 75
89 62 22 64 78 49
55 28 26 38 47 21
38 30 71 75 18 38
46 16 22 55 43 40
72 82 89 22 22 16
48 83 41 58 69 59
34 58 38 17 50 20
77 26 67 98 83 85
53 100 51 24 80 84
14 31 34 61 64 39
48 90 99 30 32 25
24 85 19 25 74 36
27 35 11 61 13 95
19 41 85 13 58 75
22 83 60 84 96 33
86 85 61 71 38 54
53 31 55 88 76 82
49 14 58 35 23 43
48 51 46 35 45 40
86 98 67 93 87 94
91 37 99 94 55 75
39 47 30 52 19 16
41 81 64 72 85 34
55 36 60 54 99 38
29 61 93 59 26 67
34 60 77 21 86 43
69 69 26 16 26 62
85 14 68 20 62 12
47 18 83 96 86 62
90 83 86 51 94 13
38 33 27 16 36 21
83 21 62 92 67 47
94 31 29 76 95 80
12 61 95 62 51 21
88 43 11 68 12 57
38 53 16 39 49 57
67 76 78 75 100 97
28 50 46 74 55 81
42 69 43 92 89 63
17 12 94 23 45 72
21 82 60 82 27 71
57 77 50 45 93 24
54 59 97 87 53 82
24 66 73 54 33 64
68 24 25 50 43 13
12 15 18 52 19 22
49 83 17 43 92 69
86 82 75 54 15 33
100 96 15 16 15 91
53 21 90 36 98 61
53 50 96 72 59 60
14 46 45 30 24 25
38 93 85 62 57 84
73 60 75 32 57 85
67 37 16 62 95 35
97 30 51 59 57 75
100 100 72 28 55 44
30 20 72 86 28 51
78 34 62 91 87 93
12 93 75 85 91 11
47 70 38 53 64 57
11 37 85 51 24 61
12 30 46 12 72 97
98 45 70 15 43 44
29 30 16 79 98 28
39 41 66 72 15 100
52 51 92 56 73 66
34 46 32 17 36 77
34 91 70 66 69 34
46 65 47 79 100 61
65 81 82 48 51 42
14 97 64 86 70 17
35 98 90 51 10 89
49 57 57 20 54 49
24 55 59 25 63 92
45 72 39 57 48 47
34 49 25 37 10 17
12 30 97 16 86 42
21 85 83 72 83 39
51 41 10 86 10 81
74 56 27 40 52 87
0.0913384
0.0586499
0.128872
0.117969
0.120717
0.114501
0.0425812
0.127392
0.0723005
0.0405272
0.043522
0.0731122
0.080134
0.0593641
0.068264
0.0503533
0.104882
0.113232
0.034433
0.110137
0.0333161
0.0699167
0.0865979
0.0356551
0.0545386
0.129624
0.0557194
0.101406
0.105963
0.0622998
0.107404
0.116858
0.0398525
0.0598394
0.0974765
0.0752359
0.114192
0.0709108
0.083765
0.0426804
0.054746
0.0397694
0.0720845
0.0470947
0.108786
0.0513387
0.0907817
0.0632537
0.0359215
0.120651
0.0427457
0.0784449
0.125439
0.0340205
0.0923255
0.076751
0.0382133
0.0479964
0.0326097
0.0486258
0.10944
0.0324891
0.102664
0.11315
0.125975
0.0738375
0.0995018
0.0329463
0.0413983
0.0453747
0.049207
0.121879
0.0310922
0.10049
0.030081
0.1273
0.108632
0.07308
0.10904
0.0292802
0.117449
0.0584862
0.0690771
0.061795
0.12017
0.128741
0.0440141
0.0965992
0.0463795
0.0608546
0.102276
0.0305938
0.0427072
0.0481757
0.0277584
0.0511344
0.049846
0.0731728
0.0986711
0.116859
225 176
295 431
124 187
277 383
24 348
355 456
344 246
64 360
79 219
379 25
39 470
272 392
236 196
317 273
387 285
57 292
175 454
139 477
0 279
246 352
281 496
263 58
123 71
435 400
98 190
439 375
307 463
301 497
101 215
90 333
318 334
61 284
237 135
440 488
85 461
222 431
304 1
418 15
29 283
419 95
298 45
29 413
22 112
476 81
63 300
128 319
258 454
148 300
276 308
76 235
336 446
88 185
416 313
103 155
445 274
290 147
450 107
210 384
342 85
195 108
170 108
408 141
171 88
426 206
406 236
412 494
245 86
182 37
20 75
6 355
364 46
145 491
156 243
66 425
116 29
200 450
129 61
343 27
74 384
204 201
68 278
109 437
185 410
192 438
250 173
38 10
107 429
214 408
127 26
433 122
397 174
120 424
262 388
442 166
120 103
284 197
372 246
121 406
130 60
291 73
