41
100
6
19 17 95 69 42 77
44 68 32 41 19 40
56 95 90 92 27 68
95 33 55 48 64 82
18 85 57 39 27 61
95 27 51 62 85 55
86 19 91 77 45 39
34 76 86 96 43 52
82 48 14 59 53 47
62 67 47 27 97 83
54 60 31 55 79 100
85 98 63 54 67 67
55 37 32 27 37 66
77 86 70 49 88 51
53 75 92 98 50 54
59 82 18 98 54 35
78 36 94 53 77 51
88 72 62 64 56 31
16 67 78 38 11 19
98 40 15 73 19 80
93 63 19 59 40 93
81 29 70 48 58 89
96 54 91 48 61 35
32 34 10 25 100 30
59 34 39 29 93 36
55 25 37 71 69 65
70 61 64 75 48 13
45 96 86 73 56 79
23 54 64 77 40 91
57 13 44 67 61 85
36 64 27 44 74 45
22 81 45 74 78 60
92 97 85 79 82 81
96 54 86 93 95 21
93 51 36 49 30 79
84 16 57 83 43 42
12 86 61 53 31 31
62 15 29 35 41 42
76 86 15 84 71 94
31 18 99 45 21 65
50 42 92 44 19 55
94 77 48 59 88 90
56 37 78 44 47 30
93 17 92 61 100 38
30 100 75 99 10 54
96 25 52 57 76 29
25 61 86 28 17 73
81 100 94 82 86 59
20 26 50 57 100 87
35 80 31 78 91 22
10 71 77 44 10 84
79 67 30 27 10 59
81 72 35 74 27 49
69 70 49 42 97 70
77 100 52 41 80 34
37 19 30 89 81 61
29 70 36 62 15 29
62 82 99 60 39 22
14 92 23 35 62 91
50 54 10 14 30 87
35 68 89 30 36 43
95 41 51 15 32 22
58 25 96 82 56 37
10 45 25 82 47 63
86 84 72 99 99 27
11 63 95 86 55 38
68 87 65 87 32 89
38 24 18 85 42 97
35 25 35 94 22 30
70 16 90 73 57 36
32 40 42 30 28 28
24 52 90 91 64 31
64 10 71 65 66 84
66 59 36 100 43 34
91 60 68 29 100 63
73 76 80 52 11 19
56 24 73 26 86 25
83 68 89 91 52 10
55 86 49 62 44 74
83 92 75 75 21 64
95 86 75 34 87 24
80 100 39 65 67 92
79 52 39 90 48 58
54 72 52 43 61 46
96 88 26 42 44 32
46 64 49 31 55 79
37 18 31 59 21 45
17 20 52 52 90 14
25 22 51 90 87 17
37 83 97 36 20 66
55 52 38 84 81 83
32 74 75 99 80 90
90 75 41 52 55 51
12 80 34 82 94 21
100 44 98 68 82 49
72 70 68 89 23 30
31 64 94 50 66 57
77 76 95 99 70 22
27 81 76 13 84 44
74 33 22 36 98 98
0.0881757
0.0807985
0.112289
0.0699781
0.0481629
0.121133
0.109229
0.100296
0.0492417
0.0310282
0.113308
0.0700602
0.113745
0.0700602
0.0657315
0.100027
0.062928
0.104064
0.0311673
0.0946966
0.0449156
0.0959172
0.0853466
0.0314347
0.0513072
0.11886
0.105567
0.0444037
0.062357
0.0308079
0.0898929
0.0546822
0.123274
0.116041
0.124166
0.114935
0.0962182
0.113396
0.11208
0.0868171
0.0717641
0.110347
0.0767848
0.0600694
0.0960968
0.0780944
0.0493028
0.0447234
0.0520525
0.106124
0.0815709
0.108361
0.0311435
0.0831286
0.0558696
0.0498252
0.0348767
0.0838845
0.0765245
0.0948607
0.0337303
0.0933523
0.109811
0.0752713
0.0558283
0.0636332
0.0777824
0.0876788
0.0999537
0.0393012
0.0492094
0.112906
0.0628242
0.0816961
0.0368222
0.0447036
0.0278748
0.0794202
0.0585861
0.110661
0.0985115
0.0389008
0.106291
0.110582
0.0499828
0.100169
0.0888853
0.122938
0.12349
0.104295
0.11485
0.0360938
0.0346986
0.0667849
0.0465016
0.0288072
0.101447
0.0665156
0.0694972
0.120027
21 336
287 383
400 5
205 432
496 180
430 423
176 241
96 441
149 95
23 155
470 423
363 279
287 155
214 168
299 264
441 473
53 191
422 333
137 101
460 183
28 465
229 217
440 198
220 311
318 139
60 74
406 295
248 153
316 37
318 94
46 311
280 430
458 104
482 215
369 324
463 114
6 12
439 109
52 296
266 44
135 0
152 303
296 491
320 171
193 345
371 247
489 130
163 40
481 364
182 89
105 426
474 440
191 266
31 471
499 76
88 407
136 486
41 301
15 14
315 16
312 385
255 467
47 81
119 333
385 184
36 367
198 338
360 338
393 1
198 199
481 441
478 234
40 89
41 414
20 145
227 404
298 82
500 375
207 73
340 32
255 0
123 475
176 229
397 303
285 372
86 39
469 89
311 335
437 157
321 405
285 34
251 361
139 453
227 482
198 10
216 298
276 302
174 375
402 45
178 219
