16
100
6
70 15 74 56 85 37
76 84 15 98 30 76
37 82 96 27 96 58
72 48 64 94 68 70
53 51 59 80 12 99
28 31 15 48 14 55
99 92 37 62 10 21
80 27 15 94 99 54
76 94 19 76 75 48
77 22 99 96 36 79
66 40 54 22 78 41
60 24 28 52 10 61
80 69 61 73 26 32
48 35 63 25 82 44
31 98 11 23 51 75
64 43 99 10 20 37
26 13 97 30 48 17
62 48 69 44 78 17
61 53 22 42 87 75
62 61 96 77 13 100
83 12 33 31 94 74
16 47 54 29 77 92
24 59 59 100 20 77
39 48 96 54 53 77
14 51 81 99 89 98
54 40 10 74 22 96
92 14 91 50 55 98
32 100 43 66 60 47
67 31 82 95 17 93
100 13 50 68 90 27
85 47 81 42 54 59
88 46 85 16 17 75
46 50 100 74 63 10
47 26 86 51 85 14
54 53 53 56 41 11
81 53 79 47 19 10
27 58 27 36 44 28
25 62 10 46 77 44
18 72 69 47 70 76
83 38 10 65 82 53
72 56 95 10 14 23
20 35 92 79 20 80
59 16 44 29 84 71
89 63 67 90 15 15
64 36 33 60 98 25
51 31 98 30 30 29
58 56 85 40 76 28
69 70 96 41 84 17
21 16 75 98 41 49
23 97 20 51 50 78
99 48 26 30 83 11
13 53 55 93 30 81
72 65 53 94 84 59
98 22 81 33 22 19
99 100 92 21 16 63
69 10 75 20 79 37
92 66 35 63 80 31
63 67 44 96 46 87
32 98 75 87 12 86
94 29 66 31 72 78
63 65 59 34 28 83
93 96 47 92 66 40
17 41 44 55 55 99
90 98 52 59 27 72
60 30 30 20 95 68
62 97 27 38 72 96
93 63 72 28 90 56
38 97 50 36 48 83
55 83 67 73 46 31
34 99 32 40 64 68
69 38 79 70 96 62
54 97 59 28 25 72
68 42 53 71 55 21
37 33 30 10 39 90
29 90 24 35 95 77
87 72 60 60 36 19
69 74 83 84 49 55
49 18 47 78 81 11
66 42 65 32 14 33
74 37 49 42 59 50
14 33 10 12 66 25
54 43 20 10 84 91
19 84 10 92 56 21
58 39 56 86 100 27
12 62 24 24 90 55
70 11 99 55 72 24
19 60 30 23 19 56
36 18 19 99 34 41
62 40 99 49 48 81
73 52 58 82 53 57
35 62 12 26 70 26
28 93 63 93 82 98
36 52 13 79 41 77
67 93 41 41 31 38
52 68 90 73 98 55
62 75 23 52 36 61
10 65 99 52 30 10
96 40 78 78 90 17
18 14 71 86 88 30
23 81 78 86 12 88
0.107465
0.0862015
0.10138
0.055058
0.122313
0.115279
0.0541628
0.0493643
0.0653824
0.0837855
0.120254
0.0769978
0.0557179
0.0899506
0.0439165
0.0946356
0.0605795
0.11312
0.0887892
0.114847
0.086281
0.125762
0.104074
0.124016
0.104002
0.0555855
0.128191
0.0320904
0.0269954
0.0801115
0.112671
0.0924101
0.0278539
0.112814
0.0701343
0.062005
0.0773137
0.1085
0.105596
0.115219
0.0679163
0.0826082
0.0903028
0.129936
0.0586379
0.0612916
0.0765729
0.106578
0.0984096
0.0526816
0.0352747
0.105168
0.122803
0.0360858
0.0907565
0.0687218
0.0960881
0.0562375
0.108746
0.0912486
0.0555568
0.0660118
0.0998554
0.05512
0.0985075
0.123414
0.0571954
0.102442
0.0631975
0.119919
0.0649122
0.068394
0.0751266
0.0785898
0.0609543
0.0758327
0.0556986
0.0899452
0.115528
0.111198
0.0898712
0.0740097
0.103907
0.127261
0.0436846
0.0418036
0.0466865
0.0601995
0.0706516
0.0728809
0.108336
0.0682908
0.0494338
0.0267057
0.0884343
0.0748608
0.119175
0.122234
0.108675
0.105465
487 289
130 76
436 387
458 197
266 224
183 35
143 156
10 394
430 251
442 110
498 412
79 105
194 305
275 134
461 343
398 294
393 287
305 305
278 325
282 495
321 198
31 171
151 277
110 305
36 64
333 227
242 171
473 56
2 102
229 223
39 241
285 459
229 252
403 378
472 169
69 446
276 315
125 63
142 53
265 414
293 130
195 256
283 161
0 139
156 281
374 143
393 122
490 458
421 250
181 216
339 160
107 259
427 448
82 455
27 423
498 255
181 153
54 467
206 331
67 154
265 456
378 44
397 422
68 154
150 82
236 162
453 346
157 262
436 6
112 8
49 112
391 487
466 201
465 204
460 281
342 79
303 452
333 56
111 343
212 300
342 469
133 494
4 53
482 96
246 215
484 29
177 456
451 258
166 105
435 117
105 9
488 283
273 350
44 356
386 328
139 248
310 439
477 467
427 246
173 70
