65
100
6
59 49 15 68 65 71
28 96 14 83 71 94
55 48 51 59 18 62
38 98 35 49 74 30
53 61 65 13 92 80
57 33 49 37 43 82
41 53 36 54 47 94
97 53 69 87 46 49
16 70 62 25 49 49
80 93 50 75 47 53
28 15 89 79 82 60
34 94 19 44 69 34
32 84 58 29 57 17
93 55 39 62 10 45
72 27 65 93 51 98
89 77 34 22 53 74
14 64 50 59 80 40
13 84 37 43 58 47
46 47 25 92 81 72
40 42 29 87 52 53
36 30 65 92 83 48
89 23 87 25 22 63
98 52 34 71 70 85
52 21 92 58 19 97
75 38 20 77 27 98
100 27 43 89 17 65
21 60 88 47 52 97
86 30 14 50 28 79
90 37 48 31 15 48
41 100 53 40 34 76
95 16 11 23 88 86
77 62 23 87 18 51
88 86 43 73 91 11
16 86 44 88 87 54
20 56 87 25 32 90
84 54 70 69 27 72
24 64 46 85 86 90
91 54 71 18 13 68
33 39 49 79 83 87
31 46 23 21 85 56
33 96 65 100 66 62
51 70 61 68 28 48
67 68 89 15 26 99
20 94 99 53 76 34
10 25 63 30 43 69
97 35 52 49 10 24
40 98 96 24 51 24
65 48 23 56 76 62
51 81 41 28 34 89
47 52 84 76 33 59
48 63 64 40 67 80
59 86 12 61 90 72
11 94 18 64 92 11
57 95 81 29 22 35
93 89 35 78 44 64
89 81 71 21 46 66
73 72 23 31 62 73
60 40 85 68 100 20
34 56 43 86 12 37
82 55 89 89 61 89
11 91 87 97 30 69
98 60 30 48 91 93
24 22 42 86 53 34
36 27 12 21 30 35
53 60 95 88 95 24
26 77 74 72 96 95
72 79 46 38 65 52
11 34 40 17 56 33
99 89 38 11 94 100
92 35 19 12 53 25
69 67 97 56 54 18
30 85 80 64 81 82
90 31 65 17 93 88
51 62 21 55 20 51
69 80 29 61 60 94
49 94 68 35 54 97
14 11 40 61 26 70
87 63 86 36 36 30
92 83 86 46 89 45
63 71 70 70 62 40
27 69 96 65 19 100
71 23 21 53 64 11
29 34 20 98 65 97
48 89 96 72 60 56
69 82 28 24 90 18
41 66 75 19 89 38
28 66 96 49 33 17
46 83 63 79 80 87
36 68 60 69 11 51
17 54 86 71 28 93
15 94 93 42 76 80
70 53 52 79 53 24
74 75 21 60 86 29
48 11 32 28 44 61
59 81 70 41 11 93
50 27 74 97 40 23
95 100 96 79 58 84
23 83 88 21 26 85
52 22 83 63 71 13
15 77 97 72 56 18
0.0610034
0.0478642
0.103722
0.0735746
0.0541357
0.100258
0.113688
0.039567
0.0378336
0.046009
0.0564054
0.0295092
0.106622
0.0746832
0.118515
0.0657019
0.125654
0.123293
0.0316001
0.0426298
0.0667726
0.12277
0.114017
0.121388
0.0400154
0.113808
0.0723064
0.028714
0.0689306
0.0795339
0.033293
0.0471012
0.0957234
0.0432181
0.0489594
0.101398
0.0813487
0.0529103
0.0758284
0.116221
0.0971444
0.0802454
0.0274772
0.0314678
0.111122
0.119502
0.0784427
0.0829279
0.0501619
0.0999838
0.0888271
0.0965752
0.120106
0.112961
0.114669
0.120658
0.0530467
0.052152
0.104825
0.0849561
0.0572374
0.0788509
0.107006
0.0285224
0.117925
0.0416031
0.0808866
0.112537
0.127513
0.0910332
0.101568
0.121782
0.063717
0.113875
0.0933484
0.125371
0.0465885
0.112701
0.0942062
0.057565
0.0804859
0.0943307
0.041083
0.0956483
0.0985368
0.0869006
0.0367176
0.0993519
0.0913099
0.035538
0.0583559
0.0964972
0.0920424
0.0930307
0.0584113
0.0611415
0.114586
0.107797
0.0401604
0.0262341
377 232
116 103
473 273
357 79
426 163
467 112
386 197
324 490
296 158
177 131
247 403
158 56
275 31
207 313
22 201
308 237
139 480
260 256
246 139
83 372
199 308
162 124
460 435
488 153
164 183
360 98
57 60
266 422
335 13
465 210
318 258
399 350
404 129
428 474
500 341
362 385
242 288
141 163
315 88
478 20
323 15
172 289
485 326
457 178
425 262
99 272
228 390
354 237
51 357
162 460
166 499
89 86
393 313
388 85
275 195
69 333
323 162
95 211
287 69
162 149
486 216
435 115
45 451
18 348
313 362
230 406
25 16
464 460
74 266
314 398
375 149
491 136
415 180
322 103
259 152
80 91
251 461
81 426
134 30
65 328
420 418
359 327
357 334
254 272
343 292
90 383
30 231
115 413
478 195
107 203
321 81
465 239
105 110
405 474
175 122
80 6
16 193
227 488
360 477
16 114
