30
100
6
13 25 68 45 13 35
35 97 60 27 36 99
66 33 90 33 76 17
22 44 34 79 20 30
73 71 47 11 76 21
89 86 54 42 34 98
19 36 41 34 21 92
43 85 13 41 94 19
14 41 11 79 11 73
68 84 91 21 68 44
49 85 85 97 98 66
89 96 70 43 89 34
88 90 50 14 76 55
70 97 22 84 22 62
10 60 16 67 53 25
13 91 27 80 64 38
95 18 31 32 78 57
40 71 89 56 41 29
90 68 68 57 15 78
80 71 76 41 38 98
56 20 82 49 60 25
50 35 13 35 21 28
63 63 23 41 88 95
38 42 79 85 66 49
64 16 59 25 35 51
71 48 41 70 22 21
67 68 84 88 60 41
26 95 75 32 87 14
98 43 16 51 44 39
12 45 56 34 13 43
47 26 53 62 77 59
23 49 98 23 93 13
81 56 57 50 30 57
20 22 98 64 45 89
30 86 94 56 55 72
90 49 82 74 16 59
98 45 16 95 11 90
63 33 20 30 28 79
37 45 26 89 18 94
85 54 83 91 23 48
81 40 87 20 27 87
84 58 68 24 90 89
73 37 10 36 22 10
53 47 26 42 92 85
72 99 90 41 33 65
77 91 79 74 74 41
38 11 62 97 80 59
70 91 61 10 99 71
95 43 35 41 13 56
74 17 14 73 57 20
29 98 97 53 49 70
41 62 32 61 34 78
73 91 15 54 31 93
83 85 85 11 49 37
71 94 60 93 86 99
73 76 89 19 13 62
59 72 12 76 93 99
22 31 100 51 22 53
12 82 84 66 24 49
18 81 28 68 50 19
63 73 62 46 39 31
23 89 33 39 69 39
98 16 71 93 90 80
86 10 41 39 48 31
41 64 96 14 11 43
99 60 88 32 71 41
79 34 78 87 60 46
81 46 100 91 91 51
15 45 92 29 35 33
30 83 22 71 52 11
77 70 94 26 74 18
36 62 21 94 50 93
40 15 88 11 89 11
86 95 40 51 84 77
22 55 21 17 98 48
26 70 54 45 38 99
82 59 50 99 17 29
60 99 89 91 86 82
91 24 90 98 97 97
75 61 76 12 52 97
68 41 23 51 22 80
56 92 47 50 87 90
40 49 49 17 40 97
73 94 94 49 99 23
47 59 91 78 66 59
71 20 57 67 34 93
93 70 18 71 68 44
65 95 34 61 32 20
43 50 68 25 23 84
69 87 23 81 72 52
90 66 92 26 98 77
39 87 38 28 29 82
44 55 92 71 22 34
94 66 34 42 78 78
79 74 31 61 50 12
17 84 17 76 36 40
95 44 89 48 56 18
79 51 95 48 76 20
70 36 77 57 53 69
55 54 100 33 69 82
0.0789003
0.0864207
0.0989146
0.125226
0.0548626
0.0917294
0.117218
0.123256
0.125046
0.12089
0.042114
0.0712177
0.0931212
0.102067
0.0911645
0.0686704
0.0495159
0.101861
0.127734
0.129148
0.129127
0.0471422
0.104824
0.0620909
0.0847574
0.0672315
0.0324782
0.0528365
0.0470162
0.121515
0.0434507
0.043757
0.0419363
0.0733973
0.0770744
0.069821
0.10547
0.0506896
0.0778458
0.120149
0.113808
0.0838487
0.0332911
0.0426238
0.0477713
0.0301494
0.0903593
0.0558182
0.0620447
0.079948
0.0314569
0.126445
0.0528113
0.0302266
0.12821
0.0843402
0.0777164
0.0699859
0.08514
0.115465
0.0591991
0.12657
0.0440416
0.0849
0.119345
0.0640196
0.0497357
0.107593
0.122863
0.11213
0.0473194
0.0318515
0.0376954
0.0719879
0.101795
0.0540296
0.0601982
0.0613613
0.119759
0.125814
0.0446003
0.113539
0.0927241
0.0499456
0.125512
0.127768
0.113772
0.0442967
0.102832
0.124737
0.129038
0.111793
0.129136
0.0293506
0.0750919
0.124816
0.056256
0.05559
0.0407791
0.106651
109 168
21 201
324 366
342 479
256 29
209 451
450 216
222 495
266 438
422 371
302 449
47 419
375 267
208 481
139 453
492 439
59 428
154 496
124 485
186 417
216 455
302 157
148 232
304 279
253 111
219 122
481 324
457 410
325 224
114 207
103 331
294 160
414 224
73 309
353 122
318 147
187 123
123 166
196 411
328 268
318 108
26 237
201 377
88 27
459 165
163 407
128 407
134 57
21 249
141 477
36 31
325 363
117 216
265 69
376 439
419 494
253 140
221 402
408 124
209 470
49 498
59 453
485 172
327 148
123 337
269 81
458 493
211 398
449 203
165 422
304 418
398 390
329 310
100 141
252 372
417 420
198 395
64 106
436 141
349 154
237 383
379 114
484 199
53 479
59 386
315 282
271 260
104 57
238 39
499 275
325 57
197 365
156 68
11 327
314 128
434 295
19 494
10 465
212 439
247 437
