98
100
6
74 43 78 47 37 70
81 39 98 21 97 39
86 37 79 94 65 83
66 93 15 52 13 100
16 46 95 82 46 21
95 99 72 38 55 12
68 72 24 86 44 73
13 53 84 51 20 48
61 73 79 53 88 50
99 59 60 39 98 48
30 38 34 99 82 69
39 48 17 41 33 47
18 30 78 76 40 58
21 31 34 70 52 68
13 54 99 27 59 19
52 57 10 97 90 14
94 84 60 43 92 66
27 34 80 59 38 23
93 12 47 73 48 11
65 40 13 31 63 40
96 10 13 20 86 19
51 50 12 96 70 96
90 72 86 87 13 24
33 35 53 44 38 63
92 60 65 19 96 10
35 87 67 48 98 29
60 78 76 83 93 98
10 26 52 50 92 13
82 37 65 49 52 81
10 65 90 83 73 97
78 78 38 65 30 51
94 69 14 56 14 33
38 94 70 78 19 57
67 22 81 59 47 12
79 95 40 24 93 87
25 95 56 41 74 34
44 13 33 32 58 27
42 45 17 69 67 72
22 97 14 17 92 99
93 30 62 77 53 10
15 51 93 80 67 22
66 97 58 68 59 25
61 43 75 71 85 39
53 74 98 46 86 80
68 17 69 79 77 86
67 64 19 17 13 44
68 82 40 27 86 50
53 20 28 100 52 64
92 58 63 19 92 93
85 90 60 69 30 87
74 59 19 19 33 21
37 86 28 16 61 14
62 80 20 14 29 39
30 71 42 43 57 31
49 50 39 21 64 95
79 82 31 67 38 89
67 41 13 37 58 20
75 11 86 51 31 67
51 57 41 66 90 78
16 90 95 50 24 87
87 33 24 12 71 45
72 38 49 90 55 89
33 98 54 81 35 18
58 91 32 64 12 13
85 41 27 61 29 37
47 22 63 66 63 19
76 38 87 76 87 91
27 63 66 69 72 99
39 23 80 72 24 49
28 39 56 55 79 58
37 20 92 17 74 88
79 44 86 96 59 98
76 28 18 25 36 38
47 21 94 61 88 46
52 55 76 38 87 37
50 97 97 75 47 52
21 10 52 68 44 77
81 77 90 79 75 30
81 90 100 75 43 45
40 98 29 91 66 12
43 70 47 11 38 92
94 99 88 95 45 73
60 61 34 70 53 48
67 17 75 12 73 17
86 18 81 31 91 19
28 86 16 85 37 44
49 39 55 40 27 50
44 92 35 53 81 17
53 71 87 50 86 32
52 32 14 36 79 97
83 45 53 43 38 54
60 90 23 92 48 90
48 81 31 97 15 65
66 14 23 66 63 79
98 27 45 96 28 98
29 31 11 60 27 77
90 32 86 42 84 16
100 35 30 17 28 59
17 20 86 89 50 45
29 90 21 100 55 69
0.042248
0.118425
0.0640664
0.106106
0.0887639
0.0739849
0.098899
0.0693168
0.081342
0.121484
0.0657639
0.0916713
0.0963809
0.0738328
0.0595086
0.0549593
0.0729356
0.120749
0.104214
0.089644
0.082347
0.07386
0.113531
0.128578
0.0387708
0.0750401
0.0918048
0.0799484
0.0684061
0.0562016
0.0266217
0.0685051
0.0434134
0.0673647
0.0940488
0.0871395
0.123739
0.0674371
0.0655558
0.0998508
0.0924819
0.0437403
0.0396396
0.0997277
0.0932567
0.0562961
0.0873937
0.106703
0.0431877
0.0902686
0.116402
0.106113
0.0371006
0.0262406
0.0908707
0.0612467
0.0960369
0.0609977
0.0687999
0.0411726
0.120987
0.120084
0.109042
0.0547771
0.0672123
0.0895973
0.0662266
0.108914
0.0509287
0.092519
0.0971113
0.12042
0.072735
0.0546187
0.082506
0.128556
0.0638306
0.0387388
0.0380946
0.0894455
0.11564
0.127017
0.0730205
0.114922
0.0423186
0.0445164
0.112366
0.123176
0.0544817
0.0620997
0.122187
0.0633873
0.105799
0.114771
0.0393256
0.118438
0.11301
0.0297344
0.123152
0.0781707
112 90
212 302
334 294
128 98
47 260
104 16
399 193
381 403
317 473
240 328
434 15
232 433
465 415
353 346
236 24
17 465
485 142
22 200
90 242
288 172
389 320
105 131
320 372
479 104
393 131
490 151
451 299
41 289
420 50
225 430
127 366
417 108
308 37
480 336
201 316
38 355
99 321
368 167
141 492
249 450
310 115
102 418
99 251
32 55
192 233
197 416
123 409
85 187
306 15
240 421
424 497
294 122
228 473
243 284
364 12
174 275
447 350
129 244
114 125
461 438
132 87
53 228
99 155
435 31
208 135
77 194
445 311
384 99
339 333
208 432
379 430
291 304
50 336
32 172
260 358
116 494
461 328
406 226
310 351
118 190
293 334
324 75
354 249
457 25
204 343
278 11
2 299
252 298
337 91
105 228
421 472
474 160
82 402
422 71
491 262
306 358
463 436
46 38
286 274
371 67
