67
100
6
19 100 12 63 80 14
69 70 63 64 35 96
50 81 49 82 67 48
57 40 87 75 52 53
62 81 36 58 31 82
33 40 39 32 40 68
96 51 35 50 77 49
68 77 15 58 82 15
51 34 45 51 24 28
83 68 69 19 100 94
45 93 19 10 97 55
76 12 32 35 45 95
23 39 78 63 37 34
33 79 100 14 67 39
75 97 19 66 68 64
53 28 39 98 26 36
37 33 36 74 51 29
38 29 31 34 98 20
17 50 78 85 31 84
84 39 70 26 75 84
97 63 55 56 63 38
85 70 30 74 34 50
21 90 11 28 52 63
18 57 96 68 31 80
76 93 91 52 13 35
41 73 66 89 42 76
70 32 23 27 10 53
22 89 35 63 21 54
22 99 76 72 39 34
30 75 27 71 61 23
41 29 34 77 20 82
87 33 64 89 65 67
61 88 96 15 75 11
45 51 71 29 11 91
28 75 57 40 70 48
45 47 44 87 87 97
54 52 59 32 77 33
33 55 67 83 82 25
94 55 39 49 88 96
100 23 19 27 84 91
32 47 63 59 93 22
18 77 97 32 83 68
60 31 67 29 77 48
13 48 16 91 11 80
12 39 75 82 92 26
15 53 36 67 69 53
70 53 48 59 47 67
64 37 31 45 42 94
54 21 72 96 25 55
48 35 80 97 80 11
70 58 13 95 79 64
67 22 31 11 56 80
31 60 45 18 34 88
68 85 81 23 66 76
90 20 59 75 55 73
96 13 15 67 64 78
92 23 14 70 30 85
26 82 80 48 55 43
96 64 28 17 45 43
36 92 67 70 58 87
93 41 12 36 37 47
86 94 98 62 18 53
29 55 96 76 16 38
84 65 59 55 61 51
73 52 67 100 97 32
60 26 39 10 77 22
46 69 24 16 68 79
29 55 28 82 66 26
88 11 72 76 95 33
33 28 24 13 79 22
92 19 58 70 58 70
25 74 54 34 92 77
54 66 88 46 96 91
31 78 89 90 85 67
67 40 60 19 43 71
28 20 87 100 36 72
66 60 77 23 90 85
99 10 25 26 58 57
14 23 82 15 80 63
24 54 29 54 87 21
47 43 62 23 64 75
18 94 99 37 44 88
50 30 87 66 54 61
19 81 65 14 13 93
100 78 39 83 65 29
92 26 75 22 10 86
46 50 25 60 95 87
97 59 100 97 17 20
24 26 93 95 89 12
28 46 60 41 72 89
27 34 10 53 37 84
80 92 26 65 34 40
60 31 71 82 32 27
11 93 79 93 75 73
17 48 71 45 36 52
87 89 68 94 40 95
80 42 37 26 97 50
67 43 86 95 47 39
47 71 90 21 37 89
30 31 69 32 55 56
0.0541295
0.110568
0.0619084
0.0746179
0.120502
0.122009
0.102334
0.0426247
0.0803347
0.119822
0.061607
0.0508111
0.109319
0.0757321
0.0798551
0.0496068
0.106702
0.111312
0.061713
0.118836
0.0588899
0.114082
0.0641871
0.0753987
0.118324
0.0626141
0.0669993
0.0488896
0.0681399
0.0795116
0.115842
0.0604774
0.0286033
0.119018
0.0574478
0.0546173
0.116503
0.0664474
0.0540278
0.0873787
0.0968681
0.0743442
0.0954884
0.105975
0.0575075
0.0355655
0.029113
0.079431
0.0578155
0.037386
0.0615686
0.0653098
0.0471224
0.104803
0.0587109
0.069216
0.0726749
0.101
0.0810408
0.0404214
0.0452118
0.0885181
0.0517735
0.0328093
0.0593103
0.0568658
0.095728
0.0667328
0.0947384
0.0662644
0.126546
0.0375378
0.101542
0.0959904
0.046113
0.046742
0.120356
0.103024
0.0817559
0.0603914
0.0959223
0.0276334
0.0459267
0.0717882
0.0371365
0.0902189
0.0841077
0.0815122
0.0535674
0.039825
0.0706389
0.075868
0.0674281
0.03227
0.0311045
0.0571068
0.103478
0.100713
0.120103
0.0960384
174 248
481 421
200 138
475 77
298 420
415 186
81 8
449 166
28 174
187 404
72 460
432 170
192 23
169 473
423 232
170 407
94 459
311 203
414 31
499 92
48 319
188 477
127 18
372 245
349 110
101 107
168 276
214 480
288 157
5 455
173 161
7 122
190 53
395 478
432 370
277 5
260 76
16 51
455 415
332 31
154 424
150 499
65 94
383 90
237 285
390 341
77 317
72 418
388 356
215 406
56 492
366 284
101 85
451 131
54 356
46 33
478 440
263 368
402 340
389 292
450 268
383 427
315 216
480 314
90 263
173 444
498 241
84 88
492 391
228 449
170 224
29 184
181 57
252 309
450 147
348 360
402 319
201 447
250 217
342 476
243 362
456 66
66 33
388 317
56 423
318 298
322 97
217 19
245 85
78 225
112 330
69 135
309 286
226 410
54 215
30 128
453 265
160 177
263 201
290 477
