91
100
6
95 66 12 75 83 46
88 40 95 36 83 97
77 70 29 69 13 59
20 13 74 19 37 31
28 53 89 72 50 18
73 62 58 64 67 40
69 19 76 33 65 75
24 13 90 75 91 24
77 25 52 18 50 48
78 37 59 91 28 15
22 75 63 82 99 84
44 16 99 40 55 24
43 96 22 38 61 92
38 60 40 71 78 29
72 64 48 33 68 93
48 26 75 14 53 80
10 77 31 23 21 75
35 81 61 67 42 67
73 83 91 62 24 95
34 19 90 11 75 63
42 70 93 60 92 37
12 57 48 40 27 30
11 21 28 58 96 84
68 74 71 17 14 10
23 11 11 20 38 57
18 40 17 20 33 38
32 24 71 49 21 84
97 82 48 100 46 58
43 18 65 20 34 30
44 47 41 20 73 89
38 15 70 74 35 22
15 86 83 57 12 60
97 16 84 10 50 58
27 61 18 66 66 41
41 73 27 80 83 14
47 11 33 76 35 88
52 91 92 33 46 38
30 66 37 45 69 47
81 77 12 71 37 81
22 51 27 47 90 55
45 64 16 21 15 95
99 99 62 96 87 88
67 19 46 93 35 39
44 87 42 16 89 86
56 71 53 98 35 18
83 98 25 67 88 30
17 60 17 93 85 98
16 50 29 13 38 94
58 66 90 79 79 38
91 53 49 11 65 36
17 82 54 16 46 27
49 46 22 91 72 98
71 58 57 23 86 26
72 12 72 46 86 48
47 83 68 72 67 97
91 40 74 62 37 43
84 32 49 34 47 67
74 47 36 25 23 23
99 79 63 39 45 63
85 47 34 41 40 66
83 55 39 93 38 63
27 88 97 25 65 26
33 71 11 66 40 71
50 33 25 99 94 85
63 34 71 84 100 17
29 29 46 66 84 40
60 54 61 53 84 20
97 93 19 70 19 36
88 34 49 38 61 64
91 69 53 63 33 70
22 13 23 79 35 41
96 43 27 97 38 24
36 28 29 92 100 50
22 63 83 73 84 41
80 84 24 54 69 49
67 20 27 26 57 10
70 28 94 20 37 70
82 69 54 93 68 92
72 76 60 91 34 72
68 23 78 51 96 55
93 58 41 77 48 24
93 58 13 62 45 46
93 76 46 50 42 23
48 83 18 51 36 51
74 72 97 37 46 59
93 67 62 29 65 37
88 67 42 31 55 49
13 52 16 39 14 95
23 99 69 42 51 83
86 86 30 49 69 74
66 88 62 17 98 27
35 53 20 42 52 27
18 34 29 36 96 57
27 91 50 39 48 84
44 63 75 97 27 63
23 37 94 93 70 32
73 73 38 82 27 87
68 82 10 25 33 74
97 50 33 12 22 98
57 90 95 17 12 63
0.0403323
0.0888817
0.0270173
0.0503097
0.0723732
0.049214
0.0368163
0.12895
0.117864
0.0434988
0.0376073
0.0683509
0.0913023
0.0709145
0.03789
0.0843099
0.0309505
0.117664
0.124706
0.069924
0.0761682
0.102352
0.0857453
0.0618724
0.0365226
0.0945294
0.0429179
0.117015
0.0277035
0.0302914
0.0900152
0.027233
0.045716
0.0291133
0.0986182
0.029204
0.109834
0.10676
0.0785035
0.0931939
0.0808642
0.0327056
0.101915
0.0828893
0.0788054
0.104568
0.0317266
0.0790119
0.0344536
0.035623
0.056595
0.0796681
0.0514104
0.0436887
0.0775193
0.0834681
0.112916
0.127682
0.0999954
0.0815183
0.0878664
0.0628404
0.057839
0.0489348
0.0971901
0.029759
0.0761307
0.0301961
0.0666323
0.0871693
0.123364
0.0834732
0.129236
0.0352893
0.0460762
0.129604
0.12815
0.075217
0.102678
0.0268049
0.0764221
0.0292069
0.083177
0.0287614
0.0746182
0.118859
0.111444
0.0446983
0.119999
0.0509065
0.0421069
0.0463849
0.106082
0.126851
0.0794567
0.0415682
0.0401255
0.0873085
0.036194
0.10202
119 438
481 205
87 341
367 437
53 63
224 253
7 112
122 480
68 231
392 147
234 338
330 453
105 346
149 63
490 295
55 317
158 25
139 114
90 213
339 472
468 410
383 350
337 192
151 18
492 470
314 99
437 421
316 74
387 11
161 273
62 224
153 159
273 77
84 277
41 389
279 213
380 338
157 369
323 116
101 412
136 182
140 41
44 365
489 275
341 201
161 278
360 128
287 212
1 279
37 326
273 301
383 353
220 125
317 16
155 50
315 257
299 401
467 123
470 146
206 419
52 176
9 148
169 194
415 423
468 479
472 30
238 343
259 355
264 5
194 226
372 260
46 262
53 400
107 413
52 439
457 442
34 110
274 464
50 282
444 415
389 457
229 247
475 253
364 390
497 413
55 271
304 16
167 133
3 302
396 177
115 122
46 8
53 71
307 126
300 35
4 280
64 322
410 435
345 13
395 421
