74
100
6
15 72 51 11 78 75
18 65 64 30 47 17
63 82 81 28 81 48
91 63 90 52 21 48
29 97 67 99 53 69
73 47 18 48 50 42
83 87 39 92 74 98
62 82 38 87 72 64
81 49 23 71 71 73
66 38 64 83 100 18
75 61 21 84 83 86
11 78 47 100 82 39
13 81 23 13 39 79
51 81 63 66 98 28
21 34 17 100 73 21
86 80 22 46 11 17
79 97 67 65 73 76
51 37 64 31 72 41
77 92 81 69 51 93
90 28 85 79 34 98
39 34 47 22 76 90
64 98 26 19 78 31
96 42 47 59 26 99
91 27 28 76 30 33
19 39 58 57 60 74
58 18 22 45 83 87
28 61 90 84 81 63
39 47 78 16 89 67
43 46 37 53 94 68
12 22 34 11 35 90
79 83 40 18 96 97
86 78 46 52 53 81
74 16 89 88 35 37
16 89 55 95 63 27
90 23 68 55 40 57
57 74 27 100 38 46
49 49 40 26 67 67
55 65 29 14 79 77
58 82 50 96 88 50
35 24 75 60 24 33
38 89 60 80 59 76
77 38 39 61 72 75
35 91 87 21 27 69
61 97 37 17 91 79
47 66 20 11 55 25
92 97 61 91 87 15
19 82 58 47 51 61
74 69 32 89 61 79
32 13 62 77 90 22
83 63 26 49 25 20
29 41 85 58 70 79
38 74 39 13 11 25
31 81 14 52 86 20
48 70 82 42 17 11
73 34 31 29 98 13
70 60 21 44 74 64
27 72 71 62 12 24
95 83 19 40 77 48
58 58 32 14 29 85
87 30 93 85 79 41
29 74 20 83 34 50
31 99 73 85 89 70
88 100 42 26 12 67
87 26 89 35 85 83
27 71 77 94 74 54
71 21 43 19 43 49
66 56 96 100 82 88
35 63 38 68 29 33
27 96 93 87 11 75
60 26 64 59 37 32
91 80 13 93 96 26
96 72 34 36 66 52
97 18 12 17 55 99
41 60 51 89 61 29
70 23 98 45 84 11
13 46 38 53 84 71
20 85 49 56 92 34
99 73 72 47 24 52
50 59 50 20 45 73
33 35 91 97 75 73
66 42 16 79 65 51
37 69 52 35 72 22
31 77 53 16 13 28
51 75 82 13 44 85
88 56 14 50 12 100
66 72 89 54 68 34
72 20 39 49 35 89
44 90 91 13 79 58
96 76 76 13 65 45
93 50 56 100 46 49
98 53 14 93 15 41
35 85 61 71 73 50
88 94 95 11 58 21
26 54 48 60 34 12
33 42 43 57 36 36
55 35 17 24 29 96
61 62 87 35 70 18
70 31 99 95 68 45
38 37 26 87 83 50
47 12 53 74 76 92
0.0508864
0.104121
0.108094
0.0304756
0.0427565
0.107343
0.0592613
0.0489875
0.0557155
0.107348
0.0414127
0.103103
0.090939
0.074858
0.122198
0.0946576
0.0418209
0.0632924
0.0308997
0.0946152
0.0856117
0.0943504
0.058665
0.0590408
0.0996248
0.0786522
0.0534988
0.0874011
0.0993082
0.0803513
0.108146
0.104441
0.068462
0.044618
0.0540078
0.089678
0.0787687
0.109891
0.0513049
0.107998
0.0315166
0.0944226
0.057612
0.116037
0.127903
0.0905198
0.0995621
0.0275071
0.0882135
0.117275
0.0726483
0.0701264
0.0989031
0.0608076
0.114186
0.0534073
0.064779
0.113334
0.0439518
0.063276
0.109458
0.0984159
0.0951144
0.057698
0.0333228
0.0868851
0.0868947
0.0441833
0.111531
0.0479215
0.0883249
0.0356419
0.110872
0.0628664
0.0525739
0.0987176
0.111425
0.125844
0.0929722
0.055164
0.0526177
0.120945
0.051882
0.120757
0.108615
0.0634025
0.113595
0.0377168
0.091508
0.0261139
0.1003
0.0949312
0.0755516
0.0962347
0.103735
0.0829923
0.113862
0.081874
0.104185
0.0833341
400 454
65 193
366 53
320 104
423 473
183 277
122 330
409 80
5 444
299 443
67 203
139 195
223 165
383 418
32 329
35 435
388 462
116 379
319 265
220 272
48 256
354 253
483 54
72 34
375 317
302 173
387 108
262 69
356 28
296 126
0 115
55 312
418 457
106 213
3 395
486 82
112 20
90 403
338 7
420 500
257 249
392 417
470 266
476 499
395 363
283 152
105 487
18 469
244 450
195 299
125 50
365 312
301 462
285 385
370 180
166 8
451 371
150 493
283 393
271 17
159 437
202 16
201 43
415 500
312 37
43 461
383 498
98 302
43 308
57 388
305 34
92 108
187 216
217 107
30 119
491 107
34 85
73 44
478 419
482 403
370 109
295 200
264 382
31 284
394 25
382 300
466 141
263 112
495 109
469 452
456 423
103 103
200 270
91 241
359 156
165 291
79 349
491 28
399 471
447 434
