35
100
6
28 51 87 41 10 41
21 16 92 39 72 29
53 31 44 21 57 58
87 72 88 84 16 70
10 48 71 15 95 20
31 62 55 73 72 61
85 62 27 36 97 18
16 36 94 26 62 18
92 27 82 61 37 43
43 73 13 57 82 56
17 28 100 39 27 67
67 32 18 23 79 72
14 99 69 50 33 89
25 87 82 90 17 38
83 59 85 59 55 79
62 24 66 60 100 72
23 82 38 92 37 98
26 40 80 20 61 50
47 96 46 57 56 34
11 15 40 11 32 57
49 99 99 70 49 10
65 63 14 89 31 70
41 89 89 69 44 65
94 13 63 85 56 54
10 15 80 16 55 53
96 91 35 67 96 91
40 86 72 98 23 68
63 57 14 11 49 11
82 90 32 39 27 47
10 12 71 65 86 30
67 68 32 93 98 67
87 94 35 46 65 93
92 99 40 18 28 67
12 13 93 87 53 90
95 90 67 61 33 37
25 93 27 97 34 65
73 82 40 11 30 10
82 76 75 62 82 21
50 57 18 29 92 32
13 83 91 93 26 35
78 36 100 76 22 71
85 18 35 72 44 80
70 42 25 77 19 21
83 41 70 74 82 22
98 76 17 28 65 52
87 13 65 76 68 55
40 48 98 37 52 51
14 85 60 33 47 37
82 88 24 53 83 66
74 57 39 67 13 97
69 29 62 71 25 65
24 58 85 22 23 56
83 48 60 95 99 34
71 18 40 85 82 14
38 32 95 12 23 23
58 46 52 16 87 47
19 38 26 94 83 35
28 11 58 55 91 96
37 59 77 42 73 61
65 89 81 33 60 97
24 80 51 28 44 52
88 49 60 62 94 77
74 81 55 81 49 46
73 81 70 13 23 41
43 60 95 33 52 77
100 30 99 99 54 81
61 82 43 95 57 72
62 48 38 43 72 60
41 71 56 49 45 69
65 37 53 34 21 92
43 35 13 65 92 42
37 49 61 85 39 90
14 70 53 66 87 89
57 68 81 42 19 78
45 15 86 55 49 27
13 10 79 91 72 100
84 88 12 49 59 73
66 51 24 53 81 23
64 30 63 76 64 56
84 56 37 22 87 78
100 18 84 45 13 13
82 72 69 23 12 79
61 93 43 47 25 10
62 20 11 80 55 31
97 74 42 12 84 97
21 60 94 56 97 17
85 93 78 67 73 17
93 17 31 62 13 13
53 86 60 44 82 47
70 86 87 15 52 42
82 14 77 27 64 82
97 16 69 91 32 89
47 43 25 70 95 11
17 38 86 69 49 20
29 59 34 62 97 45
49 38 25 42 100 20
86 25 39 37 25 19
27 54 57 99 36 13
12 41 26 93 47 19
43 16 69 90 71 75
0.0925458
0.11386
0.112234
0.0532838
0.0836321
0.0737755
0.107294
0.0970036
0.0501683
0.125785
0.0875078
0.119755
0.0870902
0.083564
0.123466
0.0722095
0.0291547
0.0721797
0.0338547
0.0641128
0.0282183
0.115356
0.115058
0.0845725
0.0772164
0.116478
0.0846189
0.110428
0.0709119
0.125231
0.0501726
0.0970375
0.101968
0.0352542
0.0334481
0.0279058
0.0582907
0.0354278
0.0975508
0.124757
0.0566809
0.0327523
0.0580516
0.0345988
0.0374585
0.0844702
0.10855
0.046818
0.0353786
0.0492627
0.0571051
0.0370947
0.0812524
0.123691
0.119801
0.118268
0.117147
0.0660397
0.0498305
0.086402
0.124889
0.0329362
0.113969
0.0546447
0.0698755
0.0435943
0.10685
0.0994265
0.121244
0.111176
0.124074
0.127169
0.046478
0.103512
0.123334
0.121069
0.0491371
0.0310773
0.0330202
0.0986188
0.107431
0.105102
0.0910841
0.12292
0.0938794
0.0941157
0.0773509
0.0577985
0.0893927
0.0702975
0.0322215
0.0611792
0.0565421
0.0816644
0.074618
0.120614
0.129513
0.0319761
0.0644114
0.0285225
409 144
159 355
163 106
356 434
307 127
278 314
286 223
165 67
211 342
180 215
289 279
92 463
429 498
288 199
143 145
84 273
335 102
234 448
419 337
27 97
340 495
444 401
295 159
88 427
373 299
478 349
107 9
287 263
413 479
468 267
405 436
161 378
269 222
300 418
359 193
59 252
347 310
469 306
47 334
418 239
276 325
465 290
439 7
415 441
444 383
291 233
191 268
480 406
9 430
221 153
264 152
95 434
55 126
311 148
50 488
346 317
372 93
3 94
30 378
160 17
54 360
112 397
233 300
173 492
239 452
217 464
155 261
462 395
242 170
346 85
411 85
68 152
244 106
332 76
190 439
26 112
57 92
116 281
150 268
401 360
356 318
123 256
102 81
207 335
354 289
29 146
391 418
126 428
384 244
215 189
383 45
373 21
338 200
162 276
155 249
308 435
455 442
208 43
156 167
89 349
