75
100
6
69 90 49 97 82 15
19 25 96 75 67 32
77 78 37 43 31 65
14 92 17 27 52 40
50 75 63 43 68 59
32 81 37 42 12 47
70 71 27 33 74 75
33 42 18 92 40 83
22 48 33 89 84 49
75 80 60 65 63 31
40 31 67 70 98 17
77 58 31 91 53 55
60 93 59 17 51 18
38 61 23 71 73 68
13 16 76 71 76 45
21 70 66 100 82 57
73 86 45 13 72 25
78 75 95 94 32 39
33 54 19 20 42 85
90 21 73 84 19 65
55 42 36 16 41 55
74 62 93 20 67 29
69 71 47 86 47 77
86 70 68 33 61 99
67 22 11 39 93 29
83 96 100 19 16 29
27 93 26 66 84 37
98 35 91 48 98 68
37 11 56 55 94 24
27 15 87 39 42 99
11 28 90 10 16 44
41 87 43 35 55 45
40 23 32 40 53 79
43 80 52 64 65 27
41 39 36 60 89 19
56 39 96 93 97 93
43 67 82 100 66 90
83 25 68 85 78 11
63 23 61 85 70 45
77 56 11 36 82 43
23 87 35 94 75 36
85 37 24 85 71 75
59 12 29 23 42 89
69 67 29 82 15 13
18 80 85 95 78 30
67 87 21 86 69 21
22 45 61 90 96 37
32 99 58 36 42 90
80 33 88 74 92 66
84 51 18 90 30 24
73 12 85 30 27 47
92 57 18 54 15 75
19 11 38 62 30 28
77 56 63 99 88 34
76 30 47 88 44 83
45 54 49 42 53 20
52 77 64 36 65 55
44 55 15 27 55 82
81 65 65 22 54 100
47 70 57 32 37 83
69 49 71 31 12 76
48 44 59 11 77 93
82 27 55 66 64 85
36 10 48 19 80 52
29 47 81 86 45 64
50 14 23 21 72 80
51 100 81 46 12 58
85 82 45 18 22 66
31 15 51 82 50 16
55 21 28 11 83 90
31 76 43 49 24 88
38 78 51 39 30 52
55 91 61 31 24 40
12 92 46 18 48 68
53 29 16 66 89 82
16 47 54 71 17 25
87 91 31 26 85 31
79 86 22 14 96 54
95 92 69 70 68 41
36 17 40 97 18 100
91 97 86 33 46 76
51 15 26 23 64 89
60 12 46 26 28 81
62 96 78 45 68 50
44 55 23 36 43 76
54 68 57 69 20 19
29 80 68 18 95 55
49 43 44 56 70 99
89 66 50 43 54 20
21 80 36 45 15 24
97 12 58 93 48 32
60 64 53 52 77 63
48 94 72 63 100 58
69 86 21 63 49 95
34 66 30 28 25 15
85 61 37 47 26 61
14 37 30 92 60 100
58 31 21 23 61 16
14 24 35 41 18 90
52 95 40 61 37 94
0.0556602
0.113044
0.0917499
0.0739513
0.0311455
0.0625882
0.0718515
0.0840951
0.0330459
0.126261
0.0403805
0.100222
0.0714601
0.0872519
0.126158
0.0469977
0.125265
0.0689953
0.108598
0.061474
0.05485
0.0870667
0.0856744
0.0636361
0.10669
0.116551
0.128543
0.0990248
0.0317126
0.112811
0.127821
0.0331699
0.0324259
0.0738766
0.128562
0.0338065
0.0774825
0.104185
0.117195
0.123804
0.0375827
0.0320145
0.0307287
0.0569718
0.0478061
0.087823
0.0798997
0.0378402
0.0629471
0.0529001
0.0821867
0.118369
0.120338
0.0628973
0.0689411
0.0452123
0.0908439
0.0686154
0.124536
0.0754634
0.103932
0.112657
0.0974795
0.0276409
0.046993
0.10903
0.0975472
0.122963
0.0901695
0.0756917
0.0954342
0.0697565
0.0449723
0.118965
0.0975352
0.0292
0.084109
0.0388314
0.0477103
0.0960556
0.0465153
0.0704701
0.104991
0.0310188
0.113409
0.0851773
0.119013
0.0537127
0.0293525
0.0825474
0.0990896
0.122619
0.0675513
0.0918523
0.040369
0.122851
0.0897676
0.0862251
0.1221
0.0881877
70 142
204 450
440 215
90 143
181 65
367 248
147 78
445 56
49 40
3 449
88 143
274 170
346 435
314 162
472 464
41 165
153 46
282 203
73 144
383 80
263 85
483 474
353 440
96 423
216 202
433 330
94 121
311 488
245 118
258 166
150 218
209 321
366 50
309 364
78 166
145 486
481 275
66 489
36 188
265 310
151 231
260 133
427 3
359 126
140 386
235 383
326 301
451 437
153 247
18 488
97 71
175 363
9 225
105 275
176 289
91 15
385 390
478 287
449 425
321 262
275 293
369 154
229 124
343 264
385 326
144 191
459 289
299 18
333 456
447 315
332 107
489 312
82 444
116 120
33 410
126 26
455 368
143 205
476 349
1 182
197 69
335 204
64 155
98 170
269 53
347 385
234 211
168 418
478 230
389 282
452 450
46 62
174 427
237 112
23 227
33 368
250 215
422 309
261 173
215 55
