72
100
6
84 56 21 65 47 14
94 77 28 49 78 91
70 76 72 46 30 67
69 20 27 38 19 43
47 63 65 15 18 53
94 85 72 82 56 79
56 17 46 63 43 79
77 71 81 96 32 76
32 64 71 96 86 34
98 94 51 39 11 83
45 36 56 99 10 91
41 54 78 39 44 12
23 92 15 69 13 75
54 75 67 58 95 26
42 20 93 15 57 15
21 98 97 16 76 43
24 97 20 87 99 67
16 11 47 73 97 83
30 80 95 77 27 23
62 74 61 100 78 65
28 64 75 61 73 41
58 30 14 87 79 22
67 48 54 47 84 47
63 38 39 89 63 71
96 14 97 44 71 72
63 65 77 79 11 39
87 29 59 55 25 81
14 22 43 25 45 98
12 11 93 90 45 38
50 30 97 97 100 35
88 57 33 100 51 32
56 38 51 21 20 72
51 36 55 74 95 13
22 58 54 61 52 51
38 69 43 77 86 20
62 85 42 80 33 37
64 35 63 53 16 92
67 11 48 44 53 61
18 32 70 60 12 96
43 81 33 48 97 11
74 59 38 81 40 88
78 93 76 57 34 91
14 48 14 46 91 76
21 62 55 72 42 100
58 33 32 62 46 65
89 72 62 35 82 25
92 16 55 14 100 97
74 57 76 64 71 79
62 39 44 42 34 82
75 87 42 74 82 65
17 27 32 66 69 38
16 34 35 17 90 35
98 14 51 62 23 18
45 100 80 86 17 80
43 88 11 28 75 27
91 45 19 41 72 17
83 98 39 79 28 98
32 61 44 34 93 16
43 55 78 80 91 29
10 20 15 87 96 70
91 78 95 25 46 43
55 52 78 37 23 14
70 40 52 59 39 68
15 78 100 93 36 60
94 50 99 72 29 79
97 58 20 33 12 16
63 52 53 27 44 48
47 67 76 24 47 36
57 41 40 44 53 49
27 61 62 52 14 98
49 92 87 16 62 71
66 45 42 70 61 38
51 21 44 92 15 71
23 42 83 97 31 23
33 78 99 20 74 37
59 96 86 21 13 82
42 30 52 84 80 96
34 47 51 70 79 70
13 18 34 46 88 87
22 28 10 91 90 46
18 80 85 90 29 57
20 73 31 36 45 84
42 37 24 16 34 38
48 79 95 42 71 21
99 20 48 93 25 87
17 58 64 77 49 88
23 85 88 27 65 22
78 77 18 100 54 18
50 65 42 53 24 45
100 72 32 33 50 64
91 60 16 93 52 82
60 97 78 17 73 35
41 93 99 15 74 97
30 69 85 74 81 64
90 46 72 10 65 58
14 71 32 87 98 38
16 92 17 88 100 62
28 46 85 53 83 16
96 70 62 37 60 63
74 82 43 63 80 19
0.0551787
0.105707
0.12423
0.0311657
0.100047
0.0728333
0.117265
0.0539807
0.0382799
0.0689221
0.052954
0.0776349
0.028833
0.0575441
0.123541
0.0899477
0.0609675
0.0866949
0.0977502
0.0598628
0.108629
0.116905
0.0857037
0.0813053
0.109821
0.0336312
0.0995661
0.0748668
0.089894
0.0381152
0.0476552
0.0723714
0.0346184
0.0822797
0.100751
0.0459078
0.0263159
0.0799506
0.072777
0.117689
0.0898363
0.123729
0.0902475
0.0648917
0.104901
0.0641851
0.0558079
0.0876609
0.0446745
0.0664761
0.0564323
0.115248
0.0578109
0.11676
0.0428974
0.0339111
0.0687757
0.119674
0.106428
0.041569
0.0540934
0.10284
0.117539
0.121265
0.0711005
0.0893415
0.112874
0.114775
0.117065
0.0813937
0.0800046
0.070715
0.127751
0.0539293
0.0451717
0.0601618
0.0573421
0.0702634
0.117739
0.0281034
0.129224
0.0725694
0.0736665
0.0502376
0.127919
0.0637016
0.0535721
0.0805469
0.045208
0.122442
0.110673
0.0853737
0.128079
0.129797
0.0606009
0.115968
0.0453808
0.0791296
0.0344657
0.084693
105 70
1 127
314 470
251 491
139 157
131 235
195 200
158 392
254 465
495 442
444 163
419 281
66 481
207 178
390 414
112 365
371 20
41 13
65 18
357 146
453 323
428 287
204 60
227 94
299 51
168 441
118 282
205 326
55 113
199 31
362 209
124 164
335 250
140 419
309 372
137 6
251 475
360 194
201 96
193 335
454 215
310 157
199 410
11 473
183 349
308 444
282 456
93 314
500 431
349 448
349 307
183 8
288 442
277 301
22 136
382 300
309 131
88 52
136 46
478 412
481 15
482 15
133 186
142 81
225 70
106 414
361 267
214 131
374 73
141 369
441 123
136 342
429 232
79 197
249 103
413 178
229 26
467 370
493 124
182 440
199 498
411 394
115 168
261 74
394 390
303 409
387 163
332 464
438 357
264 483
445 199
430 7
128 352
214 437
470 364
195 167
356 224
44 341
284 250
395 145
