5
100
6
82 63 44 49 36 77
35 39 43 54 44 56
78 43 60 87 55 51
91 82 90 99 17 36
53 28 30 77 65 64
74 65 40 28 36 33
60 55 95 80 33 40
41 83 89 60 56 43
50 86 72 62 54 27
19 29 100 99 86 72
17 24 18 13 53 52
64 63 76 49 37 64
28 81 70 97 91 20
38 15 54 80 69 85
48 83 58 91 42 38
11 98 91 57 87 73
25 42 21 58 99 17
20 40 49 25 19 84
27 86 84 26 29 47
58 74 29 68 86 66
70 52 34 46 41 78
78 83 82 74 14 72
20 98 32 78 39 14
10 87 96 91 80 53
30 95 14 18 34 40
78 62 28 47 42 66
10 41 84 31 43 79
72 34 70 28 39 55
91 95 78 69 23 70
40 92 79 71 93 80
98 20 84 27 94 14
91 54 19 81 57 80
52 42 82 30 52 92
47 35 19 92 50 15
94 63 35 62 39 70
98 37 82 31 47 67
13 31 43 30 97 33
94 19 78 50 65 62
34 75 93 31 98 83
31 92 39 26 10 43
95 37 78 51 47 53
82 17 83 47 87 53
42 54 19 56 41 94
69 77 65 94 27 23
88 97 43 31 42 75
95 82 17 13 100 27
87 68 100 23 75 41
70 49 29 87 35 95
74 88 76 53 91 61
48 56 83 28 28 50
71 81 84 20 18 12
74 91 91 43 32 61
68 44 71 45 17 14
10 49 22 86 23 36
17 66 56 25 80 99
34 88 12 66 89 74
100 75 96 84 55 77
39 78 96 11 93 81
48 34 76 73 56 27
22 87 47 93 11 12
21 32 99 55 35 75
14 22 40 96 56 14
56 38 57 35 26 42
73 89 68 51 11 39
95 23 65 62 70 38
62 28 98 62 17 60
99 73 14 82 96 13
27 90 73 56 57 91
96 57 31 20 39 80
75 91 77 11 47 67
72 52 94 31 87 92
86 61 70 82 97 69
88 60 63 22 87 60
14 98 73 64 63 61
35 40 91 40 97 73
89 18 39 68 39 38
22 27 42 43 45 80
36 34 60 10 84 10
25 93 75 75 26 78
75 96 49 22 31 55
44 30 52 69 88 85
85 56 76 73 28 43
100 23 75 99 63 37
37 81 37 79 70 73
73 37 80 83 57 48
100 48 76 63 94 57
85 67 18 10 82 39
45 36 61 100 44 91
56 29 97 86 92 87
36 69 50 46 75 64
66 13 61 71 21 13
11 61 42 28 84 59
86 49 10 58 60 66
20 26 54 89 65 11
21 60 64 40 45 83
24 50 32 80 72 48
44 98 94 12 34 10
90 30 85 34 48 96
16 52 11 51 56 34
22 74 68 70 68 11
0.0961841
0.104688
0.0432096
0.0472685
0.0696504
0.0314814
0.0420485
0.0961435
0.127488
0.0547371
0.0572323
0.0510895
0.118283
0.0954832
0.106317
0.0910343
0.0569548
0.083384
0.0859432
0.0709673
0.0431828
0.0993283
0.0413701
0.0758599
0.026129
0.0444999
0.0263263
0.0720852
0.0381594
0.0559176
0.0264303
0.0817323
0.114038
0.0895689
0.123099
0.11069
0.0604808
0.0702434
0.0995577
0.101438
0.081521
0.118993
0.0507614
0.105786
0.076808
0.0679521
0.0861703
0.0521075
0.0483357
0.0556445
0.0365499
0.0287609
0.111775
0.0555987
0.0438156
0.0920933
0.0969171
0.0657354
0.0542029
0.0928631
0.112021
0.0514704
0.0303403
0.0613668
0.0271102
0.0468891
0.0772478
0.0920653
0.0837585
0.0925638
0.0691778
0.109359
0.106412
0.0763727
0.118967
0.105322
0.0376269
0.0982915
0.12848
0.047547
0.0651933
0.0441661
0.126493
0.0537471
0.0527502
0.0273206
0.107809
0.0949718
0.0573243
0.103598
0.0508086
0.123894
0.128528
0.102035
0.111534
0.110036
0.104122
0.0570868
0.126234
0.0798692
21 271
110 430
124 89
302 440
191 462
140 210
212 488
238 206
376 287
389 263
392 463
347 255
181 113
339 245
15 328
222 22
229 240
403 330
420 78
190 368
187 493
499 221
118 142
107 41
189 165
187 201
193 180
494 401
436 463
62 259
475 216
274 304
295 329
366 310
152 227
75 441
245 412
232 256
447 79
257 404
471 387
88 28
163 241
471 439
69 452
322 451
332 284
497 351
445 178
423 376
306 91
15 222
302 238
314 51
78 225
32 43
376 173
420 312
487 365
99 101
30 271
329 311
94 187
344 346
218 138
302 346
146 179
284 381
364 141
97 490
195 74
244 408
19 182
195 251
279 379
474 464
291 69
250 462
380 472
308 93
489 71
109 213
63 406
139 489
123 328
276 33
469 100
23 228
4 226
367 457
241 278
252 185
196 82
263 274
230 228
19 412
268 80
31 20
397 469
103 405
