10
100
6
74 34 55 33 66 52
40 68 91 99 74 71
36 89 58 65 86 10
97 79 25 11 28 16
77 72 12 24 76 35
76 48 18 57 25 12
89 44 68 66 100 46
19 42 47 40 53 14
77 59 95 13 14 19
66 44 55 100 81 51
89 88 30 47 32 39
45 57 86 46 22 31
74 36 78 22 47 34
32 16 61 16 79 76
82 91 20 19 93 87
92 10 38 61 22 96
37 67 50 64 24 55
60 51 87 38 12 74
11 38 44 90 33 64
42 42 73 49 10 13
28 100 80 31 67 37
72 21 60 66 84 83
92 69 68 34 34 71
78 82 85 68 76 37
16 90 87 80 50 46
90 36 22 66 89 39
65 83 92 24 70 65
35 45 26 76 52 40
51 87 49 94 12 25
91 39 35 90 66 29
52 12 96 14 33 32
10 61 82 84 76 23
80 29 80 49 15 54
13 62 31 65 85 55
27 90 93 62 82 95
38 44 99 64 26 19
45 100 38 37 46 53
36 12 47 34 24 78
26 31 39 35 72 91
15 99 89 55 70 30
26 35 78 10 85 31
68 63 35 56 70 15
15 58 35 29 50 39
87 47 81 53 84 34
48 68 69 89 95 12
93 94 35 20 71 39
49 99 12 59 43 11
37 52 87 13 97 94
62 91 39 28 32 77
57 21 50 99 90 34
10 62 59 48 68 78
55 74 86 75 22 32
37 33 25 91 64 41
77 83 88 81 33 79
32 41 38 78 24 28
36 85 69 55 42 77
47 84 73 52 16 31
90 95 27 43 99 55
45 74 81 31 13 57
59 15 34 83 57 78
44 88 71 37 18 47
28 22 51 87 90 27
72 56 16 58 45 18
14 39 77 17 53 73
94 37 32 81 40 32
54 87 13 90 71 97
37 60 39 89 49 82
27 10 89 28 50 89
35 53 52 37 47 26
21 58 64 77 68 70
58 97 67 56 35 60
80 32 90 72 65 60
37 87 98 28 33 59
16 86 75 56 43 52
53 69 42 31 11 87
65 35 33 30 23 67
97 34 54 81 62 98
49 30 23 57 69 88
75 28 40 44 86 32
53 68 89 61 47 94
35 33 33 95 72 62
33 81 27 92 73 28
26 83 98 98 77 98
85 10 79 19 42 68
77 96 97 43 71 68
34 22 24 97 46 13
85 85 24 62 24 32
50 71 25 17 27 17
19 12 29 77 60 42
62 56 15 10 78 50
35 89 79 47 91 93
43 44 81 10 24 14
46 13 26 67 95 39
65 41 98 18 78 84
19 10 79 21 60 82
99 40 70 58 45 46
77 33 57 72 61 85
46 84 54 44 52 20
64 11 77 70 25 35
72 24 44 85 54 91
0.107224
0.0309528
0.112486
0.0912013
0.117009
0.039542
0.0697588
0.092482
0.0835827
0.091867
0.0421505
0.0994505
0.0412211
0.122306
0.118797
0.091328
0.094566
0.0359069
0.0974607
0.098696
0.0451204
0.0658667
0.0478563
0.038898
0.0776143
0.103
0.0640284
0.102562
0.0485627
0.0346771
0.0677891
0.0617612
0.12401
0.12923
0.0889588
0.123157
0.0295482
0.0880385
0.108692
0.0818072
0.0382439
0.0367041
0.0423647
0.118809
0.0320114
0.0348906
0.118641
0.0827154
0.111565
0.051711
0.0324403
0.0444891
0.0294916
0.0351739
0.0574679
0.0973272
0.0577764
0.0793413
0.10892
0.0850477
0.0400242
0.0381356
0.103109
0.0552616
0.0615851
0.113879
0.0294721
0.084926
0.03365
0.0312673
0.0986475
0.0618277
0.10798
0.100668
0.110523
0.119509
0.0733924
0.0379311
0.0796536
0.0614804
0.0799344
0.0793557
0.0264707
0.0720239
0.077122
0.0514078
0.0479423
0.0620775
0.0574961
0.108555
0.123841
0.072992
0.0975324
0.0366198
0.10024
0.0446592
0.043447
0.0597319
0.0343394
0.122386
493 409
47 127
234 386
148 6
446 398
173 313
210 376
257 329
399 383
11 162
358 120
203 318
411 305
374 16
2 278
239 338
364 327
337 407
2 406
96 235
111 86
29 62
483 302
424 204
339 44
431 196
289 269
148 198
156 390
279 340
219 359
192 464
404 479
39 361
302 364
45 235
362 235
208 411
75 109
416 358
220 306
91 263
432 395
225 139
33 274
152 195
264 483
189 5
81 189
290 464
13 3
355 334
439 323
87 78
204 249
282 173
42 93
379 20
342 461
293 223
280 350
70 220
431 291
229 76
98 43
101 34
121 432
251 498
103 94
210 412
302 488
270 407
58 16
168 293
122 72
284 238
37 313
16 384
44 464
62 150
107 456
41 358
170 329
475 493
373 374
155 493
320 171
182 248
323 243
491 231
278 343
282 289
177 445
6 411
445 251
360 220
466 21
338 356
99 99
278 27
