4
50
10
47 44 57 48 43 33 33 84 93 19
78 63 95 83 77 71 20 71 19 16
99 34 53 95 60 32 57 51 75 88
41 68 63 92 90 35 73 23 66 80
97 85 92 93 51 21 58 11 36 79
31 50 52 86 40 44 82 75 83 85
68 31 62 13 95 54 12 80 31 46
44 86 54 100 69 59 80 72 81 35
88 88 37 76 71 79 87 70 47 49
54 46 39 54 51 11 14 11 65 93
51 70 85 36 52 67 45 40 53 42
63 36 66 66 13 52 60 90 92 78
85 48 34 14 60 86 93 94 17 29
16 28 27 64 13 62 40 89 99 60
98 18 33 38 12 17 19 45 82 26
37 69 57 30 47 21 56 70 50 95
59 48 70 60 12 100 46 61 52 15
28 51 33 34 84 61 96 83 32 49
70 33 72 44 27 29 76 54 92 78
83 28 84 14 77 39 17 10 53 94
28 12 75 50 61 65 75 59 14 75
94 84 40 79 94 10 37 75 98 48
37 22 30 14 56 42 67 37 36 41
66 29 57 51 54 63 75 69 44 98
45 57 15 43 41 88 21 50 72 35
22 89 83 75 21 40 33 69 39 31
55 49 74 31 46 27 14 39 48 53
11 79 48 96 52 72 78 90 17 90
36 31 26 95 13 18 76 37 77 72
56 14 61 95 62 42 47 33 96 63
43 18 49 98 95 80 78 39 31 93
61 51 40 37 31 95 32 52 100 25
91 82 59 21 36 51 85 86 98 17
85 82 86 20 57 65 88 13 11 67
47 13 12 18 40 90 96 22 37 19
98 18 27 19 15 15 35 46 73 68
40 57 29 46 91 10 65 38 81 88
81 99 57 87 78 74 58 63 44 47
76 47 23 87 85 85 28 51 94 78
84 18 33 60 27 70 30 44 13 33
13 46 28 40 84 60 49 42 13 64
52 39 40 83 43 57 97 75 11 85
37 31 16 39 80 97 41 18 37 13
17 60 23 20 62 26 46 12 23 47
76 14 86 95 19 100 63 85 84 23
25 52 44 96 57 22 44 95 77 17
15 63 84 12 63 69 93 45 60 90
33 76 54 80 52 35 21 69 42 98
81 38 43 30 78 72 62 73 37 43
40 98 78 70 44 85 90 27 42 86
0.0907556
0.0804135
0.0742241
0.114407
0.0663371
0.034941
0.118032
0.0323522
0.125975
0.067141
0.129314
0.033995
0.0512362
0.12858
0.114986
0.0298664
0.103137
0.113294
0.0562465
0.0300779
0.0908049
0.126133
0.0886843
0.0595678
0.0620045
0.0929836
0.0509324
0.0919432
0.0565042
0.0999115
0.0631235
0.126043
0.0836679
0.108682
0.084538
0.0431179
0.0441496
0.0749785
0.108852
0.0356679
0.0833533
0.0382572
0.110978
0.0916967
0.0398269
0.045754
0.12899
0.0417794
0.120443
0.104776
5 156
485 4
163 446
305 370
140 230
298 147
483 193
493 370
114 475
187 444
6 266
483 321
60 481
168 442
180 335
15 477
248 285
379 218
85 214
266 105
51 298
181 190
419 175
241 427
467 446
64 31
438 158
371 149
328 380
484 16
143 410
35 306
298 494
307 129
367 140
35 428
147 243
14 384
214 474
95 227
260 436
276 328
109 124
443 382
56 232
395 66
247 2
476 126
492 196
439 476
