30
50
10
89 27 76 63 96 96 49 98 52 67
59 75 95 31 13 14 87 22 10 91
60 48 32 15 17 95 87 56 20 42
58 52 85 60 58 79 43 55 31 91
74 19 55 20 77 54 86 50 37 33
79 22 27 41 85 94 86 49 59 71
60 64 13 42 73 63 33 17 53 98
67 74 57 37 35 82 77 22 13 29
81 15 91 11 75 76 86 95 37 96
86 67 37 92 11 97 75 25 20 65
21 15 77 11 65 19 36 64 54 76
86 60 17 67 63 37 87 84 94 41
53 54 70 57 37 95 71 14 48 19
80 49 59 93 19 56 88 89 31 73
58 14 86 39 62 25 95 66 89 54
26 91 17 66 55 85 29 30 58 50
11 53 30 70 48 30 59 33 62 73
69 69 56 51 28 23 61 62 46 64
94 84 87 80 18 59 46 86 69 78
58 34 39 24 82 50 73 84 90 47
61 80 23 38 82 44 97 67 64 62
51 11 39 25 40 12 93 76 99 45
11 95 13 15 50 67 91 16 14 100
42 71 68 68 70 10 28 32 71 14
69 28 29 66 58 62 88 56 12 29
96 14 33 76 37 74 95 58 17 33
31 29 39 75 17 10 60 37 78 87
69 65 90 36 39 69 52 84 85 63
31 38 22 82 13 84 95 84 73 46
98 71 42 78 94 70 76 57 16 64
67 77 89 68 32 16 56 15 48 38
61 49 63 57 33 42 25 16 92 64
25 40 70 31 30 100 68 64 12 63
69 54 49 19 67 92 79 33 96 47
64 29 93 85 65 47 53 32 61 79
25 55 21 64 68 10 70 14 61 72
64 81 38 97 94 29 86 65 54 18
99 46 77 41 71 50 14 45 51 34
36 42 58 16 45 24 22 58 37 79
81 41 74 41 72 83 87 49 40 87
45 75 25 55 71 90 52 14 19 78
69 56 17 53 72 55 43 10 20 50
29 14 26 98 82 81 25 80 65 24
34 96 99 29 21 16 17 24 95 34
49 70 54 67 14 34 27 50 83 79
65 75 19 44 42 91 92 67 62 13
41 75 52 30 70 82 14 49 58 85
15 95 98 47 10 53 75 95 75 26
21 68 43 78 19 46 60 77 84 68
42 83 28 33 21 94 65 18 50 21
0.0655815
0.0921357
0.103256
0.0456238
0.0683803
0.0889763
0.0358489
0.123804
0.0330606
0.0845144
0.0985567
0.110884
0.0726319
0.0732558
0.0433589
0.0461179
0.0788263
0.0741107
0.083558
0.0904113
0.0798596
0.121037
0.0982242
0.106103
0.0266387
0.0609646
0.124641
0.117828
0.110409
0.0436418
0.120856
0.0296342
0.125462
0.124246
0.0298521
0.0538901
0.0786436
0.0455878
0.0625139
0.0573671
0.0669973
0.0755193
0.0267254
0.100575
0.124411
0.0293664
0.0902364
0.0800648
0.114125
0.055123
316 239
362 311
53 465
149 429
88 226
139 108
344 327
385 163
4 176
281 437
343 164
250 114
363 436
327 198
18 91
108 44
117 172
301 261
318 489
48 355
171 416
145 281
172 0
231 178
488 46
143 280
394 370
411 32
268 107
461 282
56 299
58 429
45 264
414 220
459 452
185 44
8 353
288 114
127 111
116 347
106 385
126 386
449 58
0 333
420 265
414 360
425 466
212 119
107 336
381 273
