38
50
10
82 93 100 67 14 19 88 85 28 22
56 98 63 31 82 39 49 27 29 99
92 47 30 42 29 95 93 29 80 13
72 49 98 33 25 52 90 63 30 38
93 68 33 32 60 61 98 11 76 75
46 77 36 28 91 99 23 17 16 28
65 24 29 77 93 43 48 78 89 62
38 55 25 26 18 13 98 78 46 23
18 71 56 54 71 62 71 58 12 76
14 99 13 19 77 62 59 14 11 88
22 14 86 58 75 22 89 44 32 42
40 19 67 97 61 65 31 73 86 68
63 85 92 68 88 76 38 78 80 55
86 63 10 45 44 28 78 46 76 40
80 22 14 18 50 63 56 36 96 25
14 61 89 50 64 71 91 33 90 96
85 25 63 86 18 28 89 45 57 97
47 20 28 10 96 93 13 41 19 33
77 94 97 11 20 20 64 63 91 74
39 58 56 56 10 86 36 85 59 50
23 22 39 77 63 13 90 50 32 11
25 43 30 91 39 59 66 42 40 21
64 48 43 98 13 67 10 34 17 17
58 38 11 66 78 19 87 79 83 32
89 95 62 21 83 35 41 98 64 37
47 37 12 77 68 95 11 49 53 69
90 94 96 35 46 100 71 31 88 19
88 51 91 99 22 36 45 36 10 52
52 10 92 10 72 54 78 86 73 94
44 77 84 79 81 45 25 84 55 55
13 93 79 13 98 79 52 60 57 72
68 55 93 65 64 14 79 100 95 84
73 85 22 32 29 59 16 45 71 88
86 92 87 63 23 59 98 76 17 20
97 11 48 40 19 45 66 35 12 53
10 60 92 65 26 15 52 59 47 77
16 87 91 15 36 29 22 82 87 34
75 82 77 70 92 76 35 51 63 63
63 37 16 47 80 31 54 76 72 83
52 100 94 34 83 29 19 39 29 18
51 31 53 58 28 64 87 53 95 89
20 69 20 22 63 65 84 95 20 42
21 95 40 73 29 62 74 89 100 35
73 60 14 49 27 25 43 83 81 79
64 33 62 40 81 100 55 80 61 54
38 73 43 90 80 72 58 44 51 76
86 92 71 92 66 85 70 44 33 20
78 31 43 88 48 58 79 68 98 34
57 58 42 39 54 44 75 73 12 83
100 72 49 38 81 12 31 50 38 42
0.0447548
0.0949579
0.0815195
0.114758
0.0848294
0.0283252
0.104545
0.0467155
0.0612831
0.0298331
0.0577318
0.0353671
0.0381775
0.0904264
0.0368717
0.114394
0.0891205
0.0404789
0.0835292
0.0655314
0.0382904
0.03886
0.0978524
0.0281722
0.115909
0.122038
0.121998
0.0955399
0.0679583
0.106658
0.097661
0.0978523
0.112368
0.0395487
0.0932801
0.0815473
0.0526699
0.0759013
0.106879
0.0626847
0.108762
0.0624881
0.0700614
0.0962532
0.0835743
0.122531
0.0519568
0.0864478
0.119623
0.121613
104 218
359 299
281 72
386 485
360 186
310 338
273 499
287 343
368 370
485 318
224 414
268 410
330 417
69 323
86 371
329 205
435 170
123 231
135 68
77 149
159 343
349 246
363 102
74 49
231 226
58 442
381 121
63 105
433 30
473 205
93 267
287 298
336 127
218 15
5 382
95 7
311 290
150 63
92 38
468 76
111 126
147 72
459 330
112 37
184 76
272 76
234 196
295 177
288 128
404 47
