4
50
10
22 100 64 92 83 32 30 19 63 24
36 30 77 12 59 52 60 87 77 50
36 47 71 53 21 97 56 72 33 95
41 81 62 54 30 59 85 82 97 44
67 88 19 25 95 86 58 87 48 64
74 91 50 73 31 33 16 62 77 71
99 70 39 43 92 21 53 11 46 22
26 94 74 17 69 33 97 52 44 48
65 11 99 74 43 78 53 97 85 61
50 66 70 13 95 45 12 54 85 40
38 52 33 47 25 51 87 38 31 59
58 66 14 74 61 10 28 11 45 81
16 14 27 80 49 24 58 39 35 96
70 62 74 13 80 44 11 64 36 14
80 36 44 16 65 79 53 57 68 53
29 18 10 52 14 67 24 47 95 29
26 89 58 94 84 92 98 22 41 14
10 92 23 95 13 59 70 58 94 69
38 26 39 76 99 56 50 28 86 77
67 11 46 59 21 32 36 58 23 50
24 63 54 91 67 69 10 95 55 34
33 10 67 90 32 71 94 85 69 69
75 62 14 37 80 23 95 17 75 80
71 72 33 64 63 49 92 67 62 97
10 60 58 67 35 86 20 47 32 48
16 70 53 10 44 65 62 10 83 20
65 64 41 13 15 89 49 35 21 47
75 35 25 61 11 72 62 90 26 16
39 84 22 56 85 91 49 28 59 68
63 12 65 21 75 84 44 43 89 53
95 63 27 48 77 15 68 95 80 89
53 43 15 94 62 19 24 82 37 20
95 33 77 38 92 35 88 86 60 94
63 22 92 78 58 48 78 14 73 96
89 30 76 67 49 39 87 56 33 52
82 88 52 82 44 93 96 97 68 62
13 73 26 97 36 79 75 73 32 32
62 63 62 57 98 76 20 10 74 68
53 35 47 21 73 12 65 80 23 15
81 27 77 100 34 62 45 56 26 65
12 42 81 89 22 55 34 37 55 96
66 75 54 78 29 100 56 62 29 76
16 57 10 29 26 22 20 78 80 58
13 66 23 19 11 76 16 89 47 12
37 15 30 14 34 35 39 94 46 88
85 63 86 12 92 43 89 84 31 56
43 39 50 21 37 10 36 76 40 29
79 32 77 100 36 17 45 97 54 11
73 79 77 40 42 21 43 15 80 32
77 55 43 98 38 40 36 86 26 45
0.101021
0.103315
0.064775
0.116563
0.119373
0.0953619
0.0721055
0.0303195
0.0850429
0.0411017
0.107524
0.0522296
0.0845089
0.0874889
0.0341113
0.0995962
0.0450012
0.0507336
0.0814026
0.123498
0.0754513
0.0508099
0.0489696
0.0325104
0.078367
0.103248
0.053079
0.0612378
0.0708579
0.0508327
0.109355
0.0800003
0.0940926
0.0977572
0.110828
0.086349
0.126213
0.0807459
0.0999515
0.129605
0.0336169
0.111872
0.0524413
0.124305
0.0858838
0.0342406
0.0772379
0.0354394
0.0415242
0.112476
100 184
205 406
305 207
86 492
44 219
308 392
302 39
134 95
408 381
357 349
19 133
5 226
181 57
375 443
334 370
351 128
335 121
494 456
415 154
479 160
349 267
240 463
170 466
8 176
18 100
404 483
84 366
251 92
57 96
477 42
122 418
132 312
483 257
76 431
171 266
210 413
99 23
486 456
401 482
289 422
103 420
320 350
433 109
257 457
284 80
407 89
441 296
326 23
295 74
310 141
