42
50
10
89 37 83 31 17 79 62 67 15 97
70 29 52 56 30 72 28 70 40 45
25 60 20 61 57 80 96 53 44 98
67 87 83 34 83 17 50 71 43 78
10 58 91 98 68 66 12 95 45 88
14 84 50 80 82 21 26 12 34 53
82 64 81 75 81 100 26 81 63 76
77 85 77 22 18 82 67 93 51 76
59 29 86 79 87 52 67 75 72 89
16 60 64 58 66 21 97 20 89 91
43 68 90 60 19 33 77 24 46 13
11 87 70 84 74 54 10 68 35 26
93 64 77 88 97 10 33 16 13 34
61 59 24 31 18 11 89 77 80 29
57 65 11 63 19 65 28 71 97 39
65 18 53 83 17 40 72 82 70 80
21 90 55 88 58 21 67 87 51 10
69 87 51 52 65 69 19 51 11 35
51 51 86 11 92 77 31 13 96 68
97 32 35 23 72 80 51 23 39 96
43 32 60 60 87 23 79 27 51 35
65 26 95 83 86 67 97 42 49 21
49 11 20 18 30 44 75 11 54 72
56 61 73 50 90 73 26 30 52 22
12 55 88 50 49 20 40 69 59 98
60 53 43 24 41 65 86 38 50 19
54 64 58 64 63 69 15 70 12 41
10 11 23 32 64 43 83 89 57 73
38 20 23 18 96 20 53 90 88 15
93 23 25 43 45 16 38 66 29 59
52 42 78 85 98 17 83 68 86 99
66 71 59 73 52 88 56 90 78 54
42 79 86 29 65 34 29 39 85 86
28 58 93 67 48 65 39 70 73 50
69 38 46 14 98 60 48 64 78 68
67 87 41 88 67 53 70 45 57 25
90 60 15 84 55 19 94 14 88 81
58 25 46 96 87 14 79 64 26 11
29 40 69 93 72 100 28 42 11 87
32 26 56 34 81 53 89 14 18 83
43 30 15 69 13 70 24 41 12 38
36 57 83 46 69 21 12 19 83 69
42 70 36 72 58 30 25 57 46 51
34 99 23 94 52 64 21 54 71 92
18 43 52 76 65 34 12 75 41 91
100 38 70 36 17 40 54 38 40 100
71 76 22 74 91 32 60 49 70 35
80 63 89 27 76 21 43 87 60 27
73 78 10 16 87 59 42 23 16 81
43 95 63 80 93 23 64 58 62 98
0.0278334
0.0915127
0.103493
0.10421
0.101493
0.106986
0.112544
0.0556194
0.105231
0.0617916
0.114694
0.11732
0.0483975
0.0317798
0.0414169
0.0280913
0.108231
0.0617703
0.0290165
0.0659379
0.0713311
0.102638
0.0768915
0.0536692
0.0712143
0.0740912
0.0302859
0.111253
0.0604472
0.0648515
0.0612029
0.111326
0.0956363
0.0929258
0.0350087
0.127693
0.0564731
0.0385036
0.100795
0.0897455
0.123238
0.0868822
0.0472978
0.0471778
0.0284826
0.0950517
0.124815
0.0872987
0.112174
0.0981815
241 305
220 327
41 139
245 24
306 109
315 278
102 102
158 349
165 345
493 17
90 207
278 219
35 159
484 459
68 64
290 209
187 384
53 83
423 62
88 61
492 161
419 206
2 340
4 432
441 353
198 134
334 481
239 144
221 38
392 375
190 310
198 426
166 355
166 353
487 117
284 403
398 285
308 25
299 281
492 131
153 235
319 455
88 452
117 116
202 252
428 245
260 345
139 144
437 309
411 157
