41
50
10
23 72 79 23 51 70 29 42 12 15
55 54 34 32 33 48 46 72 62 20
31 64 53 17 32 38 12 61 69 57
83 35 45 92 49 67 66 33 39 65
31 66 52 37 13 47 87 25 60 39
21 79 85 59 32 10 15 100 59 34
74 10 34 30 68 49 92 68 17 43
13 64 50 11 79 71 31 27 76 14
35 65 27 43 59 22 59 22 32 70
44 78 60 92 59 93 48 47 83 92
65 26 27 58 95 11 91 38 32 92
86 59 19 43 97 19 24 31 75 46
66 54 40 94 40 74 66 37 74 34
13 77 56 31 44 73 76 15 67 18
83 44 41 83 89 13 53 18 10 21
97 34 40 68 18 36 92 33 24 46
84 86 71 25 96 33 36 17 43 24
74 22 44 13 41 93 32 23 10 29
56 90 76 37 99 20 16 99 85 78
10 71 97 44 96 77 91 99 22 11
32 26 13 76 37 76 68 48 13 79
82 90 76 64 46 28 93 36 44 67
47 76 66 16 29 45 74 53 38 15
65 74 97 97 71 68 97 91 66 34
84 99 71 19 23 58 54 42 70 17
42 84 20 93 47 22 81 100 87 45
66 31 14 36 61 24 86 33 37 63
80 29 11 27 90 23 77 40 75 47
47 57 21 97 52 61 81 96 89 20
86 38 71 21 62 19 51 94 45 61
75 34 79 85 87 90 18 38 38 60
94 69 96 40 40 13 21 13 38 61
22 60 10 60 84 97 79 44 99 62
75 65 12 80 53 70 55 64 12 58
48 81 48 87 32 93 23 87 71 71
47 71 61 45 35 49 52 51 38 18
76 92 49 28 40 55 44 86 54 57
15 22 87 26 32 51 21 40 88 23
33 76 23 27 47 76 55 73 57 40
80 91 10 92 27 21 28 17 23 69
73 35 24 10 93 61 38 33 24 17
13 87 55 48 79 29 14 67 89 16
39 44 62 61 84 29 92 43 46 21
58 66 77 20 73 44 74 48 78 21
37 61 90 24 90 80 59 66 100 78
92 91 32 53 43 34 11 38 75 11
76 95 77 71 35 62 52 53 94 81
42 69 74 88 43 54 67 77 56 67
36 79 34 27 56 94 63 10 16 86
81 89 51 47 17 67 93 63 26 14
0.0359344
0.0556949
0.0486243
0.111357
0.107307
0.0337449
0.0441753
0.123694
0.0434822
0.0536127
0.0832568
0.125765
0.116188
0.0362629
0.0936142
0.087445
0.0638286
0.0699316
0.128634
0.0665098
0.0415248
0.0459437
0.104977
0.122534
0.0726497
0.0913634
0.0585118
0.0472972
0.054292
0.108626
0.0562327
0.0775036
0.1169
0.0941183
0.0856544
0.0477163
0.118637
0.0634865
0.0368764
0.118836
0.0386532
0.0759157
0.117009
0.051188
0.11058
0.0895254
0.119944
0.0963442
0.0463726
0.0732347
4 173
48 456
251 372
142 199
161 431
55 107
162 22
434 408
184 393
213 188
330 79
247 207
220 70
165 187
436 256
332 154
93 119
472 312
221 99
55 276
299 64
461 162
285 148
378 383
284 326
235 173
118 395
34 498
118 278
276 349
148 491
40 421
148 419
441 477
421 24
480 234
300 96
410 493
131 243
403 116
293 240
164 33
114 16
459 118
206 345
393 474
72 486
164 369
207 192
247 8
