22
50
10
47 78 10 94 60 49 43 19 52 11
44 99 59 63 72 16 43 37 43 66
80 36 95 86 33 61 35 80 29 68
61 19 18 99 96 93 89 41 14 72
74 24 78 74 77 48 60 96 43 61
65 52 91 78 48 96 96 61 91 57
16 71 71 34 78 12 34 17 36 36
52 75 87 86 23 76 73 47 51 60
29 60 55 44 59 88 61 95 71 92
79 57 70 76 52 26 52 85 50 97
73 15 83 90 11 42 28 57 53 68
29 91 41 28 21 49 65 46 88 96
44 87 65 67 45 33 86 83 44 86
53 74 55 16 63 32 47 10 85 63
48 77 28 24 68 69 92 73 85 92
57 51 80 37 52 69 18 83 35 36
59 67 92 68 14 98 51 84 55 12
47 33 69 95 76 47 80 87 42 85
31 69 24 31 94 45 39 63 19 63
66 13 99 68 50 75 46 29 13 12
68 12 71 97 63 79 55 52 66 52
77 39 84 20 34 88 31 18 61 70
26 85 65 75 37 82 33 18 63 16
90 89 36 15 64 81 61 36 24 83
66 66 79 43 42 18 26 44 53 43
95 91 60 36 94 17 58 21 41 30
55 19 48 61 30 27 84 69 35 31
70 98 76 21 26 56 54 69 86 80
75 81 26 73 34 10 65 30 28 47
61 77 23 46 60 38 93 88 68 59
11 34 10 21 98 83 80 77 68 58
62 21 51 48 31 82 95 92 27 20
87 75 27 36 84 43 85 93 17 95
23 66 36 50 12 65 24 87 49 80
59 90 15 38 72 23 85 33 52 53
61 62 16 54 75 37 58 45 57 49
74 41 60 46 22 16 80 41 28 31
58 39 26 89 21 57 35 24 47 99
78 68 17 16 17 99 33 12 70 64
45 66 55 64 93 39 92 38 62 35
12 61 41 28 28 72 45 57 71 79
94 15 17 41 61 66 70 55 87 11
99 78 54 93 29 80 11 13 80 100
29 54 20 96 81 53 57 77 72 60
71 90 10 30 59 76 89 98 60 74
28 74 67 49 62 90 51 32 36 94
16 97 65 21 21 60 36 40 62 92
30 73 29 83 39 70 55 44 78 49
49 14 23 24 14 17 12 74 95 47
83 25 63 10 99 87 62 62 13 72
0.114057
0.0958613
0.105613
0.104427
0.0921806
0.109922
0.107793
0.10484
0.120266
0.0830628
0.110029
0.0864638
0.126466
0.0261599
0.0709688
0.115265
0.0369372
0.112138
0.0522703
0.0913935
0.0882934
0.0708531
0.0358217
0.0608422
0.0890158
0.0358369
0.026661
0.0453105
0.0932638
0.0499107
0.0865037
0.0630515
0.0584741
0.122331
0.100422
0.124259
0.071589
0.0810818
0.100146
0.0581883
0.0759621
0.0393093
0.0305698
0.0348694
0.117422
0.0634265
0.085363
0.106881
0.105091
0.104446
380 246
233 295
371 192
329 451
21 489
159 334
279 224
327 105
62 465
475 384
362 360
181 240
205 123
71 233
151 267
400 442
279 384
443 25
436 411
41 154
294 290
150 276
440 150
444 317
389 10
251 25
254 200
94 26
428 217
355 455
361 366
126 69
74 209
15 222
16 72
451 408
92 261
279 183
498 328
3 213
385 249
75 11
252 376
272 227
107 97
408 323
168 455
133 240
433 18
109 454
