43
50
10
12 13 65 44 73 52 45 51 94 27
80 94 89 96 81 21 92 50 59 11
99 34 41 53 71 28 48 15 70 48
15 43 86 74 96 48 39 99 98 81
16 90 88 27 39 45 28 72 45 14
59 58 72 69 16 11 10 88 62 44
92 40 32 10 63 81 64 68 87 68
61 45 55 71 12 32 65 96 12 55
58 61 65 10 91 34 31 75 46 66
49 14 78 48 52 50 76 69 73 65
58 95 27 57 67 98 15 97 20 59
63 54 55 71 57 26 41 44 64 34
87 29 54 52 20 47 47 26 36 93
71 58 53 61 45 66 64 39 49 90
100 92 78 98 97 97 33 58 15 100
57 21 57 28 33 100 62 62 48 20
53 59 55 73 97 47 55 93 66 34
14 88 59 67 48 30 58 94 33 43
44 80 14 79 51 49 17 97 60 15
40 70 69 94 91 67 17 56 49 87
83 85 49 10 72 26 50 12 45 19
49 95 23 98 94 94 10 50 54 59
88 80 67 40 60 30 69 89 31 92
17 38 12 86 62 93 75 95 44 95
65 51 51 20 96 50 14 81 36 99
52 78 51 77 72 64 55 38 21 27
18 32 65 14 84 92 21 26 70 26
65 41 66 83 34 59 13 36 67 39
91 49 70 33 74 66 36 37 70 38
74 78 66 36 54 34 18 39 88 35
97 78 11 47 38 55 71 82 14 77
34 36 68 35 37 14 98 82 46 20
51 63 11 47 39 61 92 11 92 41
45 96 74 52 89 27 97 28 31 19
83 55 13 86 62 12 74 38 86 44
27 83 66 66 61 45 27 72 37 47
23 34 68 56 22 11 26 83 89 32
98 20 83 37 80 84 48 95 57 26
29 72 83 29 64 73 23 61 81 93
75 51 90 91 84 89 54 60 25 33
62 63 17 95 97 31 45 28 98 56
27 78 16 77 32 78 77 78 83 34
55 25 33 38 36 16 46 44 13 33
35 87 86 37 31 45 58 79 23 34
62 78 28 32 72 30 19 100 33 84
57 32 81 28 27 26 74 71 55 83
39 66 97 64 10 90 76 43 24 86
92 13 46 40 59 92 95 92 26 99
75 97 26 62 96 23 73 48 26 76
38 66 51 83 83 46 30 96 93 35
0.0521297
0.049206
0.125045
0.120706
0.0474451
0.0877773
0.10976
0.0533476
0.0434762
0.0791359
0.113109
0.0706689
0.102168
0.103254
0.0826975
0.0700976
0.0601712
0.0955157
0.0854922
0.0487914
0.0979652
0.0633667
0.116578
0.105363
0.0744619
0.0278515
0.098613
0.118701
0.0517005
0.0588802
0.0944028
0.0706741
0.0864223
0.107752
0.076199
0.127397
0.105305
0.0812288
0.0891009
0.0683369
0.0606628
0.102697
0.0886443
0.0338559
0.0659537
0.0819854
0.0821323
0.0514051
0.09969
0.0970167
357 134
120 443
138 498
282 291
34 486
197 100
149 102
434 254
57 228
440 132
498 92
216 58
120 104
80 383
202 73
410 431
304 273
457 214
172 197
71 249
412 229
312 222
40 243
215 97
390 338
382 117
203 144
268 449
342 64
383 59
177 427
65 244
3 214
206 250
441 88
123 228
25 357
232 165
106 408
45 225
128 136
27 256
309 434
100 45
127 28
222 334
138 408
447 137
464 131
137 401
