2
50
10
52 28 58 61 45 23 29 29 67 95
38 46 32 25 96 41 20 37 44 67
73 10 52 53 26 89 99 24 68 72
19 87 55 42 73 15 58 64 86 18
70 86 46 78 49 83 85 64 60 40
78 74 73 11 11 77 53 90 70 93
62 94 13 46 44 59 55 36 97 51
25 19 38 89 29 53 84 100 20 47
99 40 96 78 16 80 78 19 35 29
67 22 16 52 82 28 84 32 31 58
20 71 27 27 53 77 69 34 21 12
30 75 69 25 94 15 44 20 27 76
41 64 61 17 49 84 92 25 73 22
79 73 55 54 21 84 75 55 21 20
39 25 42 64 69 24 61 81 35 15
46 85 69 76 98 32 22 64 69 79
52 84 88 76 55 45 39 83 63 40
59 42 13 47 75 14 96 37 77 49
67 82 16 27 34 49 14 90 88 26
68 95 65 44 77 87 64 38 33 46
15 38 65 41 57 26 77 89 18 83
74 21 77 36 51 86 10 81 21 32
57 45 44 14 44 33 10 52 90 72
35 42 33 48 36 67 15 13 100 55
84 72 12 44 42 20 32 17 31 69
86 48 50 56 17 27 40 55 87 48
88 73 98 72 74 43 37 73 41 40
97 27 56 100 24 23 20 51 71 62
89 22 81 67 31 41 50 35 27 20
21 47 61 39 33 22 20 64 55 47
98 42 85 75 42 44 45 86 29 91
99 32 73 21 96 35 62 90 26 28
60 57 26 97 66 72 16 84 100 69
27 49 13 21 24 80 11 93 20 60
93 58 88 38 28 39 80 48 54 44
82 36 19 90 100 90 42 11 14 60
43 73 24 20 38 54 30 31 93 53
72 28 80 52 88 33 78 90 33 96
75 54 23 20 37 39 29 48 95 54
84 65 92 74 70 96 69 35 29 52
20 93 87 11 40 58 38 27 21 59
25 28 17 27 76 46 37 14 66 47
87 70 23 79 90 61 52 59 37 96
74 15 96 71 28 49 82 10 77 22
80 44 12 26 84 50 15 40 82 11
39 41 44 52 14 77 18 26 22 59
83 37 39 71 71 29 82 23 15 73
18 49 72 89 64 47 83 75 19 57
34 98 20 91 24 53 57 97 71 48
18 46 91 61 64 53 58 82 75 59
0.101144
0.118163
0.050065
0.0478338
0.086916
0.0504054
0.038667
0.0536223
0.0956866
0.110172
0.120062
0.0799476
0.0957325
0.0743834
0.0679435
0.0640002
0.0644116
0.111524
0.0383973
0.0439994
0.124528
0.123126
0.0956292
0.0285155
0.0911376
0.0688281
0.0866829
0.0554011
0.0748834
0.0715307
0.0470823
0.027426
0.0792344
0.0510482
0.108049
0.0260624
0.0890233
0.0444732
0.114398
0.0403223
0.0909825
0.116091
0.044397
0.0952713
0.0735463
0.0549244
0.111841
0.104247
0.0317056
0.115743
303 222
436 92
234 429
25 461
377 281
10 3
243 298
355 174
490 75
449 340
354 354
310 207
54 285
491 103
84 10
88 236
390 99
256 101
379 460
204 292
84 286
445 459
302 184
272 236
327 32
300 486
417 342
263 242
279 179
290 372
327 298
297 29
287 432
490 75
150 9
64 71
66 347
453 99
360 154
153 352
453 480
188 400
304 174
183 370
459 226
481 362
430 152
76 41
384 42
430 443
