39
50
10
79 32 33 76 15 21 28 52 80 98
50 97 63 17 20 44 56 65 40 18
65 80 78 95 25 50 66 42 28 55
63 32 94 66 39 64 94 69 57 71
23 35 21 31 28 22 68 89 80 25
89 86 54 64 51 79 17 99 41 47
64 60 85 89 39 22 36 29 65 12
45 47 49 38 89 72 19 43 57 30
17 21 98 59 86 16 91 35 75 44
10 47 68 97 77 20 93 98 49 36
55 43 47 37 18 57 33 22 50 47
77 79 76 85 87 58 36 95 92 51
17 54 99 28 69 44 19 20 72 51
58 33 57 17 51 47 66 24 83 37
87 94 92 79 40 64 33 34 56 54
64 23 55 74 60 91 41 27 21 85
16 98 40 35 90 83 71 76 77 63
64 37 66 69 12 74 11 24 88 55
54 43 10 72 22 39 17 58 92 58
41 84 34 33 69 46 36 23 30 66
20 62 91 83 52 30 74 36 12 25
82 94 18 12 64 34 62 66 51 15
47 58 29 49 38 55 73 84 31 94
89 22 13 26 37 79 62 64 65 37
42 12 55 50 17 56 83 40 85 82
60 41 27 58 74 14 49 87 25 64
96 33 58 70 27 32 87 14 71 73
47 22 95 18 53 28 31 84 100 66
15 85 72 70 45 88 96 72 69 30
82 81 34 39 34 58 22 76 90 31
14 77 15 23 17 83 67 35 68 78
87 16 19 83 49 44 69 51 51 21
34 54 84 100 65 40 58 87 38 51
97 19 99 50 63 63 49 36 82 79
17 59 82 28 85 10 20 61 62 88
80 50 11 48 23 19 69 18 91 24
81 27 63 90 28 35 14 59 61 38
36 42 94 86 60 95 56 55 10 78
57 97 76 28 46 66 19 72 32 90
14 14 92 99 14 12 98 18 16 34
99 18 24 29 20 31 45 49 96 66
37 75 48 37 57 76 84 81 89 76
78 95 58 97 56 18 40 34 11 80
81 67 70 11 71 31 41 35 66 27
58 23 87 25 54 62 26 46 24 88
47 31 37 27 65 10 12 14 81 17
41 97 24 49 20 20 50 78 87 37
89 60 14 36 33 79 47 33 25 29
64 42 43 50 10 56 80 99 99 37
14 29 96 98 25 91 80 70 30 27
0.0781999
0.105727
0.0525517
0.12881
0.122097
0.0410595
0.0997523
0.0616898
0.0704902
0.0281128
0.0953449
0.109569
0.0305522
0.11704
0.054548
0.0412367
0.0513426
0.0891395
0.116727
0.0673124
0.0768991
0.0413696
0.0406606
0.118214
0.104995
0.047489
0.114349
0.113881
0.0421888
0.0544882
0.102005
0.0283639
0.0526669
0.113558
0.0818804
0.0850585
0.124444
0.0794825
0.0591412
0.0804928
0.120021
0.0379213
0.0823419
0.0384561
0.0954277
0.0850537
0.079607
0.127264
0.0611207
0.0345041
374 322
356 229
411 453
436 110
338 79
28 403
64 89
413 164
460 124
62 408
35 298
145 351
3 78
22 48
492 94
227 493
47 357
352 374
436 126
137 47
279 200
269 265
172 380
427 49
167 160
475 440
451 385
70 368
197 294
204 56
64 500
319 277
103 8
427 397
285 226
341 286
209 101
434 217
110 117
89 481
17 205
29 45
203 31
428 227
7 242
143 83
266 438
389 229
401 425
29 152
