6
50
10
33 66 58 84 15 53 83 18 41 20
77 27 49 28 32 77 22 18 23 87
91 61 69 24 34 20 39 39 17 14
36 91 29 65 72 64 22 56 42 96
45 10 100 79 92 47 99 95 51 39
90 88 38 16 29 61 30 58 17 39
78 79 33 39 81 43 63 15 57 69
90 15 62 40 49 89 60 38 27 72
98 76 95 31 72 64 63 10 68 66
57 66 98 25 17 94 50 58 32 12
79 52 20 76 91 49 46 11 49 65
54 82 27 40 64 35 12 15 32 75
31 71 21 31 39 34 36 42 18 16
91 24 19 20 88 85 57 32 49 14
21 99 40 15 31 42 85 22 58 28
85 80 43 91 87 86 73 15 53 60
95 12 43 13 60 33 74 65 34 69
23 100 23 78 42 22 39 58 50 30
57 41 87 84 68 98 29 34 77 19
28 14 39 92 37 17 32 35 89 71
94 87 23 23 38 52 86 41 20 28
38 88 55 38 84 19 19 79 50 28
42 89 58 65 32 89 93 70 23 66
52 28 87 65 13 18 40 29 55 19
46 67 55 100 16 85 22 16 26 22
22 32 55 52 97 18 89 57 39 54
95 98 41 48 44 78 99 45 22 12
20 45 89 40 85 65 59 57 48 83
61 52 38 81 66 68 85 62 13 88
32 99 92 59 76 75 43 71 73 34
55 48 22 89 87 43 41 15 64 23
69 70 25 87 18 79 63 15 55 98
88 91 24 21 15 67 61 22 56 87
77 72 69 93 86 81 86 56 37 17
98 88 78 90 15 34 10 57 59 27
13 54 83 81 62 82 39 50 11 78
23 81 40 93 39 21 68 14 73 67
16 46 21 68 87 50 26 81 34 38
42 82 56 46 23 98 90 47 16 42
32 24 15 52 53 45 78 22 47 59
81 27 28 40 88 96 98 90 18 56
72 97 74 77 64 33 97 21 42 26
69 68 66 55 74 25 43 54 82 79
66 43 72 59 20 65 29 33 80 78
94 98 61 80 50 22 59 16 16 51
85 25 92 70 58 65 96 40 14 82
13 11 73 62 38 87 36 13 17 75
52 58 42 10 69 25 47 23 66 41
44 48 97 37 14 65 17 40 38 54
81 42 90 44 80 17 55 78 96 76
0.0281784
0.102904
0.06347
0.108464
0.117134
0.0598223
0.0780961
0.0625765
0.094878
0.047608
0.0349938
0.0728249
0.0393352
0.122113
0.0347674
0.0850667
0.115756
0.0501938
0.120357
0.113492
0.119967
0.0632867
0.0901703
0.0868131
0.0681764
0.0431128
0.0512462
0.0902705
0.0595667
0.0284333
0.04934
0.125107
0.0399856
0.128396
0.0476401
0.0465347
0.0448486
0.0984295
0.097093
0.0872357
0.0584945
0.110365
0.112941
0.0799852
0.104048
0.100978
0.0377156
0.091147
0.0967779
0.0683874
466 15
292 274
289 172
329 348
98 468
21 220
385 275
112 97
430 103
490 304
65 456
180 307
319 93
462 354
149 334
327 364
171 235
482 493
93 168
90 379
237 70
70 430
215 477
64 127
24 383
281 458
248 426
52 168
464 411
361 241
476 140
26 264
63 409
165 271
451 351
150 175
384 166
425 138
495 246
496 23
98 226
340 54
227 452
448 452
269 258
33 344
492 195
20 49
439 44
32 498
