47
50
10
54 38 32 66 73 52 73 35 48 24
14 57 70 19 91 61 100 48 70 71
52 56 85 85 42 76 13 84 38 74
61 59 81 56 52 53 84 35 70 54
93 61 60 42 45 51 30 42 54 96
55 90 83 83 51 57 100 22 80 21
71 75 43 95 84 36 11 28 38 85
28 37 84 70 27 51 84 53 43 17
37 78 87 48 10 88 62 28 96 94
22 48 100 90 25 76 64 34 88 77
82 86 89 79 51 87 31 50 91 30
21 44 76 60 82 65 95 30 15 54
88 94 43 50 37 15 67 23 59 89
13 97 81 34 88 42 67 73 12 16
98 46 79 47 91 34 46 76 30 70
93 86 79 98 44 84 90 99 33 72
53 34 28 28 52 40 65 89 55 22
81 39 97 19 30 38 34 54 97 67
95 78 10 35 43 37 96 83 89 10
29 52 56 80 70 11 100 73 15 55
68 60 73 92 47 33 75 26 54 20
93 24 51 39 38 22 35 33 31 20
67 26 46 12 84 75 24 100 57 83
21 28 69 40 55 29 18 48 34 75
11 53 96 78 22 12 68 38 67 82
88 14 56 91 95 35 42 53 46 26
44 32 93 93 87 10 55 97 34 72
83 47 80 77 58 48 57 50 82 56
11 74 32 47 60 76 63 54 58 43
100 95 26 43 19 49 99 37 86 75
88 73 49 28 43 17 88 80 38 100
96 20 61 93 64 100 81 21 99 96
83 63 34 20 65 85 78 56 46 23
30 56 94 45 44 37 45 93 24 59
67 86 35 14 57 94 37 66 94 21
62 28 62 89 67 69 26 47 19 49
44 65 41 25 32 35 86 40 65 20
74 77 72 93 40 83 29 78 32 44
57 41 67 54 98 55 84 19 31 15
72 69 36 42 32 67 94 55 25 52
22 29 54 54 26 80 78 46 17 53
59 51 76 35 77 57 45 91 54 10
81 94 95 21 26 60 39 78 99 51
18 92 83 96 44 44 12 21 47 30
95 84 69 19 53 93 36 23 63 59
93 24 21 72 43 46 25 89 81 45
59 24 22 51 92 83 22 27 32 54
32 75 77 39 88 71 19 18 44 71
18 80 99 98 42 11 27 22 51 69
10 62 76 57 42 19 22 50 20 32
0.125759
0.0682051
0.0391252
0.0461178
0.0900444
0.0499122
0.119446
0.089752
0.0758435
0.117086
0.0852418
0.106206
0.118787
0.0449432
0.0869473
0.0849103
0.110378
0.0744437
0.0632827
0.0332614
0.111048
0.102475
0.0801873
0.10481
0.122363
0.104786
0.0443378
0.127117
0.0262557
0.032025
0.0669238
0.104795
0.129859
0.0576962
0.115086
0.108592
0.0992563
0.0542858
0.05158
0.0731353
0.0626948
0.123388
0.103551
0.0296899
0.122103
0.066524
0.0900493
0.0407752
0.0626642
0.0398396
90 352
361 452
195 338
231 458
20 422
60 445
27 167
113 291
325 262
348 334
414 37
399 292
30 487
278 481
53 260
145 31
81 449
104 435
305 258
359 493
225 48
141 257
353 117
92 146
417 362
316 90
129 72
458 101
22 77
193 404
202 441
315 254
335 52
378 235
364 119
225 312
89 347
376 322
399 451
476 58
160 408
447 77
55 180
66 125
108 483
61 81
101 136
202 493
233 116
312 266
