12
50
10
46 48 52 32 87 89 55 28 23 58
48 20 68 94 78 76 32 71 99 65
31 67 15 88 62 21 83 84 13 64
48 47 55 79 100 45 65 39 57 91
39 43 19 56 52 39 86 92 20 71
26 79 32 69 38 62 18 42 10 80
59 44 100 60 68 37 90 91 17 36
42 27 73 73 69 12 50 96 32 67
98 86 100 91 25 55 63 17 34 67
26 33 54 37 68 39 12 56 14 65
89 88 58 31 99 71 83 40 87 63
41 84 11 22 30 91 36 30 89 94
31 20 10 79 20 32 45 72 94 24
33 56 33 15 35 32 84 82 43 22
35 96 71 82 64 86 45 67 79 24
31 44 75 89 87 45 44 16 25 62
17 40 50 70 84 68 99 26 35 81
51 31 86 91 52 32 73 19 85 98
26 48 82 86 39 10 18 97 37 47
52 37 49 16 53 47 58 100 48 68
94 49 82 10 24 44 85 22 69 39
44 42 93 19 75 67 14 43 23 52
10 62 95 85 13 30 59 40 57 69
71 91 75 80 86 47 11 33 84 23
50 78 54 80 85 51 69 73 86 30
69 18 51 70 27 28 27 46 16 38
15 41 48 15 49 79 87 64 29 40
88 77 73 99 75 83 74 21 39 78
38 52 68 21 41 99 18 43 20 16
60 21 50 13 57 50 14 26 97 91
37 81 37 76 87 61 48 67 47 73
32 78 61 39 49 26 36 62 97 77
95 37 96 17 42 55 48 12 93 36
41 98 40 94 69 94 86 97 91 14
26 12 14 25 33 27 29 60 71 61
39 46 77 75 51 96 58 61 31 54
27 34 93 37 44 30 35 99 77 75
48 32 94 85 55 93 51 73 42 75
23 15 33 72 97 74 96 36 14 65
45 28 30 46 43 96 50 26 10 74
68 64 35 70 99 41 34 29 15 70
21 55 10 20 77 43 41 13 66 68
71 77 78 49 99 78 47 44 15 83
74 77 73 70 38 47 23 52 86 56
84 10 60 26 12 63 15 15 64 34
100 83 97 51 74 77 51 99 32 26
11 13 16 78 44 20 49 57 94 95
15 56 43 91 57 24 91 46 76 30
43 52 48 24 64 11 54 51 71 40
83 39 42 32 48 62 73 60 15 86
0.0737761
0.0810185
0.0578371
0.0581065
0.0325869
0.0660181
0.0636668
0.0280645
0.027378
0.0366365
0.0306518
0.0999332
0.0953807
0.0496595
0.127582
0.0823191
0.0683807
0.058924
0.121342
0.108464
0.112893
0.0698734
0.0498271
0.0318896
0.0447066
0.0940681
0.104727
0.0819571
0.105107
0.0500567
0.0525342
0.0390079
0.0613915
0.0813113
0.0817098
0.109169
0.106584
0.123731
0.0472584
0.074804
0.0927471
0.101003
0.107188
0.113109
0.0594745
0.0520136
0.0586325
0.12304
0.0636083
0.0780206
354 194
360 91
274 479
396 294
499 64
407 221
179 447
244 45
188 304
19 6
175 217
201 418
136 383
428 25
452 208
165 463
451 167
330 142
135 118
10 40
77 133
84 205
99 103
93 105
357 166
127 1
484 419
367 241
3 304
84 220
102 386
149 344
398 453
459 74
378 248
73 336
390 233
374 170
83 195
48 29
299 332
111 452
139 215
460 333
354 93
79 262
217 447
180 311
75 345
33 375
