34
50
10
30 41 50 85 75 23 46 24 38 57
24 76 25 87 35 79 38 56 34 33
74 54 49 64 80 29 55 57 82 61
71 15 56 71 92 73 79 12 83 30
55 27 59 78 28 44 68 41 76 85
26 26 64 10 100 86 59 98 23 62
61 38 94 98 26 20 16 33 51 71
85 80 18 41 85 42 20 98 65 28
94 88 42 34 31 90 84 27 100 76
97 45 72 35 91 88 23 92 76 68
63 59 12 23 53 60 49 70 98 56
72 60 62 10 83 23 43 30 48 70
28 34 81 85 66 38 82 84 53 99
80 40 85 77 91 10 31 32 34 75
64 52 74 59 88 47 37 43 14 81
82 31 52 37 72 36 73 22 50 16
98 100 76 65 79 44 43 99 16 77
72 13 71 53 62 31 29 53 76 92
96 42 54 63 98 95 73 91 71 58
31 28 31 36 78 89 83 29 23 25
57 70 42 99 98 19 29 66 18 98
77 49 74 60 45 50 37 56 41 100
14 81 85 70 42 22 79 60 81 74
77 16 100 64 97 44 33 29 94 43
42 28 47 41 40 52 27 54 26 78
90 50 36 17 94 54 26 24 67 12
86 85 48 94 25 93 82 53 56 20
52 94 94 26 41 76 81 63 10 25
22 84 28 17 39 73 44 15 88 98
77 89 76 74 23 47 24 11 34 43
65 93 44 54 38 35 55 46 77 73
22 65 20 46 73 20 49 57 55 82
46 26 90 59 18 29 50 80 82 70
71 68 97 87 73 15 52 49 43 75
47 14 94 72 20 70 86 94 54 47
91 50 35 52 93 34 59 50 85 37
33 24 40 39 99 47 96 14 61 43
79 55 50 17 21 48 62 32 14 22
59 51 95 63 15 66 89 58 98 86
56 24 18 41 71 59 92 17 35 30
36 64 41 32 32 72 95 75 40 51
55 42 89 60 93 48 32 93 94 79
88 42 60 57 27 89 97 79 40 26
14 78 66 16 40 57 92 73 51 100
26 35 69 35 57 70 27 70 87 96
74 65 16 24 34 51 14 53 51 16
79 24 87 10 53 93 98 52 98 100
56 97 63 19 47 77 50 47 63 82
33 23 76 22 65 82 69 11 82 21
93 72 85 64 48 37 53 77 27 71
0.0888492
0.0707186
0.0826638
0.125696
0.0575251
0.128781
0.0868338
0.0350836
0.11198
0.083046
0.0830342
0.0956431
0.0826361
0.0717404
0.127491
0.12322
0.0513836
0.0625519
0.0774145
0.0326979
0.0559017
0.0751869
0.0412118
0.0430024
0.0309106
0.099792
0.0932362
0.105502
0.0669379
0.0470244
0.122811
0.0543558
0.0465152
0.0687749
0.043258
0.117744
0.109744
0.0548238
0.0962
0.109769
0.106238
0.0517741
0.048952
0.0662513
0.11476
0.12463
0.0276207
0.0680433
0.119511
0.0929508
240 163
52 303
266 494
184 265
213 276
211 301
176 398
418 183
497 379
349 343
460 95
368 20
464 393
358 353
15 89
86 478
415 196
208 71
316 320
247 359
133 229
96 458
454 495
195 393
282 70
124 223
270 297
184 382
359 341
128 156
87 372
406 6
153 96
316 130
107 428
350 112
409 420
331 462
31 345
180 83
73 111
233 108
258 391
356 238
369 73
131 311
337 21
338 253
200 222
461 326
