21
50
10
61 60 75 88 69 77 28 51 99 25
75 58 91 33 58 98 49 51 82 48
29 85 72 72 72 12 86 43 39 30
56 43 32 54 41 92 33 61 17 79
55 69 57 23 44 24 47 81 97 18
37 80 12 15 12 79 18 30 89 92
53 99 60 11 12 51 30 12 68 94
16 80 89 20 49 69 30 52 46 29
17 29 51 74 50 37 100 97 57 17
17 77 87 67 44 60 67 11 25 11
92 23 55 96 43 36 70 49 68 87
17 29 92 26 64 25 53 71 22 46
33 68 11 70 60 36 53 17 30 56
81 90 38 19 86 82 17 61 31 71
91 40 100 44 17 99 60 64 75 71
39 45 68 84 84 44 69 50 45 80
68 26 10 94 39 38 82 19 22 78
22 84 34 23 50 27 57 39 67 84
89 10 84 42 78 19 83 27 56 22
97 79 10 34 19 26 52 21 61 78
25 30 75 45 53 10 52 75 15 56
15 90 77 63 32 48 68 57 22 69
65 76 69 56 50 30 64 66 94 11
91 91 87 84 76 39 91 68 29 82
66 91 88 63 80 91 72 72 96 18
68 20 77 72 41 62 82 21 59 14
43 94 27 51 65 56 92 97 18 57
98 90 56 73 25 43 29 98 60 77
93 66 18 26 50 32 11 87 71 100
14 32 79 83 13 86 43 63 78 53
57 73 84 40 88 64 27 87 16 35
13 98 74 60 77 12 58 14 35 30
26 25 85 75 64 27 81 72 90 80
25 82 56 54 21 84 97 80 47 32
57 38 76 85 36 28 90 88 76 39
59 76 78 64 97 32 41 68 11 78
92 25 28 84 36 82 67 48 99 71
92 87 33 58 96 29 11 72 85 86
29 10 31 69 31 24 23 19 37 98
35 14 88 100 50 99 64 36 12 61
97 33 90 14 87 45 15 73 84 70
61 18 65 12 18 98 16 71 68 42
14 56 32 59 64 19 43 30 27 68
43 86 95 58 11 62 47 18 39 43
88 65 46 61 77 73 90 43 85 55
55 78 59 73 31 75 33 49 26 31
70 25 85 45 88 84 81 77 27 47
100 15 61 59 90 57 50 56 86 62
98 23 11 69 57 11 82 82 45 22
80 65 92 31 65 83 81 64 89 23
0.101433
0.0705706
0.0565073
0.127898
0.0885321
0.0267964
0.0531624
0.0619243
0.125241
0.112815
0.0316341
0.087965
0.122792
0.102389
0.114829
0.0824364
0.0523898
0.0336836
0.0984588
0.0323785
0.0701122
0.104731
0.106268
0.109891
0.0881557
0.125755
0.118052
0.122201
0.0874651
0.0401132
0.0766165
0.0341221
0.0507004
0.0369573
0.041696
0.115082
0.0974092
0.124619
0.0887188
0.11064
0.095584
0.0742032
0.0542358
0.120802
0.0300395
0.0647718
0.0757815
0.0921971
0.0935685
0.0872633
236 313
370 419
409 497
161 373
364 453
452 27
86 493
2 491
50 179
108 395
448 275
67 315
239 80
323 438
221 307
101 420
51 172
361 470
420 467
158 225
186 500
56 457
338 202
479 445
230 279
297 494
10 193
350 367
242 432
113 316
390 209
358 117
249 34
145 123
178 475
340 384
307 122
161 423
203 330
179 28
92 459
156 230
116 94
426 421
141 395
389 394
473 165
25 1
47 103
394 295
