37
50
10
93 15 26 94 58 87 52 21 51 77
53 21 10 72 73 64 46 16 74 91
22 94 46 42 65 86 13 63 76 62
92 30 88 93 45 73 81 42 62 14
80 56 95 34 21 15 96 80 28 38
57 71 84 21 68 100 79 74 24 62
57 27 97 75 26 83 60 74 31 18
36 35 60 29 45 38 28 40 79 88
16 21 90 54 79 80 68 58 100 97
10 95 27 91 15 54 23 86 34 47
11 69 17 29 94 100 34 12 61 26
14 81 85 19 80 85 12 41 61 83
23 27 87 80 33 16 27 96 51 98
84 17 36 78 11 88 64 22 63 73
66 65 12 100 40 94 34 25 17 33
91 45 98 64 87 35 99 31 16 52
96 71 11 66 20 93 39 80 13 72
33 97 12 17 59 26 52 23 58 44
53 25 37 44 98 72 57 67 53 32
79 23 25 64 47 96 45 45 91 78
88 31 52 100 58 98 91 57 10 99
22 48 19 57 31 93 65 79 78 23
12 76 13 39 63 43 31 79 85 39
70 63 40 39 75 87 49 29 97 28
18 71 44 74 61 94 28 13 50 33
78 26 56 81 72 46 78 46 71 15
91 31 19 13 15 76 28 48 66 95
83 10 82 46 41 41 81 55 92 29
92 31 72 85 58 70 21 41 79 84
33 79 23 62 57 16 17 19 35 41
79 93 59 59 80 96 30 62 33 14
48 99 56 36 54 69 36 34 44 19
80 95 55 54 51 83 33 75 32 26
48 43 69 19 86 96 59 89 13 13
13 56 34 16 51 51 39 19 88 39
46 44 72 52 47 66 15 38 98 29
94 65 78 32 59 39 17 13 69 84
60 36 25 19 98 95 58 18 16 24
13 24 63 74 66 97 54 65 65 26
30 69 39 100 55 49 45 60 79 70
55 41 83 16 39 81 65 58 78 29
73 61 99 14 26 79 98 27 23 29
31 98 30 78 28 90 63 89 47 73
27 34 43 85 30 95 31 26 64 17
13 59 52 69 10 30 31 28 91 23
69 58 50 68 24 99 57 19 20 71
38 68 15 78 73 43 15 28 21 96
87 27 41 42 32 24 11 98 73 18
40 48 16 39 74 77 71 61 67 76
42 56 96 93 65 96 51 11 22 11
0.117037
0.0599128
0.0975551
0.106047
0.0905072
0.124351
0.037277
0.111097
0.101944
0.0860773
0.125412
0.113427
0.0588959
0.118705
0.0933021
0.124049
0.04438
0.129824
0.0973102
0.119346
0.0845511
0.0673636
0.110975
0.112303
0.0738623
0.0855389
0.105729
0.0837597
0.102071
0.0575019
0.103771
0.0467612
0.0873023
0.0428656
0.0478226
0.0416744
0.0850162
0.123647
0.075559
0.0475864
0.065653
0.0304484
0.0876741
0.0274694
0.0912971
0.104135
0.112717
0.0878406
0.101803
0.0734029
208 475
89 152
271 126
322 428
187 449
333 372
85 280
284 212
392 166
76 200
458 321
40 341
242 142
163 228
30 136
166 226
443 281
101 85
335 29
147 74
476 189
208 184
262 76
49 55
167 28
48 331
157 127
98 130
176 258
221 224
162 327
239 92
28 448
265 200
118 488
126 346
104 62
392 438
409 34
492 90
206 147
443 417
71 372
379 484
247 46
425 201
132 336
463 495
440 235
142 270
