15
50
10
84 79 88 91 24 38 58 33 84 64
30 24 28 23 97 47 25 13 73 27
41 17 45 49 76 76 97 22 59 83
84 56 17 39 56 18 40 43 50 82
97 32 56 87 58 21 67 68 73 17
52 72 22 11 23 53 69 89 55 67
22 31 57 94 35 23 48 31 40 94
14 17 87 12 78 67 18 91 16 91
15 63 63 52 14 47 75 24 19 90
40 48 69 64 10 62 33 37 11 45
58 32 46 97 13 43 88 45 51 88
100 40 27 82 82 38 59 66 37 32
18 62 52 17 19 10 88 20 72 63
49 93 92 59 75 32 83 45 77 59
24 49 84 77 72 49 76 27 50 95
17 15 54 12 32 24 84 55 67 98
87 55 20 53 88 23 78 99 55 92
71 91 54 43 90 87 56 55 26 64
38 59 75 70 17 51 21 68 59 12
80 55 73 89 84 36 16 97 12 27
38 10 100 66 38 61 57 22 39 42
88 63 35 67 43 72 58 32 39 66
74 29 86 98 62 55 33 16 42 54
59 62 89 36 55 82 15 56 13 92
42 38 100 100 45 14 58 58 31 64
75 71 58 47 15 65 14 54 73 78
41 39 97 75 52 95 24 94 39 100
75 30 80 51 11 57 81 16 33 67
61 40 100 34 32 49 88 46 22 40
84 75 45 97 13 63 56 44 30 11
63 95 60 38 49 50 83 50 60 49
91 41 48 34 71 52 76 48 76 32
71 38 54 24 54 92 86 85 27 52
41 82 15 69 69 48 11 27 99 48
100 42 44 14 76 73 60 99 98 70
39 17 84 18 29 51 89 27 93 17
90 35 35 37 11 10 22 56 85 59
75 13 11 54 28 39 69 62 10 91
46 92 79 69 83 82 50 14 63 83
43 58 92 99 41 93 90 51 56 33
24 35 95 75 54 65 37 56 60 55
95 54 32 32 99 28 52 14 58 99
29 94 91 59 66 60 90 68 49 99
93 67 45 79 77 94 72 27 23 11
51 92 88 19 78 54 26 62 62 58
67 68 27 98 92 20 72 67 43 53
59 16 41 99 52 77 27 91 17 62
41 15 100 41 100 94 33 38 53 17
51 50 91 97 95 10 66 99 92 40
76 22 21 80 67 91 12 42 23 100
0.0828748
0.0537147
0.0948314
0.0352152
0.0694949
0.121594
0.12779
0.050443
0.078852
0.121624
0.0468437
0.0789058
0.0360605
0.0355857
0.0558877
0.0493023
0.105424
0.0493537
0.0594988
0.117199
0.0484406
0.0764764
0.0316149
0.0355351
0.0498029
0.0413694
0.0669193
0.116253
0.0579837
0.056989
0.0762568
0.0685753
0.0663937
0.0999821
0.0976197
0.0442881
0.0588697
0.0314547
0.0418735
0.0468069
0.123843
0.114496
0.092919
0.0576248
0.121362
0.102919
0.089954
0.0924372
0.0403229
0.0539824
354 356
20 459
208 134
124 166
218 197
81 426
420 48
303 114
156 141
212 201
209 294
73 245
183 90
446 258
457 187
36 458
206 385
3 25
78 177
75 188
29 420
81 6
58 487
449 281
332 137
141 216
7 463
383 287
182 45
37 257
395 8
181 451
401 500
200 451
391 258
157 97
312 366
127 46
57 157
190 85
413 37
185 197
196 412
448 456
164 359
89 307
453 35
26 97
54 441
126 55
