49
50
10
39 43 76 75 63 15 40 68 14 40
68 46 86 34 74 35 32 89 84 34
92 12 41 96 92 63 36 59 79 13
31 13 97 85 87 82 31 80 56 74
74 57 65 88 57 60 50 71 78 21
84 21 13 65 34 32 81 77 25 57
20 51 91 92 76 70 66 40 59 72
66 93 29 62 16 55 79 86 62 87
91 10 96 12 53 71 10 70 32 36
97 42 67 49 24 14 53 87 76 23
11 79 11 26 40 66 65 39 58 26
33 38 13 30 92 88 82 66 52 49
45 96 59 35 51 75 92 47 17 65
60 48 21 84 81 48 23 89 82 44
20 64 63 63 56 56 25 28 27 34
46 27 53 38 30 41 75 28 36 15
87 54 99 69 12 22 37 29 28 60
42 78 13 63 49 41 59 77 31 19
66 74 92 29 91 59 55 99 84 79
59 55 20 71 29 33 83 76 23 90
28 54 76 51 40 52 29 55 85 31
34 74 13 62 38 93 77 48 40 81
76 82 10 13 53 21 30 31 89 69
34 13 51 75 66 59 43 64 71 30
65 36 12 91 87 60 45 78 69 92
40 26 89 42 52 80 46 81 89 87
71 58 56 62 92 89 37 76 52 46
69 22 32 18 60 14 50 54 65 43
97 10 61 41 90 58 60 87 38 50
10 53 83 66 32 95 25 81 64 93
55 29 10 23 36 40 20 50 10 81
34 24 92 81 86 66 20 96 18 48
44 86 97 79 97 64 86 56 58 32
83 49 52 56 37 67 22 62 81 44
87 22 86 81 34 92 37 63 12 24
49 34 99 93 21 51 72 48 66 72
15 88 40 68 86 80 40 75 32 20
100 100 63 70 54 96 34 72 59 45
48 70 79 37 99 51 55 79 11 34
100 93 65 67 81 29 46 35 66 36
11 54 52 33 23 64 74 78 47 23
22 15 94 15 37 66 23 92 92 90
32 67 36 22 69 24 15 72 100 62
59 70 35 84 49 61 51 38 33 23
26 80 83 62 25 87 88 18 27 11
48 13 49 23 38 10 91 83 94 66
14 51 44 73 26 61 87 29 72 50
65 91 10 25 22 36 44 79 98 54
43 84 31 93 16 51 96 76 87 28
15 18 24 38 22 91 33 37 97 54
0.0341116
0.0824444
0.0514925
0.115577
0.0358755
0.0534466
0.0543675
0.105618
0.125947
0.0306486
0.0374689
0.114905
0.0682128
0.0283927
0.0296188
0.0553727
0.0708901
0.0983116
0.0329392
0.101117
0.0576512
0.0451487
0.106833
0.091119
0.0540132
0.103248
0.0418905
0.0470896
0.125414
0.033121
0.0423222
0.0585741
0.0893368
0.061426
0.0561977
0.0625628
0.0798703
0.0942238
0.101685
0.0949018
0.0598738
0.116567
0.0796831
0.0848899
0.0853593
0.112215
0.103342
0.0455997
0.0801551
0.0446197
99 398
110 3
123 163
302 254
179 124
400 454
175 412
97 187
247 33
244 398
232 333
241 477
51 474
31 315
412 141
337 257
10 57
275 11
137 146
498 181
358 438
177 480
486 110
187 418
43 286
337 115
485 255
153 434
177 14
263 492
47 234
299 240
297 212
57 120
4 210
133 131
363 395
162 185
380 280
464 307
340 449
372 7
86 5
79 130
99 361
242 481
277 342
423 326
245 188
441 89
