30
50
10
92 87 37 17 12 63 35 14 46 10
32 99 73 46 76 73 32 19 40 88
38 80 20 17 92 12 25 89 100 99
31 83 12 80 25 89 94 72 83 60
29 42 36 75 12 62 93 44 97 78
70 47 83 81 28 99 71 59 24 37
57 91 66 59 75 77 24 52 23 39
91 31 93 69 71 93 96 74 74 78
69 36 85 70 93 58 16 37 54 93
34 21 23 69 24 35 19 55 56 50
11 67 96 63 19 68 100 69 22 85
18 35 49 56 23 98 33 51 62 18
65 53 53 17 83 80 14 38 85 22
54 73 10 14 51 16 40 35 17 13
68 12 86 14 66 79 89 71 47 11
26 30 45 43 20 37 33 17 99 30
78 76 83 82 79 61 44 83 57 28
45 25 43 77 26 51 34 60 16 25
16 11 61 78 57 88 64 55 71 29
34 15 43 83 71 63 14 38 61 96
99 20 53 83 18 87 67 75 65 37
88 37 26 54 73 35 38 31 59 80
81 77 49 33 71 10 16 64 23 64
61 47 11 80 36 51 37 20 20 96
59 41 60 30 21 62 40 39 12 26
55 99 30 96 53 30 79 58 92 71
47 63 11 98 63 76 37 55 88 53
68 54 58 43 88 50 29 17 57 51
89 36 54 29 15 99 44 13 19 68
17 27 72 72 64 47 66 55 33 60
39 100 46 55 31 70 28 24 46 32
70 47 48 56 74 83 17 38 41 27
23 15 87 83 88 27 60 31 88 97
30 90 73 41 27 17 23 28 37 18
97 24 21 46 76 78 12 61 57 83
20 47 15 83 86 29 56 51 99 69
31 39 27 40 31 11 48 71 75 74
40 44 61 17 37 18 87 100 85 46
29 30 33 46 33 74 100 97 83 19
95 100 26 42 46 39 54 12 80 27
60 23 35 67 75 44 55 61 100 35
29 46 41 95 78 19 69 33 22 37
98 62 39 41 48 41 56 62 100 39
36 43 27 50 57 25 74 63 48 23
78 43 71 65 41 79 93 41 50 51
39 57 17 67 44 68 19 72 51 44
20 76 86 50 54 53 78 29 24 80
75 47 12 38 85 40 36 89 13 51
49 18 87 57 41 93 82 81 46 10
63 100 93 17 53 20 21 44 94 37
0.0847246
0.0686288
0.0952106
0.0555
0.11492
0.108393
0.0856109
0.116946
0.0580165
0.111907
0.088029
0.035373
0.0672911
0.049915
0.124211
0.0771774
0.0921676
0.0370028
0.0297271
0.0481721
0.0660692
0.127852
0.116589
0.104435
0.0547606
0.0454727
0.0385446
0.0577395
0.0265464
0.044884
0.0604436
0.0432861
0.0815615
0.0898295
0.114484
0.0830203
0.113752
0.0540551
0.101707
0.0747445
0.0755118
0.0690577
0.0359843
0.0670328
0.121654
0.0396887
0.125649
0.029192
0.127818
0.120013
384 250
69 3
66 222
292 342
23 90
45 333
32 403
496 19
17 496
35 429
163 65
199 130
218 326
224 254
351 459
367 153
292 353
70 329
265 330
160 478
240 356
409 460
9 279
245 375
86 126
382 231
426 313
72 102
337 383
64 205
77 277
293 169
229 408
59 353
472 327
307 129
476 271
431 430
278 350
357 121
216 281
435 34
403 436
383 48
240 232
490 478
161 45
33 412
103 234
449 479
