48
50
10
52 17 89 94 88 15 96 83 28 38
44 18 66 40 72 20 86 39 25 89
72 72 49 70 34 68 28 56 28 50
27 80 66 39 73 87 38 99 67 100
49 23 70 54 26 93 91 45 20 88
47 43 29 85 72 47 66 56 97 29
30 89 35 58 64 97 65 52 75 79
85 56 28 21 45 61 20 46 21 14
58 82 29 82 32 47 22 24 71 20
25 80 29 51 50 51 57 52 52 85
71 13 89 96 96 87 71 68 87 22
78 75 40 34 35 22 30 26 89 21
14 40 70 84 99 30 63 90 42 48
62 13 18 34 88 72 79 75 66 49
57 36 24 47 46 82 20 82 27 73
99 54 58 91 70 16 83 74 20 48
20 22 61 81 74 63 56 79 77 41
20 82 95 59 65 56 74 96 43 29
85 17 83 75 25 77 83 80 29 10
23 57 95 32 62 75 26 11 14 82
58 55 78 96 78 38 30 36 34 26
53 36 59 99 64 23 78 40 43 70
13 28 15 51 70 28 55 35 20 28
34 41 74 100 45 76 92 48 26 36
45 47 10 66 47 40 31 74 57 76
97 41 20 28 23 30 100 20 70 15
21 77 46 62 34 20 46 26 27 58
93 18 76 64 63 81 62 43 18 98
57 71 71 18 42 81 64 19 44 13
90 77 14 34 19 16 95 75 70 24
85 92 78 62 84 83 41 81 74 63
91 42 68 21 96 98 92 30 11 20
44 59 91 11 64 84 59 65 65 75
64 53 60 83 77 33 82 87 81 81
31 61 39 61 19 16 75 34 19 21
20 43 48 55 90 64 51 12 91 77
69 78 74 21 91 55 29 31 37 71
87 95 74 95 65 25 37 99 82 46
94 50 82 12 46 57 75 41 82 81
37 37 20 44 92 99 59 64 80 28
19 74 74 36 58 45 22 23 94 95
33 82 68 91 82 85 33 13 77 45
97 47 43 89 72 69 72 45 43 30
27 11 53 47 59 42 74 82 20 98
30 95 96 29 61 44 62 74 19 31
87 56 93 31 53 43 73 35 66 48
58 48 45 74 48 18 83 71 83 41
41 33 24 10 14 97 91 63 43 93
100 28 78 64 91 16 13 28 89 49
82 29 56 90 79 34 37 21 36 85
0.0631423
0.0613026
0.0553548
0.111254
0.121298
0.0276655
0.0470826
0.0481701
0.0448142
0.0289789
0.0943583
0.0741688
0.0693829
0.0314574
0.115342
0.125508
0.0477461
0.0779195
0.119176
0.113816
0.0314348
0.126561
0.0618835
0.106569
0.0629714
0.0767196
0.0932599
0.0287098
0.0678635
0.0848514
0.0654127
0.117642
0.0941332
0.0453607
0.0694783
0.0353599
0.0548205
0.109284
0.089773
0.0855341
0.0728882
0.103213
0.0752482
0.106619
0.12972
0.045229
0.0945277
0.0517885
0.0727656
0.109743
483 402
95 177
295 77
75 369
2 379
51 166
100 168
26 188
144 315
239 265
365 269
398 3
285 1
216 447
190 154
172 89
231 149
331 344
155 260
31 462
30 494
461 4
404 277
303 325
92 257
432 464
57 319
428 51
138 55
137 133
156 221
124 280
224 59
371 136
15 399
233 117
429 4
4 180
397 231
15 117
163 255
485 136
384 397
138 41
399 26
284 305
148 436
85 82
248 104
19 441
