23
50
10
43 36 20 76 11 73 32 73 81 41
87 76 39 46 77 18 74 59 91 55
92 91 64 20 34 10 57 89 70 67
10 77 28 89 43 90 75 95 63 87
61 67 75 89 39 93 64 77 20 65
88 85 80 74 58 40 80 23 38 44
49 57 84 80 21 99 11 24 24 30
79 80 40 44 100 53 55 25 32 27
97 33 49 79 14 53 83 85 40 87
93 55 100 41 97 11 52 99 88 25
97 67 17 69 39 62 18 22 68 67
100 50 74 98 52 77 47 40 66 91
15 40 26 16 74 31 62 59 77 16
37 99 70 12 14 53 71 74 53 42
41 84 25 29 88 43 46 25 40 61
73 34 15 37 12 80 14 20 82 100
88 34 78 19 24 86 64 73 87 18
51 57 56 66 84 79 24 17 40 12
78 61 91 63 96 31 36 78 71 77
95 42 58 49 69 87 64 88 14 20
46 75 19 64 11 90 13 73 91 92
41 64 24 94 72 20 33 50 81 86
100 94 18 64 74 20 87 84 61 98
71 42 28 76 61 99 45 27 48 56
94 79 51 80 60 77 91 39 69 22
14 91 70 24 83 30 79 64 35 70
49 73 29 23 89 40 71 26 86 91
27 59 71 70 51 89 77 92 43 31
94 66 28 85 88 87 85 43 12 82
18 22 83 24 81 19 62 84 18 12
41 34 60 75 99 57 67 95 45 28
66 54 21 40 90 38 64 75 15 79
63 65 83 48 91 44 28 84 11 64
56 24 40 38 60 29 54 14 38 44
54 90 10 75 75 12 60 33 20 54
91 28 71 32 37 11 69 31 36 13
73 88 64 98 49 96 100 39 17 56
20 38 83 24 18 74 19 96 84 64
93 99 44 27 82 57 18 15 14 79
34 40 93 70 21 51 44 76 33 34
37 55 14 19 88 68 12 86 28 14
55 28 15 95 77 30 34 44 65 23
61 84 72 51 62 36 16 73 25 80
36 46 49 80 41 63 10 38 73 29
12 98 56 22 90 20 50 92 75 12
19 32 91 56 56 52 23 38 68 13
74 96 59 98 94 91 57 37 66 51
45 98 87 22 52 46 65 24 35 23
97 39 40 30 36 58 22 17 44 25
45 91 48 11 70 15 10 54 18 72
0.102772
0.074278
0.129803
0.0677596
0.110219
0.0522151
0.0929805
0.0546072
0.0538831
0.0360166
0.11596
0.106716
0.0694819
0.108843
0.0472214
0.0407488
0.124865
0.0486581
0.0504127
0.102739
0.0651194
0.0533579
0.0653745
0.0902764
0.0434104
0.123153
0.0672529
0.0971899
0.0567963
0.029362
0.100865
0.128714
0.107762
0.0733407
0.0818388
0.126764
0.0501391
0.0769273
0.0648241
0.0973729
0.0589761
0.0907393
0.120813
0.1015
0.0730114
0.0701437
0.119003
0.0764157
0.0461772
0.095115
69 381
423 397
48 305
277 293
256 466
443 101
484 266
213 239
151 23
213 497
11 149
454 416
354 162
0 45
287 302
169 223
300 398
33 12
390 419
172 257
56 351
339 354
20 468
425 213
263 484
252 427
88 113
383 329
10 37
141 299
48 105
254 369
85 213
202 173
101 205
209 185
254 481
280 18
61 44
88 326
162 354
45 163
272 218
57 85
44 9
200 72
480 155
268 78
342 38
337 83
