39
50
10
68 77 15 63 42 90 19 87 18 83
29 36 42 85 60 48 25 66 21 27
81 81 73 75 51 65 54 30 46 51
36 30 71 86 30 37 96 22 59 44
12 53 18 46 30 35 83 75 75 64
16 78 11 97 70 50 34 46 90 69
65 43 15 99 48 33 49 55 62 72
67 38 31 31 36 40 77 42 74 50
68 43 31 59 30 23 95 95 44 92
52 53 28 34 58 21 57 47 14 11
73 95 39 61 38 37 100 98 58 67
68 37 34 48 83 13 35 35 90 78
54 35 59 46 98 68 26 25 35 43
23 57 41 32 48 99 12 60 89 54
41 25 46 37 31 53 69 44 22 71
62 66 21 66 45 93 59 14 95 61
98 31 28 52 24 22 87 11 24 51
36 33 45 52 93 41 29 91 70 85
100 45 31 92 83 43 68 55 61 74
85 86 59 76 19 93 40 17 66 26
26 79 86 35 15 83 90 26 76 49
83 77 86 28 66 26 62 96 87 52
29 89 56 42 96 28 94 21 90 47
59 28 85 47 93 78 13 41 71 10
63 94 28 65 42 88 86 20 15 16
74 53 14 34 59 33 56 73 68 25
93 14 58 38 30 95 48 48 22 68
52 12 58 50 51 31 58 81 85 43
16 98 83 61 28 24 56 33 71 30
80 35 74 79 64 13 65 27 67 20
40 61 78 60 23 62 20 13 89 56
80 97 90 96 86 94 32 96 91 88
45 90 96 60 75 72 65 21 97 46
43 28 43 72 99 83 96 40 65 60
92 40 91 97 61 72 12 25 65 26
12 72 92 73 69 88 62 55 35 52
95 25 46 99 28 96 16 32 15 26
84 33 88 28 73 16 23 33 93 57
54 25 50 94 80 18 15 50 12 87
94 35 82 68 15 64 29 83 13 29
91 26 22 79 68 46 59 63 55 65
23 19 47 51 41 22 51 82 48 29
31 94 57 17 15 62 96 87 56 51
16 62 32 66 74 88 54 84 85 97
46 10 97 59 69 11 95 25 77 18
100 14 28 48 18 97 25 76 19 92
89 54 58 44 24 40 97 92 26 16
95 71 33 85 72 26 40 29 44 24
71 54 43 81 20 27 91 32 69 22
87 68 12 93 59 74 27 74 21 67
0.0399828
0.118374
0.101469
0.113773
0.092431
0.125816
0.0267622
0.067419
0.126077
0.0262229
0.109208
0.0746901
0.0868642
0.041422
0.0810263
0.121298
0.0919375
0.12294
0.0386356
0.102696
0.0858573
0.0680973
0.12793
0.0927086
0.0953797
0.0474353
0.0944886
0.0387273
0.0576929
0.0514213
0.102144
0.105542
0.0906581
0.108709
0.103499
0.0553791
0.0771861
0.11649
0.117686
0.0569151
0.129494
0.102998
0.0273526
0.0370209
0.0808891
0.0801864
0.0623077
0.113805
0.126096
0.111516
26 406
481 466
142 146
343 469
434 257
223 258
208 459
363 45
432 416
430 77
111 112
167 3
187 200
374 427
190 61
160 500
495 347
228 367
493 26
432 283
192 437
441 250
137 15
339 263
222 273
447 88
173 438
109 152
404 371
418 230
410 355
281 262
473 464
116 491
381 401
182 162
292 292
429 431
116 414
215 237
302 256
26 364
340 79
184 390
380 91
454 421
236 433
181 225
85 273
99 460
