3
50
10
23 97 98 50 88 39 43 16 89 55
47 92 61 68 77 67 34 94 16 27
38 91 37 10 17 72 47 65 22 94
36 80 81 70 69 66 95 88 58 55
97 56 64 68 29 85 67 22 37 76
21 20 94 95 39 17 21 47 38 63
86 32 85 61 33 58 36 34 90 30
65 22 77 16 49 84 99 14 46 36
91 76 42 35 33 78 23 27 12 83
51 58 52 68 91 20 82 82 93 24
28 48 57 97 36 48 53 82 48 17
79 32 97 10 39 72 24 50 15 84
83 56 47 72 12 71 96 84 90 21
10 29 60 98 45 80 71 85 19 46
88 15 74 26 54 26 87 18 70 95
25 69 25 29 57 15 82 94 65 89
22 51 43 16 50 32 80 51 62 47
90 37 75 89 26 33 53 43 58 95
59 18 62 34 32 90 57 78 44 58
42 76 22 56 38 87 57 47 48 30
85 27 48 26 63 35 79 85 21 96
26 83 58 15 75 71 60 31 31 97
98 88 82 59 48 75 29 98 90 79
15 24 16 24 95 33 95 65 43 57
47 58 56 44 100 59 14 54 51 37
55 31 54 48 83 13 70 14 85 19
88 38 64 90 25 73 27 16 88 45
45 67 94 95 64 62 19 39 83 70
60 40 41 71 10 40 82 83 54 71
52 54 29 42 69 44 14 83 79 63
36 96 59 83 30 56 48 49 87 50
63 58 64 93 73 57 22 73 13 45
26 98 43 22 53 73 28 54 41 29
94 62 78 62 26 54 58 50 61 91
73 95 96 44 96 93 66 76 21 38
49 82 35 94 34 33 26 48 82 77
47 28 28 19 12 82 56 51 26 29
29 82 16 64 10 69 35 27 77 19
20 94 17 38 38 87 83 91 70 71
90 62 87 32 74 38 27 57 20 49
20 75 43 84 64 51 49 54 99 30
90 34 34 45 35 26 37 31 23 37
19 28 72 14 94 56 93 68 33 95
43 86 63 10 91 48 36 99 80 39
62 44 61 92 53 57 82 54 26 52
61 97 25 74 78 26 89 28 10 22
34 51 18 94 77 24 87 57 88 37
11 96 67 29 91 49 89 88 52 10
88 92 38 19 68 13 60 97 16 25
10 36 15 92 56 26 74 53 77 52
0.112478
0.0802542
0.0339863
0.119304
0.0491429
0.0740005
0.0758313
0.103598
0.106305
0.105245
0.0649588
0.0635502
0.0281624
0.113969
0.0508336
0.0847001
0.0330295
0.122533
0.0438441
0.081336
0.104265
0.0753913
0.0955288
0.0405828
0.06621
0.0307267
0.0714683
0.0791247
0.0358601
0.0943634
0.103599
0.0282099
0.111526
0.0853639
0.123876
0.0434382
0.0776091
0.0407117
0.0478864
0.101148
0.107813
0.0399822
0.111141
0.117421
0.129536
0.0860072
0.0783787
0.122077
0.0930946
0.110934
247 449
322 439
317 130
102 214
486 404
155 244
137 16
288 441
13 475
28 278
157 472
364 157
159 24
492 418
425 164
305 417
142 446
385 483
317 422
334 349
433 457
317 444
337 150
293 108
104 95
446 344
185 115
462 111
32 434
365 209
425 159
68 132
437 360
343 457
424 493
422 148
325 405
208 300
300 490
260 90
224 433
277 279
414 486
359 301
60 435
138 276
356 279
362 113
278 83
369 48
