36
50
10
31 17 54 27 44 56 41 31 47 76
57 65 29 79 26 20 78 11 19 79
39 57 63 77 21 46 30 14 34 74
85 95 80 13 73 59 13 41 48 69
72 82 83 42 41 89 43 44 92 68
89 16 34 33 32 41 94 24 39 47
92 50 39 43 57 90 18 10 93 92
46 68 99 87 56 72 16 86 13 39
67 62 57 39 88 50 69 89 96 12
55 30 23 18 55 67 51 33 96 41
21 14 38 51 29 86 55 24 78 60
63 22 74 34 36 33 97 43 60 19
88 70 27 32 84 72 19 93 17 85
70 64 61 33 35 88 80 82 56 59
30 21 46 86 68 33 18 55 19 81
49 52 62 34 59 74 44 37 17 35
73 63 100 25 50 67 43 40 92 52
18 24 96 38 19 84 31 45 86 51
39 10 42 14 23 62 39 53 33 71
60 94 58 73 43 92 71 21 51 99
16 13 99 52 80 65 55 24 27 16
86 11 32 89 96 50 80 65 53 63
56 98 89 46 23 77 33 100 56 20
67 23 93 28 70 95 52 21 94 66
97 12 48 26 91 46 28 32 21 16
24 68 74 50 79 79 39 54 53 46
54 33 85 91 44 44 86 73 23 59
52 19 56 36 91 46 22 75 34 61
94 31 59 42 52 62 89 34 89 91
88 15 64 83 51 62 90 24 63 80
86 46 15 79 31 15 99 58 52 77
33 95 91 47 92 77 25 44 22 82
46 96 77 85 19 64 15 39 54 68
61 46 71 24 12 69 84 99 61 12
85 45 96 43 53 36 17 36 84 59
55 68 36 49 58 53 84 25 16 27
67 99 90 23 43 66 48 75 32 30
24 12 11 37 29 27 20 52 87 17
59 27 99 70 79 96 99 31 45 54
77 64 70 68 69 45 83 11 10 81
66 47 63 89 60 82 26 41 47 58
22 76 64 55 95 87 13 72 66 41
71 14 100 13 52 51 98 73 55 84
31 59 59 46 17 76 61 49 22 28
22 40 16 59 98 62 33 62 77 21
47 88 87 83 87 69 16 39 99 63
100 21 84 30 97 73 29 26 37 86
49 76 28 43 20 24 41 64 38 66
25 93 46 73 64 78 12 76 33 31
61 26 33 22 66 51 78 68 77 43
0.0391292
0.0380107
0.128952
0.0909613
0.121823
0.107893
0.0480818
0.0780004
0.129243
0.0979195
0.089938
0.100474
0.0530216
0.0386548
0.0516891
0.0831747
0.107987
0.103711
0.0427163
0.105862
0.102246
0.0624178
0.0540381
0.0976845
0.0552566
0.0373449
0.0905394
0.0579753
0.0654285
0.0753583
0.126192
0.0603173
0.0379924
0.0689287
0.0610479
0.105575
0.0369603
0.0936621
0.0356477
0.0394501
0.129904
0.0457827
0.117322
0.0277358
0.0618938
0.0749673
0.0690954
0.069237
0.0583755
0.115393
82 201
18 489
363 494
100 104
155 220
378 341
235 37
269 250
326 347
85 6
6 316
58 84
85 97
164 440
23 324
295 413
318 5
131 114
428 72
208 27
7 433
448 162
12 183
122 338
32 126
347 338
79 165
406 104
35 117
13 221
172 482
50 111
299 479
41 24
185 286
10 163
216 423
299 30
134 340
148 432
176 334
28 264
179 162
282 85
499 495
294 44
179 70
407 238
125 170
11 76
