2
50
10
65 76 14 20 87 37 56 73 27 61
29 12 31 80 20 74 24 49 30 11
91 96 57 13 32 39 26 56 43 25
66 19 28 49 53 95 28 60 39 99
94 67 86 80 87 80 28 12 58 22
84 88 26 55 54 63 24 59 24 51
61 81 14 86 33 79 74 79 79 98
11 71 23 16 42 22 66 47 30 57
43 48 52 37 29 44 25 75 83 22
34 81 42 63 69 67 67 72 100 79
66 50 58 15 26 38 56 23 99 93
10 31 97 24 14 61 77 99 14 53
85 70 40 24 46 92 82 42 77 82
55 11 35 92 77 25 49 96 40 37
23 73 76 92 12 41 82 10 90 33
77 55 34 28 50 34 75 54 30 99
71 32 84 12 74 64 97 75 33 76
38 18 16 27 88 66 62 78 92 44
88 45 81 58 35 81 24 25 41 93
31 65 29 87 42 59 75 72 50 59
49 10 89 84 73 56 28 64 11 81
82 43 30 62 27 52 34 94 13 90
57 18 77 75 34 50 19 71 14 82
51 75 94 58 80 34 86 43 84 88
49 14 25 48 50 10 95 83 26 61
31 72 73 15 63 89 40 98 41 33
45 22 69 58 93 86 98 76 16 74
60 60 47 70 75 62 25 37 41 32
54 59 45 21 93 26 84 60 83 57
82 72 98 75 53 14 57 16 71 28
54 52 70 100 45 80 47 84 56 53
26 43 95 19 10 21 73 77 44 26
22 14 65 85 90 87 81 17 22 97
11 18 13 89 80 28 47 11 100 95
67 70 13 72 28 67 91 100 38 70
15 11 78 42 49 92 47 47 60 84
60 64 46 99 54 28 68 46 47 78
57 40 91 47 73 58 46 90 100 76
86 14 87 49 84 18 71 91 77 54
81 18 14 74 79 21 85 63 56 42
87 95 35 65 56 41 85 82 33 90
39 99 90 65 13 74 50 74 10 100
18 23 29 78 26 52 73 55 86 32
37 35 66 44 53 100 68 92 95 34
36 51 93 32 94 42 15 48 20 77
35 99 49 28 36 100 27 15 22 26
38 21 59 89 87 39 89 72 28 97
80 64 75 96 10 99 32 52 73 69
58 98 25 93 89 68 84 89 73 66
97 31 65 61 62 27 81 37 67 80
0.085974
0.0783713
0.058054
0.123898
0.0438827
0.0629567
0.0770316
0.0625936
0.0674813
0.0567203
0.0536432
0.0616487
0.103535
0.126231
0.0473133
0.0264617
0.0867373
0.12359
0.099501
0.0658633
0.0825927
0.0509728
0.0796136
0.106243
0.109089
0.125196
0.109549
0.10591
0.0432821
0.0797417
0.0769872
0.0760715
0.067652
0.0517141
0.0361886
0.128945
0.0596284
0.104334
0.117725
0.124467
0.0335207
0.0719081
0.105997
0.0597204
0.0786726
0.0408245
0.0288619
0.0518198
0.0664913
0.0853705
3 50
50 47
71 20
421 63
405 209
441 286
441 474
367 235
75 37
185 23
192 19
124 331
16 449
257 459
195 135
366 104
81 0
84 358
223 70
425 256
375 133
464 377
94 492
481 436
97 73
272 206
274 256
362 252
282 386
163 159
330 385
129 122
247 123
136 318
393 476
234 155
243 294
29 442
82 157
142 249
314 94
389 181
429 382
238 49
124 415
170 362
251 23
5 367
494 398
486 432
