31
50
10
74 63 33 86 22 100 73 30 69 69
86 78 52 93 80 87 32 94 86 48
21 69 28 17 51 51 19 54 12 71
41 30 59 60 73 33 32 37 91 11
16 96 12 89 56 55 19 97 65 74
92 90 71 35 44 100 85 67 32 35
60 46 96 29 78 94 72 68 16 28
84 33 52 65 98 88 67 68 42 46
52 72 65 25 69 21 16 64 44 78
62 13 80 24 47 86 53 86 26 27
98 64 34 21 94 23 86 37 66 92
95 45 69 39 60 50 72 89 45 10
43 68 57 27 41 97 79 92 59 98
67 75 19 11 97 45 52 15 82 83
96 100 20 97 20 42 60 67 12 55
39 40 90 68 90 54 57 29 80 68
24 99 42 51 98 20 64 25 34 53
97 74 15 67 73 74 44 94 63 54
100 78 60 34 26 45 35 49 83 71
18 59 94 14 18 69 23 32 23 91
37 28 75 52 40 56 97 51 42 61
66 30 58 81 90 53 11 89 90 70
74 57 65 27 75 88 95 66 69 97
19 15 14 86 80 100 55 29 83 71
48 38 30 93 43 24 15 53 92 13
84 74 17 79 22 22 24 93 22 30
37 84 95 84 67 52 73 79 45 25
63 50 42 91 45 61 81 17 55 90
93 25 43 69 64 55 27 85 22 20
91 40 87 49 22 27 63 99 24 36
50 14 58 48 33 52 63 59 73 22
39 15 70 63 13 98 32 33 23 32
95 40 72 79 65 84 92 45 68 48
16 100 88 28 31 79 28 12 50 18
45 95 64 53 44 65 89 13 50 95
28 36 83 19 54 12 71 87 62 37
67 73 84 57 45 44 60 72 20 99
30 78 81 25 32 73 98 14 54 72
83 53 75 53 81 82 66 64 17 66
96 38 82 29 24 13 16 42 72 15
99 39 38 59 58 62 15 61 98 30
90 40 92 10 49 14 15 50 38 20
21 45 26 75 46 97 68 87 19 43
74 32 32 63 65 20 92 86 28 49
77 48 88 10 42 22 29 19 30 32
39 13 87 73 37 66 49 60 30 10
82 52 40 62 40 73 60 16 10 83
52 88 95 68 61 84 81 71 92 35
83 63 35 98 69 22 88 55 51 48
89 81 62 53 30 69 26 29 43 85
0.0894424
0.0645887
0.121728
0.0841676
0.100087
0.0967179
0.0601485
0.0424741
0.11747
0.0403758
0.0274396
0.0484418
0.0644507
0.0385471
0.112079
0.10254
0.0262825
0.0402556
0.111895
0.0543892
0.127492
0.0261764
0.061446
0.054241
0.0794977
0.080217
0.0984971
0.0557872
0.062001
0.0679893
0.125937
0.112953
0.0481867
0.0442234
0.0973605
0.0733311
0.0573957
0.0938559
0.0383262
0.0628049
0.107722
0.0555329
0.0747662
0.122187
0.0697561
0.0730861
0.0772541
0.0358775
0.0807078
0.0413917
254 475
47 320
345 131
421 190
42 121
113 96
168 309
495 256
412 126
271 89
299 108
412 484
78 150
420 331
379 106
159 223
286 70
486 208
412 412
124 436
37 230
382 358
380 311
6 407
454 69
329 120
462 267
332 370
217 109
355 43
401 146
493 376
72 358
123 241
21 441
0 299
178 355
445 80
368 360
212 13
104 492
360 246
201 459
419 490
491 13
47 244
284 482
114 252
316 494
219 72
