30
50
10
12 90 35 50 94 18 51 85 18 33
22 18 58 85 59 84 89 52 21 98
36 70 43 24 78 26 55 93 27 85
87 41 73 50 56 74 83 75 14 96
83 33 53 94 62 55 14 36 68 28
49 19 35 57 30 86 55 26 83 70
27 67 71 94 46 22 74 100 26 72
73 56 56 85 17 61 43 72 83 53
65 53 15 34 75 70 91 87 70 100
57 45 96 22 32 54 99 84 93 26
98 77 54 98 84 74 13 61 88 30
15 10 46 98 37 89 27 43 51 73
48 53 69 74 93 57 61 37 20 44
70 63 18 27 21 88 57 19 21 17
90 36 72 78 78 80 50 85 40 52
14 20 77 72 48 90 84 91 32 25
33 87 94 65 14 61 86 56 22 27
53 57 53 16 95 59 90 33 64 47
47 98 18 16 51 64 70 91 79 98
66 33 32 75 79 59 92 55 31 61
24 83 53 14 34 30 69 66 99 24
64 21 94 32 90 60 63 90 66 44
52 24 88 54 63 65 63 96 73 93
11 84 97 67 74 14 90 63 62 24
81 97 17 39 99 45 38 11 87 93
83 73 78 76 91 27 13 22 71 86
31 16 36 55 71 78 32 50 73 89
23 94 25 57 64 14 65 18 97 23
73 30 72 50 74 56 86 13 39 76
24 39 38 50 37 67 23 39 34 67
21 55 30 67 35 39 39 40 66 15
76 40 53 32 88 82 68 33 88 28
35 94 60 31 63 16 34 22 41 77
10 26 43 26 89 52 72 75 67 69
75 71 73 58 41 63 29 48 17 89
91 15 45 69 93 22 92 67 50 54
42 79 66 28 69 66 11 55 69 63
60 54 55 55 77 86 80 21 86 60
68 70 72 62 73 62 44 90 67 62
84 46 15 93 33 67 75 37 80 77
10 56 44 53 19 47 63 99 18 16
58 45 34 53 18 26 59 49 63 89
89 11 68 68 13 75 36 67 53 18
38 73 56 13 100 30 61 14 23 19
84 27 42 74 82 57 91 54 11 100
48 95 36 17 39 23 67 44 50 32
30 61 100 33 28 79 71 99 43 56
100 56 83 93 34 43 48 36 30 30
70 29 18 84 49 88 27 68 73 68
35 74 55 80 66 45 43 91 63 37
0.0712166
0.0400012
0.0897921
0.083272
0.0519137
0.0778786
0.0459096
0.0783607
0.071053
0.116937
0.113923
0.05457
0.109465
0.0742501
0.06502
0.125177
0.114167
0.0315521
0.0555174
0.0546152
0.0568108
0.0383
0.0853794
0.0390726
0.124124
0.107863
0.0607595
0.0645287
0.0864181
0.0495073
0.0489847
0.113308
0.114588
0.0794138
0.0326275
0.092472
0.0331628
0.0960249
0.121767
0.115554
0.0395109
0.0813925
0.0338914
0.113512
0.108433
0.0573669
0.10787
0.106937
0.0686898
0.0411238
242 347
84 209
169 477
200 167
444 209
225 185
240 292
267 44
470 400
269 496
489 499
449 356
467 378
321 302
77 473
21 297
133 275
476 212
227 358
110 86
28 11
38 39
332 248
29 306
113 107
76 322
96 196
276 500
344 238
416 3
185 207
66 195
188 411
24 309
391 234
285 15
25 193
379 212
204 264
70 329
40 470
176 297
177 2
477 263
164 397
445 371
17 202
298 474
174 98
491 417
