47
50
10
39 48 54 89 31 15 17 61 25 28
18 57 38 99 85 46 18 79 53 46
43 56 56 73 69 82 93 18 78 63
82 21 95 36 36 94 76 88 91 11
11 87 72 75 58 47 100 83 71 73
10 95 51 75 55 85 48 26 56 53
96 59 12 34 62 32 70 33 51 11
17 65 30 75 18 57 88 51 57 89
30 85 98 61 29 27 35 73 46 33
27 95 69 78 70 38 36 64 23 49
53 63 72 53 86 93 44 38 78 42
83 97 25 96 35 22 80 10 62 83
29 34 19 29 78 27 24 64 17 89
33 76 64 34 59 56 86 41 82 67
93 42 72 62 12 72 100 19 49 28
100 64 87 36 78 97 13 52 41 35
52 96 52 19 53 51 99 41 25 79
48 71 80 49 37 73 41 80 66 34
27 11 13 69 13 84 32 90 58 87
18 78 81 58 77 22 21 90 29 57
72 50 29 20 26 97 86 25 32 97
67 58 39 63 15 76 79 19 26 25
53 87 63 84 40 16 11 41 86 87
60 50 63 90 57 88 100 36 34 82
73 70 57 85 89 58 86 27 36 16
48 79 25 78 78 100 25 73 63 67
23 85 10 34 65 52 80 56 31 72
38 37 61 53 65 20 82 85 86 75
31 57 88 14 78 27 75 55 89 75
88 67 32 17 59 37 75 76 78 13
21 23 31 62 86 75 62 46 94 29
13 89 10 86 80 85 20 10 70 20
96 28 73 21 55 91 99 99 87 58
46 97 68 80 91 39 22 99 52 99
14 61 10 97 32 29 85 67 93 22
68 74 67 48 83 75 66 99 19 31
30 36 87 76 77 48 80 40 41 78
76 34 95 31 90 98 48 16 63 22
77 93 14 72 23 84 77 26 48 55
36 10 41 88 68 39 14 13 47 39
98 22 88 22 79 30 25 88 11 95
99 79 100 52 69 78 33 31 51 95
67 73 29 17 84 93 33 16 65 49
36 50 41 89 66 16 58 31 30 20
19 59 35 56 61 29 58 28 47 77
88 75 21 91 17 17 99 62 75 93
58 25 69 90 88 86 68 61 21 75
12 37 59 18 28 71 100 38 24 30
92 79 73 81 49 36 87 61 34 58
75 28 30 30 93 83 25 72 11 99
0.124789
0.0834675
0.0775523
0.0280938
0.0733621
0.0307962
0.0472519
0.03155
0.0265067
0.101518
0.121607
0.0742913
0.125686
0.0276479
0.123164
0.0268144
0.0739106
0.109014
0.115709
0.11857
0.105903
0.0639364
0.0350645
0.0631573
0.0352231
0.121457
0.0741416
0.0938418
0.0837667
0.08296
0.125998
0.0774687
0.125983
0.0499364
0.0654272
0.0401719
0.0558468
0.0338059
0.0354941
0.102244
0.0633883
0.0725089
0.11065
0.117235
0.129376
0.126681
0.0767532
0.109019
0.0411995
0.0662259
14 359
255 400
44 429
446 432
335 338
312 466
50 308
470 190
255 245
121 213
150 345
185 218
394 396
366 60
3 284
205 9
376 235
433 91
428 45
122 207
159 94
224 33
433 468
251 307
240 146
478 238
96 78
493 243
426 485
394 44
132 209
96 124
47 124
301 396
125 122
403 228
331 214
336 14
172 464
275 58
207 279
177 94
149 132
478 72
244 381
71 6
108 362
246 160
245 147
361 186
