12
50
10
78 15 24 24 68 89 86 26 55 94
94 40 65 22 79 28 73 44 45 41
18 51 30 17 83 53 87 62 55 44
36 68 18 81 53 56 57 84 86 13
60 14 91 85 73 25 61 75 35 28
57 100 82 41 82 25 87 81 46 13
17 17 11 16 74 64 11 34 70 63
72 69 36 32 67 17 64 79 10 60
92 84 54 88 56 88 16 83 11 63
77 62 44 19 87 33 97 27 18 92
65 54 21 28 43 42 89 11 57 65
45 21 98 51 73 72 57 41 28 24
88 43 16 23 51 47 47 63 54 15
53 62 89 66 28 25 14 47 69 100
75 74 27 72 71 96 64 86 24 39
35 51 76 32 99 80 10 32 56 30
38 89 88 26 66 59 23 51 49 70
19 10 87 89 46 58 87 13 81 27
95 13 55 25 90 59 92 60 87 55
14 58 95 98 37 80 69 58 53 67
16 38 39 33 58 54 99 88 24 49
74 63 21 12 55 93 77 70 55 96
86 28 100 51 46 50 75 100 44 77
91 63 72 27 14 53 40 31 85 74
77 63 93 62 26 57 62 14 85 67
32 29 79 20 58 93 41 29 95 42
89 12 78 39 19 33 88 83 49 75
43 92 63 55 52 57 92 27 68 21
93 57 94 62 52 61 22 35 56 100
97 39 50 61 21 39 24 42 19 61
49 12 48 91 31 58 65 31 49 60
10 40 97 68 20 19 48 43 61 11
75 98 46 25 96 75 74 22 97 41
31 49 24 35 100 85 38 57 44 59
45 52 90 22 66 97 41 46 57 64
95 69 36 79 78 43 92 73 45 92
23 22 19 20 88 46 75 96 48 94
27 32 21 49 30 50 84 31 60 62
17 50 80 100 82 79 37 16 80 99
54 100 59 47 28 27 82 53 39 54
74 45 35 27 100 11 20 81 66 84
20 39 84 88 56 68 74 51 97 29
93 15 27 65 21 99 95 15 38 20
61 51 14 36 38 28 100 77 78 32
88 44 97 19 89 77 91 87 29 96
14 33 82 65 27 11 70 44 93 46
29 57 36 22 31 23 75 59 27 27
35 17 84 50 40 47 41 13 11 28
33 87 64 46 81 50 94 84 96 61
23 83 93 96 55 92 82 34 74 34
0.122944
0.0342921
0.10634
0.0385739
0.0768449
0.0539615
0.101177
0.10243
0.107246
0.122315
0.120552
0.0718107
0.0584283
0.0448164
0.0445109
0.0308478
0.0472673
0.0957547
0.0607292
0.0766691
0.0902197
0.072585
0.11543
0.0423589
0.0770171
0.113925
0.0926028
0.0750353
0.094856
0.0602669
0.10601
0.0490721
0.108057
0.0340097
0.105911
0.0927655
0.0869475
0.0621535
0.0746182
0.0736873
0.0422158
0.100766
0.0260827
0.114225
0.1175
0.0283045
0.0479485
0.0514023
0.115618
0.0568567
444 25
493 404
194 13
12 21
254 179
346 190
235 486
230 491
425 310
345 468
249 360
176 82
301 350
365 431
202 235
209 15
317 69
83 160
283 404
96 86
23 187
152 230
137 464
265 492
127 123
206 40
487 175
65 381
308 333
31 324
488 367
92 400
123 337
346 47
392 496
219 48
61 451
106 416
102 310
126 270
469 137
111 362
368 396
384 231
104 378
236 186
375 191
413 150
16 215
292 88
