4
50
10
77 48 62 26 97 26 44 79 57 42
25 85 89 40 23 90 55 52 37 62
91 43 29 11 89 39 31 92 62 84
45 80 70 100 48 23 10 74 92 63
82 18 51 58 99 19 11 78 75 21
82 35 42 40 12 40 48 68 92 77
54 44 65 34 56 25 81 97 70 63
73 24 47 53 65 21 75 74 37 57
71 94 67 55 85 35 15 45 64 57
21 43 93 33 58 51 69 62 43 92
37 62 59 36 49 41 22 51 55 39
88 22 84 94 15 50 67 61 24 28
58 88 47 54 45 88 22 96 61 97
47 74 20 51 58 21 50 67 22 23
34 22 45 29 88 73 74 73 88 98
42 12 77 88 90 97 52 71 74 65
10 59 62 96 53 72 53 35 53 60
53 81 98 35 35 32 19 68 73 51
34 93 43 54 44 12 40 92 34 87
34 86 44 20 15 27 42 37 14 55
30 35 32 57 53 56 78 39 26 58
59 16 36 73 58 77 96 23 68 44
80 69 94 23 72 70 76 84 48 93
31 53 44 17 85 28 66 92 78 54
27 72 20 11 72 19 36 37 59 47
72 31 75 17 94 18 77 72 58 66
52 41 50 34 40 33 69 22 50 22
44 79 76 19 41 66 49 86 91 23
28 34 72 26 12 61 17 77 34 91
21 62 82 34 44 23 78 19 87 88
49 60 44 38 11 27 13 49 33 74
96 15 32 46 76 51 23 38 62 34
42 29 84 26 59 25 29 95 98 19
64 57 17 49 63 34 65 92 41 53
68 23 88 90 14 90 86 90 96 11
74 56 22 18 91 72 19 51 38 86
23 42 91 34 50 97 40 95 55 14
38 59 62 35 79 87 87 11 65 63
31 42 11 65 11 62 19 53 46 79
27 77 97 97 59 76 35 57 78 63
50 47 75 88 84 20 28 59 26 19
31 37 89 25 67 73 97 33 70 63
94 23 43 44 86 26 63 65 51 79
75 46 21 53 41 35 31 34 48 41
39 21 84 16 90 36 45 31 95 75
20 53 27 56 43 23 76 63 97 18
61 81 32 31 93 93 23 94 62 23
23 62 92 36 66 19 94 67 81 20
92 69 72 91 77 27 41 30 72 76
91 51 79 51 42 27 87 47 33 53
0.121269
0.069311
0.0369575
0.0454894
0.122134
0.0465264
0.126177
0.127464
0.0559471
0.0793666
0.0615366
0.106735
0.0769012
0.127222
0.0335721
0.0644286
0.0960618
0.0709438
0.0969264
0.0789845
0.0762981
0.0622224
0.123466
0.0387134
0.114908
0.0602593
0.0892017
0.111519
0.120208
0.104643
0.0692777
0.0499287
0.0630425
0.0668762
0.0922428
0.0391513
0.0298625
0.0845457
0.106445
0.121413
0.058055
0.0877097
0.0951775
0.106133
0.0508435
0.08937
0.0979994
0.0260276
0.0501669
0.084065
155 58
376 156
238 389
86 500
197 221
181 430
251 339
443 197
332 487
431 367
21 177
256 324
79 293
137 420
290 232
479 46
432 336
189 421
467 455
266 377
226 456
396 318
425 327
463 8
495 79
163 263
128 222
209 249
59 270
61 239
54 338
430 111
148 308
150 411
181 322
400 250
148 123
435 10
130 390
269 36
498 269
345 437
228 55
349 8
434 168
221 427
329 137
492 498
139 99
282 283
