20
50
10
11 78 58 13 60 59 33 46 84 19
76 42 45 29 56 82 63 51 83 90
65 49 59 18 33 10 81 67 88 84
65 81 49 87 84 77 15 17 91 48
82 69 45 65 75 82 40 43 15 33
90 87 32 27 67 61 39 94 51 78
35 89 69 25 78 33 85 55 99 45
22 58 48 61 29 34 48 16 40 65
17 49 47 57 81 47 12 46 33 97
30 87 16 38 11 27 64 33 43 96
81 80 96 69 92 13 88 91 70 38
35 60 23 58 87 59 37 67 94 75
54 20 15 23 73 85 88 55 46 62
49 89 94 42 100 67 30 33 35 78
59 94 17 92 63 83 88 77 40 79
93 53 19 78 26 80 95 16 55 20
68 21 20 96 80 85 56 52 46 29
57 27 53 73 92 55 35 10 52 81
94 99 33 33 68 17 21 21 84 67
67 99 80 61 23 57 90 20 83 76
47 30 96 30 64 91 62 11 40 12
18 39 100 48 51 60 88 16 85 13
21 72 94 89 73 66 71 61 73 50
25 17 27 50 19 29 34 98 31 96
42 89 95 25 24 18 85 34 29 78
31 86 39 11 69 84 98 13 13 100
27 69 81 14 35 24 43 60 55 58
45 78 74 98 69 51 98 74 71 77
89 90 95 74 37 27 86 97 22 66
23 23 43 79 76 93 25 27 19 82
26 64 60 70 79 49 79 90 16 100
70 66 14 45 45 69 30 56 94 70
22 42 23 31 87 75 96 33 53 62
97 69 61 29 32 23 26 80 60 70
69 67 28 45 54 98 95 86 27 34
19 59 46 72 52 96 31 91 13 79
49 65 33 46 78 94 63 24 75 98
93 87 78 59 93 13 53 97 36 71
25 10 19 55 70 72 71 94 69 51
23 40 100 20 17 99 66 85 80 23
18 90 65 11 62 19 39 75 74 56
67 89 15 16 75 53 48 51 57 76
93 69 46 74 91 66 100 47 82 56
59 57 57 89 81 69 34 33 66 39
18 10 76 56 39 57 13 43 44 84
81 61 97 73 70 44 58 96 40 15
35 84 86 50 87 52 98 68 36 85
77 94 16 56 94 81 73 37 10 62
85 58 24 70 60 50 71 98 98 54
45 59 71 18 16 44 27 84 39 86
0.0882102
0.0706372
0.0671819
0.0499054
0.0580276
0.0715265
0.0970651
0.101761
0.0337363
0.0413972
0.0957234
0.0431889
0.0574591
0.0921269
0.0285713
0.106898
0.0621088
0.0432069
0.0960876
0.129454
0.123349
0.0814103
0.0796288
0.118775
0.0613437
0.10627
0.0374887
0.116537
0.0595815
0.0292339
0.118067
0.0850707
0.118453
0.0336748
0.0321007
0.0452278
0.026872
0.107374
0.0403136
0.128202
0.0406051
0.120177
0.123494
0.123655
0.0636004
0.0871026
0.0832784
0.0334151
0.0883526
0.0549622
492 435
402 33
153 60
344 85
419 209
280 113
41 54
315 173
74 289
127 271
315 414
341 330
190 15
289 39
190 240
223 215
240 280
414 112
269 176
468 262
19 358
17 381
127 43
414 407
83 427
415 386
484 263
22 229
335 100
379 220
61 361
167 154
277 39
442 236
485 360
441 330
120 306
215 222
111 163
404 183
43 10
250 333
19 127
2 68
275 334
44 397
336 63
64 138
20 64
82 481
