31
50
10
93 53 65 46 20 61 26 63 65 76
93 92 100 80 59 95 82 53 75 22
88 61 98 59 100 88 84 68 30 30
83 19 40 87 37 85 18 48 60 12
26 37 38 14 67 22 54 48 60 93
21 68 73 74 56 30 44 28 31 74
98 73 17 25 82 67 19 55 35 90
31 15 42 83 15 39 61 71 15 28
58 49 98 70 35 86 100 30 52 10
92 61 100 64 43 72 86 36 39 95
42 40 87 32 13 49 21 60 18 47
54 67 84 93 95 14 64 50 56 28
51 56 48 18 97 47 86 62 19 21
93 97 27 84 25 33 25 99 57 27
40 69 95 30 59 92 61 96 57 62
81 56 52 16 58 57 30 90 61 63
18 55 66 40 90 20 36 58 53 84
27 52 60 54 88 14 71 22 20 15
77 66 60 19 77 19 44 57 27 78
58 85 40 30 58 35 87 77 56 28
81 70 20 77 23 72 100 39 13 30
73 60 62 85 81 66 22 87 60 88
36 93 100 26 20 19 12 100 17 58
13 62 27 89 95 28 79 36 23 62
46 10 76 81 17 83 52 10 86 42
39 61 16 48 78 57 23 43 67 39
89 31 99 35 27 77 94 70 10 73
84 78 79 59 25 91 60 54 89 28
32 21 18 52 45 55 64 77 14 81
99 13 61 47 48 12 93 75 43 56
10 92 50 98 34 18 95 40 88 64
40 97 94 17 60 88 86 31 89 91
23 14 86 74 51 94 13 69 38 60
88 16 64 100 38 80 56 20 40 100
64 11 44 93 97 85 23 52 52 34
32 68 63 36 47 23 10 70 53 88
80 93 98 77 37 17 96 91 59 72
50 51 30 40 19 20 82 38 37 86
95 79 57 93 23 92 65 59 45 75
80 27 67 83 39 68 26 10 13 32
43 58 95 23 77 95 75 43 63 78
96 23 49 36 26 28 62 98 47 25
82 31 74 41 97 83 12 94 44 93
52 95 73 92 25 95 93 96 52 33
23 33 95 85 25 59 100 72 95 96
57 40 67 52 21 41 47 60 42 84
24 81 33 38 46 11 27 85 88 12
67 71 78 90 68 79 18 100 47 66
37 75 68 87 91 71 41 64 15 18
63 29 34 21 33 32 43 93 59 51
0.0688813
0.0625353
0.0469028
0.0581467
0.036009
0.107758
0.118733
0.0751791
0.0624543
0.070271
0.054592
0.0946846
0.0877869
0.125042
0.113695
0.0358341
0.118126
0.125245
0.0808979
0.127872
0.0690833
0.0342786
0.0877428
0.0280386
0.0292094
0.124073
0.0679114
0.0671769
0.123611
0.121389
0.0851753
0.0268112
0.126142
0.0482842
0.118651
0.0697704
0.116117
0.0328211
0.0905624
0.0916583
0.125953
0.0882667
0.0603152
0.10393
0.121339
0.0471408
0.0604942
0.0428036
0.0431756
0.0858515
238 116
414 468
212 399
234 280
496 464
316 40
404 371
20 263
389 426
440 479
417 420
70 96
156 391
66 73
458 254
36 144
392 297
170 410
58 99
81 137
279 87
461 217
408 243
290 314
212 10
132 386
196 387
498 212
399 430
129 377
473 31
435 146
81 250
289 170
402 229
429 349
202 68
117 445
71 196
172 6
103 26
66 237
223 222
303 216
166 378
207 274
437 431
43 352
404 294
442 483
