21
50
10
69 89 38 80 86 33 38 77 94 35
12 80 70 89 75 77 62 48 38 65
80 77 80 36 43 13 91 41 20 17
33 74 14 66 68 26 84 19 95 95
75 64 54 13 87 37 58 31 91 26
44 60 35 37 39 14 51 19 62 91
51 55 65 22 80 16 48 68 97 95
42 92 26 74 36 52 55 30 64 55
62 17 69 84 23 49 34 57 79 12
39 11 87 30 34 43 13 25 30 70
26 22 79 18 22 58 31 40 33 58
82 81 14 55 10 14 35 82 89 41
54 36 66 70 75 50 13 50 80 85
83 82 82 93 85 71 96 72 69 90
71 22 64 40 84 84 61 48 25 20
14 34 75 23 39 36 85 88 36 55
92 36 43 26 31 52 51 28 75 76
59 41 70 98 59 44 65 98 79 79
28 63 29 80 33 67 77 22 99 87
92 53 99 56 84 39 97 14 39 16
12 24 32 12 87 27 77 22 40 14
83 21 69 61 94 53 58 75 52 20
29 51 43 40 36 51 53 26 96 100
19 64 28 52 89 25 28 49 66 60
26 43 45 23 48 97 54 95 12 83
74 65 57 48 41 74 92 81 85 22
47 14 13 50 64 50 60 91 15 63
77 51 30 98 13 40 36 88 99 14
59 31 48 57 29 12 42 12 75 77
27 37 53 97 64 26 86 87 84 90
67 72 82 93 76 24 14 54 55 88
43 46 15 94 35 59 42 11 15 97
77 100 24 33 29 14 24 95 28 77
55 89 90 69 12 78 89 30 65 100
70 70 57 52 64 34 20 71 90 28
96 37 27 76 23 65 36 73 66 28
60 66 39 35 54 93 30 70 49 68
67 52 15 31 97 46 47 86 52 32
64 54 95 56 36 23 77 11 72 63
19 37 37 49 85 85 74 32 28 30
40 10 55 26 62 84 83 40 50 46
34 44 73 28 38 68 45 40 31 91
40 53 28 91 96 13 77 79 21 57
41 47 74 75 11 76 54 39 54 68
68 87 70 77 85 66 93 76 76 85
79 11 29 19 89 66 12 95 46 73
31 20 57 60 76 26 66 57 71 42
13 67 39 61 38 65 81 49 66 24
48 54 100 52 82 57 76 14 80 87
44 18 35 54 80 25 40 60 91 24
0.0897497
0.0694578
0.0654842
0.0363176
0.0900474
0.0268215
0.111077
0.0439743
0.0519616
0.0381251
0.0694487
0.0774804
0.124539
0.127902
0.0906186
0.112294
0.0700374
0.0969835
0.0520994
0.0709166
0.0330878
0.126552
0.111637
0.0341019
0.100694
0.0860204
0.0304449
0.0467282
0.0456413
0.0621059
0.0464819
0.0657772
0.0943311
0.102011
0.0826748
0.0662823
0.0842404
0.0915791
0.0985944
0.0356815
0.097156
0.059753
0.110263
0.0853796
0.0993237
0.0484389
0.122231
0.107628
0.0828513
0.0741395
89 131
142 295
23 66
247 158
484 123
438 63
22 437
249 374
194 51
329 248
107 120
237 164
207 114
232 13
152 395
392 115
223 315
11 152
114 280
248 184
219 319
2 190
189 177
71 302
269 458
33 412
172 449
394 462
87 143
228 343
36 246
183 195
100 166
142 331
258 119
140 141
228 23
399 199
429 398
16 466
409 257
171 134
157 235
301 182
3 373
127 86
187 485
5 384
296 230
210 193
