31
50
10
68 10 44 64 32 97 17 68 50 57
89 20 32 29 94 47 13 78 51 25
76 78 80 22 32 94 26 85 17 62
65 17 12 19 10 75 17 12 37 77
98 18 21 61 90 29 80 54 35 62
76 31 44 83 20 55 13 92 12 31
82 13 29 46 80 50 96 52 65 77
28 48 91 14 15 22 31 20 10 16
69 72 50 88 91 76 55 52 96 74
78 67 46 10 92 96 66 74 24 77
83 91 96 13 59 72 79 15 83 83
97 14 87 57 48 28 76 75 10 40
74 93 26 47 69 19 48 16 71 67
61 83 52 42 81 70 36 83 48 44
49 59 53 49 31 51 46 20 16 40
15 15 75 32 36 55 22 60 73 97
21 24 15 12 25 85 74 59 19 19
18 49 58 22 65 69 80 54 62 78
84 86 56 22 36 15 27 39 15 35
71 86 96 46 10 71 41 59 63 20
37 58 32 29 17 84 40 34 60 99
42 87 67 42 45 31 39 93 38 100
57 60 66 68 51 54 97 89 33 52
93 18 75 90 49 42 45 69 15 83
65 97 81 39 48 11 53 46 32 56
64 97 71 16 30 82 74 11 16 74
44 23 11 93 89 15 14 14 63 55
33 26 97 97 30 100 98 54 97 22
40 14 30 33 38 67 29 51 61 22
13 25 79 91 13 23 59 61 12 38
31 27 63 65 96 97 27 27 97 29
53 18 36 60 39 92 67 62 35 61
89 93 80 31 96 28 50 53 10 20
65 76 80 94 37 12 18 28 93 74
73 51 89 33 13 10 47 77 46 58
56 51 38 30 36 86 27 89 18 16
53 73 59 68 17 12 12 40 66 64
18 44 33 59 75 55 99 15 63 50
47 25 48 44 79 30 58 18 48 57
42 80 23 40 77 38 60 30 70 40
18 24 38 100 38 23 20 34 37 76
25 46 89 92 86 13 71 58 78 83
54 17 29 95 31 58 53 94 71 70
36 57 37 72 90 69 94 13 84 49
65 73 43 34 97 29 43 50 41 100
41 29 94 90 92 91 61 93 11 74
51 65 43 57 10 81 60 43 95 80
43 25 79 61 40 90 96 61 66 32
55 42 79 65 70 16 82 35 81 44
83 11 81 43 59 75 75 29 49 43
0.095524
0.125326
0.0861843
0.0846405
0.0684124
0.0951433
0.0480906
0.127898
0.0339721
0.0997688
0.0359411
0.128168
0.051624
0.0399641
0.0913362
0.0666848
0.0261144
0.0734244
0.0945899
0.125242
0.0655675
0.026232
0.0682256
0.104355
0.0793219
0.030366
0.0352943
0.0934832
0.123594
0.0956219
0.0629283
0.0362217
0.116671
0.10797
0.118499
0.0723117
0.106479
0.082755
0.0364996
0.0268088
0.0891533
0.0388183
0.0611551
0.0392949
0.10426
0.0595407
0.0312884
0.10763
0.0408664
0.046676
368 70
421 44
37 351
426 426
118 242
284 433
84 481
155 80
371 57
306 376
92 127
195 277
17 483
252 458
372 18
84 216
3 10
180 169
112 57
363 137
290 418
280 21
373 23
467 49
146 19
239 204
40 401
477 497
479 173
406 222
235 127
409 169
30 279
424 80
72 86
49 371
242 179
123 105
437 496
131 192
116 31
413 207
95 118
370 76
119 3
382 144
1 143
201 103
3 243
474 81
