33
50
10
73 11 27 32 94 83 10 32 58 78
98 78 40 71 13 53 15 92 61 54
15 56 61 60 64 42 84 69 30 71
73 80 25 67 14 23 94 66 78 61
95 54 30 44 97 86 28 73 37 13
56 39 52 39 98 75 54 11 13 25
12 42 75 78 22 82 63 33 16 67
92 92 97 19 47 39 79 86 42 13
94 54 93 82 80 23 92 80 66 26
99 60 60 92 44 88 63 36 98 82
70 39 100 85 43 74 32 58 68 10
84 77 15 81 93 11 71 13 88 93
89 76 20 19 33 24 20 100 78 97
70 68 14 13 84 15 20 89 49 28
70 31 82 53 38 56 99 20 65 47
94 28 60 79 91 21 23 30 62 37
16 37 35 93 80 78 81 47 99 23
52 38 98 57 16 86 26 72 34 88
72 92 92 88 89 38 61 47 36 16
73 43 79 27 25 89 11 30 85 81
47 14 34 57 77 11 55 75 16 87
39 81 48 28 48 42 57 94 88 75
44 12 11 71 21 13 25 64 24 29
15 67 15 57 96 13 73 15 34 58
67 51 71 34 77 40 20 82 15 53
96 65 33 91 21 63 47 84 81 88
21 25 23 58 77 87 24 17 10 92
69 59 96 85 95 57 25 22 76 11
33 30 75 81 68 94 80 96 98 33
33 11 88 15 64 56 15 85 43 73
11 29 84 60 59 81 98 89 62 73
27 49 73 58 86 24 53 45 48 48
69 23 66 86 18 80 58 19 94 87
29 14 11 53 66 93 14 60 67 14
84 56 31 27 37 70 28 93 69 32
36 40 75 38 58 70 60 22 47 92
20 56 76 51 73 15 45 74 45 79
98 72 27 33 22 32 78 20 83 39
53 35 42 95 32 81 57 43 58 61
74 23 25 20 84 92 66 34 36 37
74 13 100 49 43 47 43 87 36 23
13 51 22 51 34 94 57 15 22 96
99 97 62 97 48 34 86 45 47 61
77 14 54 41 90 84 57 14 41 34
27 20 16 52 17 89 15 58 97 28
41 46 100 22 83 10 72 23 71 49
66 67 99 70 89 85 74 46 34 68
76 14 19 45 48 31 12 99 47 45
69 58 87 83 10 93 98 22 64 11
71 59 12 23 79 89 11 54 72 68
0.0639246
0.0590209
0.106826
0.117914
0.0886176
0.0571752
0.0827094
0.124873
0.128819
0.104098
0.0719167
0.0849458
0.111087
0.097613
0.0986445
0.044964
0.0578208
0.0672745
0.12447
0.0985805
0.0764717
0.0957045
0.114343
0.0929682
0.0901459
0.0706689
0.0903581
0.0918828
0.0502443
0.114444
0.0851996
0.0441509
0.0537367
0.0427701
0.0704908
0.118168
0.060146
0.049112
0.111026
0.0525624
0.0998995
0.0493104
0.114075
0.0294847
0.0699153
0.0892586
0.0351756
0.0264326
0.0697872
0.0401117
218 39
165 444
285 210
468 366
60 194
108 4
476 278
127 218
141 381
8 119
151 439
349 373
293 91
377 138
93 315
19 14
91 84
498 68
186 266
331 92
146 492
66 101
86 386
195 324
241 273
321 59
121 243
217 125
461 62
367 456
321 455
337 428
465 272
398 16
374 145
302 273
465 317
265 429
443 449
458 113
30 422
482 405
235 400
69 47
437 164
335 137
383 180
383 323
11 106
181 241
