44
50
10
85 10 20 98 65 27 73 80 26 53
31 57 42 24 48 93 71 31 82 64
19 34 25 89 97 24 37 15 49 96
44 69 86 70 20 35 67 17 32 76
60 58 70 76 36 35 72 69 57 22
26 41 80 19 43 25 49 36 76 83
62 79 47 98 72 38 55 17 63 30
85 38 26 71 24 55 68 87 16 41
15 46 65 83 46 32 24 49 10 100
93 64 72 68 86 43 52 17 18 12
16 89 10 10 42 37 68 98 42 40
42 72 80 44 31 11 73 45 68 12
47 75 59 82 53 63 71 36 59 29
61 77 78 50 14 81 49 63 31 65
57 26 77 52 64 16 53 79 20 24
17 25 77 72 41 47 38 14 25 68
61 33 43 69 27 80 87 51 21 90
72 77 66 61 10 24 19 12 31 15
65 81 30 27 78 21 82 66 13 29
72 33 48 34 69 84 52 26 21 77
16 54 22 83 76 72 23 86 32 95
30 40 93 23 10 92 40 68 66 24
31 91 64 98 93 74 81 41 84 73
95 93 70 43 15 11 82 73 41 12
78 82 37 69 21 100 58 47 12 95
99 60 22 39 33 51 76 45 88 44
51 53 60 31 48 93 34 84 38 27
39 70 90 22 71 52 27 41 54 42
40 60 35 85 34 19 28 84 77 87
81 49 92 95 28 14 76 32 38 22
37 59 47 40 25 24 100 49 87 64
33 68 98 32 60 53 43 73 36 39
14 52 81 21 65 73 70 50 100 60
52 56 61 34 53 73 68 99 81 26
41 76 74 97 37 80 48 27 69 37
51 27 81 13 79 54 87 20 42 33
81 77 48 71 25 75 27 37 72 46
67 78 98 75 71 93 89 67 92 18
43 33 22 47 43 32 73 60 55 22
97 32 92 61 48 16 17 48 20 76
13 30 21 37 60 91 14 14 21 100
33 28 20 67 28 33 16 41 87 100
85 39 78 36 22 44 73 28 80 56
54 62 37 17 95 91 51 84 12 65
92 85 85 100 56 24 100 93 18 93
62 38 85 58 56 64 90 41 46 61
21 46 20 18 58 47 30 75 58 30
42 56 92 35 25 10 10 58 43 40
22 57 18 73 53 16 36 11 35 43
48 66 33 61 68 69 74 86 95 11
0.0718654
0.0287301
0.0913038
0.0821677
0.0503931
0.113833
0.126876
0.0874673
0.126753
0.0964928
0.126137
0.091489
0.0539111
0.050634
0.0798044
0.0978411
0.0654973
0.0475387
0.0682866
0.0589195
0.0393093
0.0286352
0.0425755
0.0983678
0.087137
0.0805867
0.0679461
0.0344794
0.0947429
0.077503
0.0984428
0.128852
0.12441
0.0750638
0.0401099
0.11895
0.0636555
0.0462116
0.124049
0.0472483
0.0764404
0.128187
0.0410839
0.0494597
0.0853628
0.102719
0.078084
0.026631
0.112818
0.0539451
463 409
46 344
155 127
470 142
462 120
282 206
132 381
245 303
247 494
206 208
480 118
62 143
183 480
358 371
343 102
301 54
496 331
117 246
367 469
455 286
465 78
328 18
117 475
159 229
268 63
400 76
114 40
280 26
392 6
91 421
220 418
255 258
452 349
139 426
296 45
457 430
1 148
305 479
236 127
274 92
270 413
317 76
478 163
453 349
442 121
457 88
54 109
159 87
314 167
344 84
