31
50
10
46 89 49 81 83 61 49 78 23 92
68 68 92 78 40 57 48 95 75 39
26 36 67 55 71 19 91 38 46 24
63 39 85 34 85 80 36 80 99 23
33 68 49 14 37 18 93 97 12 38
20 43 23 89 20 39 93 61 12 94
41 46 41 37 88 72 78 27 99 13
25 26 83 46 82 97 18 79 29 44
79 57 54 73 49 99 58 36 84 37
92 53 14 68 96 18 66 28 74 39
91 92 48 48 89 77 45 49 88 10
92 73 42 54 99 63 96 57 13 65
57 21 32 43 68 40 85 90 73 14
70 41 42 54 25 90 68 72 55 49
85 16 31 84 72 18 85 22 61 38
88 66 48 82 73 13 60 69 59 63
100 86 71 17 41 34 53 62 64 49
32 25 42 62 24 47 26 32 16 76
74 39 69 92 12 49 17 25 54 97
29 62 74 46 61 68 36 40 12 13
98 33 69 20 95 20 76 15 53 26
17 16 78 33 67 50 11 29 86 84
72 13 100 45 85 28 18 26 85 74
32 82 58 37 87 54 57 96 53 71
59 60 97 20 41 92 30 72 27 55
99 17 71 60 77 87 68 38 16 35
50 17 81 74 79 94 56 90 30 14
58 50 48 40 86 97 80 68 78 23
11 21 46 91 51 24 96 96 46 89
74 10 12 48 92 25 27 56 87 53
93 33 28 38 96 35 82 10 85 83
82 18 89 52 33 38 48 74 79 44
43 63 55 54 79 10 90 32 24 12
57 58 58 38 72 57 78 99 65 91
46 12 46 11 67 40 82 97 92 40
43 70 71 47 95 56 49 96 46 96
43 59 32 32 30 52 56 82 78 26
38 48 12 23 51 47 12 85 18 38
32 61 99 22 33 81 92 61 88 92
62 21 15 66 28 66 75 16 15 33
35 83 75 42 26 56 25 73 83 85
14 87 97 98 63 57 59 22 84 68
25 78 17 23 80 90 89 62 10 63
56 62 58 65 62 28 87 78 18 60
79 18 99 69 66 69 98 85 46 95
21 43 31 13 29 40 23 72 72 52
48 91 100 45 96 90 95 61 13 37
24 17 81 76 39 69 22 92 77 91
42 62 98 72 30 58 43 68 47 96
40 85 66 12 96 24 16 41 30 59
0.0279096
0.0925849
0.0586684
0.052836
0.0552193
0.080424
0.103204
0.0372216
0.0292011
0.0371415
0.126407
0.0775022
0.0524274
0.0524397
0.101372
0.107178
0.0807933
0.0334364
0.0893343
0.064904
0.0810759
0.110732
0.0853285
0.0567413
0.0451093
0.0941985
0.0677419
0.10809
0.094335
0.0709429
0.0978151
0.105762
0.120904
0.0363463
0.0517485
0.0698603
0.0522518
0.0489537
0.114884
0.114698
0.128806
0.119331
0.116423
0.0997263
0.0384739
0.0467214
0.0715339
0.097654
0.0833254
0.0341423
352 355
39 17
183 251
158 410
489 114
417 384
382 403
495 122
227 475
103 58
445 220
348 244
453 100
401 398
230 477
421 178
219 157
203 194
204 424
396 349
86 141
417 51
335 268
388 286
452 105
286 445
5 407
443 188
402 108
170 172
315 342
376 439
128 91
231 30
117 470
441 286
342 380
368 296
454 111
160 224
99 382
176 227
4 250
254 455
62 282
130 410
148 468
42 469
498 305
327 101
