11
50
10
22 20 34 20 70 60 59 18 64 44
44 51 18 98 41 48 51 80 62 11
49 37 40 47 100 71 12 100 75 48
100 34 67 48 84 23 53 56 87 86
82 48 73 51 94 26 96 68 53 17
61 53 96 54 73 13 90 54 81 82
42 19 81 79 81 34 31 70 35 23
87 20 13 66 47 49 52 97 32 82
99 49 98 61 73 90 98 44 64 28
80 92 15 48 99 96 74 12 50 59
66 31 78 90 79 90 29 89 26 95
48 97 100 79 44 13 17 64 18 10
10 26 100 23 12 92 15 96 86 46
86 30 24 60 32 29 59 12 46 78
90 95 77 100 34 80 24 14 91 14
96 33 45 98 95 96 43 13 59 80
45 49 96 34 49 14 18 59 91 47
40 64 82 33 87 80 74 33 31 63
96 69 48 27 20 45 15 43 27 63
51 51 27 75 51 74 85 43 95 63
43 43 28 37 52 16 70 12 65 17
25 78 70 31 63 87 43 42 63 97
26 80 68 35 16 99 92 77 65 19
39 79 59 67 60 15 90 14 67 29
23 58 10 23 68 59 47 68 18 50
34 62 79 22 63 99 43 86 62 14
58 30 82 23 11 11 30 17 69 71
71 93 78 52 49 95 92 38 11 88
50 98 65 36 88 33 40 30 65 59
69 99 24 90 32 19 27 75 73 28
16 37 37 66 21 90 35 94 57 67
73 75 89 75 31 75 22 24 42 58
39 65 60 66 90 15 89 94 42 51
86 87 95 40 91 25 64 71 80 11
28 90 98 11 81 43 24 18 11 78
42 94 29 13 29 31 80 53 67 97
27 85 42 92 48 91 91 80 25 38
36 84 83 27 80 59 77 19 16 34
35 69 67 100 77 37 91 10 57 55
99 48 23 13 28 35 10 74 77 32
36 27 18 58 21 85 14 86 94 88
38 13 71 75 84 10 59 41 36 76
50 49 50 87 52 80 84 80 51 83
76 61 47 68 43 15 33 26 20 100
20 93 91 66 81 47 68 10 92 82
76 14 41 20 49 17 51 88 15 78
81 47 11 70 52 51 40 10 78 20
44 20 75 78 82 69 37 12 51 16
77 64 47 52 42 88 90 85 67 17
59 57 61 17 29 18 63 70 37 84
0.0476128
0.0357136
0.0826035
0.0776537
0.0922251
0.0278472
0.0801286
0.12881
0.0994929
0.116755
0.0754048
0.0558407
0.0824762
0.098782
0.0485441
0.0735516
0.0780495
0.0545214
0.0463237
0.123355
0.0598389
0.0466321
0.068403
0.0629515
0.116001
0.124519
0.042326
0.115452
0.128862
0.0274923
0.0611687
0.0346099
0.113087
0.127191
0.0637324
0.0914863
0.115323
0.0856868
0.110367
0.0580363
0.110853
0.0833333
0.0858316
0.121062
0.0396247
0.0912951
0.0404972
0.0355445
0.0787976
0.0619756
217 468
334 75
177 2
459 292
36 249
250 18
14 251
467 478
280 161
219 84
118 99
422 99
302 430
4 472
191 486
288 294
101 356
287 90
289 372
112 300
438 342
104 394
97 32
376 324
438 124
232 223
295 161
247 20
254 106
499 6
223 116
8 165
233 70
73 401
461 137
290 355
369 341
85 469
394 257
57 485
165 250
481 475
91 374
189 423
399 133
364 283
192 286
474 162
147 459
230 308
