3
50
10
19 86 22 19 54 70 10 66 11 70
21 11 10 76 79 60 47 82 81 67
87 66 48 42 29 31 96 41 31 15
38 93 37 75 40 73 99 58 19 65
20 81 22 34 97 32 64 68 87 33
91 67 39 79 59 55 65 32 63 60
32 60 49 74 26 13 28 27 50 41
51 59 99 30 57 37 56 51 35 14
99 70 60 58 13 35 61 32 19 15
56 100 10 83 37 27 69 24 79 23
76 46 22 71 38 32 60 25 95 54
98 42 17 95 100 73 90 50 40 22
45 72 11 91 26 92 80 88 62 23
35 63 77 87 27 98 34 67 32 36
52 15 34 27 27 21 46 56 45 88
45 87 55 44 62 83 20 41 51 68
35 33 81 13 76 78 87 68 21 66
72 88 45 11 26 65 13 10 60 50
73 56 55 21 51 87 53 27 25 54
58 48 29 92 91 69 71 73 66 23
27 100 11 47 18 24 84 18 13 76
19 67 16 89 67 94 95 98 17 70
98 19 25 22 85 60 86 59 83 74
17 50 80 45 26 40 37 34 68 66
69 100 93 43 88 72 33 40 83 14
61 70 25 91 35 13 31 15 95 70
99 59 50 56 25 13 95 27 34 70
31 50 56 43 80 43 19 82 44 31
98 67 85 64 24 49 80 22 50 94
83 27 57 74 79 60 19 78 24 96
76 19 13 24 71 84 24 89 22 16
67 69 18 44 17 77 97 22 27 91
66 94 84 46 70 93 31 70 34 10
37 84 27 66 90 80 40 80 81 94
14 91 48 27 31 11 66 11 59 18
98 64 73 50 97 39 16 32 83 10
12 44 31 30 56 95 24 32 81 22
89 56 38 21 60 74 33 37 82 83
65 100 99 25 77 48 39 24 62 65
76 99 26 22 41 60 13 93 49 83
55 95 86 50 91 57 61 80 16 10
87 49 36 94 63 96 58 12 46 13
19 89 32 27 32 31 85 29 75 83
19 41 19 24 50 32 10 94 72 99
63 97 70 32 27 93 61 73 93 44
81 31 68 33 61 28 100 49 64 73
79 98 80 69 35 50 63 34 25 71
45 83 76 67 17 60 90 57 79 38
40 35 11 76 77 100 65 22 42 85
23 32 56 20 48 69 67 12 32 45
0.120755
0.102337
0.11404
0.0752189
0.0855459
0.0787747
0.0774196
0.0573905
0.0432064
0.105068
0.0296331
0.126184
0.127177
0.0421156
0.0760886
0.119764
0.0813123
0.105432
0.113007
0.0540884
0.0262696
0.0477105
0.0888787
0.0431335
0.0841624
0.0590914
0.119684
0.101507
0.0866052
0.0348312
0.0771282
0.0550809
0.0323452
0.114797
0.0516356
0.107463
0.0488655
0.0786994
0.0956577
0.0622657
0.053649
0.0726271
0.102963
0.11538
0.118551
0.0867954
0.0861093
0.0874892
0.0741156
0.106633
153 372
96 320
179 262
331 188
328 471
181 57
274 377
107 41
13 241
4 393
72 135
98 127
291 21
12 78
19 193
316 443
202 457
316 491
342 21
202 253
175 239
387 176
289 105
369 119
490 419
470 314
134 56
18 406
79 350
295 165
123 392
1 87
148 395
174 52
402 477
202 137
456 173
423 28
481 100
387 294
32 46
126 325
485 120
250 460
64 415
422 147
236 137
263 284
35 6
326 483
