25
50
10
70 64 68 41 86 65 44 83 55 33
86 10 88 80 20 90 17 42 66 36
82 96 11 10 11 36 67 76 84 89
73 91 94 45 57 79 19 66 100 74
54 71 33 11 11 37 33 47 10 99
28 28 90 33 27 46 39 85 15 75
53 56 51 10 58 84 34 80 19 40
73 11 85 59 71 70 98 59 17 82
72 43 31 28 92 54 33 35 48 17
17 51 20 28 71 16 62 92 35 32
47 79 70 69 27 80 63 73 88 58
74 16 84 68 92 31 100 71 94 55
79 77 37 78 65 30 52 10 13 26
72 50 72 94 60 77 14 92 93 83
92 31 23 64 53 17 96 85 10 96
27 69 72 87 37 59 90 35 88 83
58 73 25 13 44 29 45 11 69 75
38 11 52 61 51 56 53 74 42 82
42 78 44 69 98 39 45 60 38 25
42 89 30 44 92 19 82 64 74 63
97 97 38 61 57 46 42 78 52 43
84 63 94 31 54 52 36 86 84 39
99 33 45 90 75 46 42 87 96 18
67 57 26 85 59 32 30 19 91 78
81 83 34 45 35 40 10 66 41 65
44 11 39 56 18 19 56 80 14 45
31 83 71 52 38 87 78 54 100 26
76 23 64 67 46 49 49 70 52 68
89 30 97 74 33 59 12 39 52 63
22 81 13 39 87 98 49 34 94 58
54 34 19 83 12 16 80 73 46 89
97 85 40 52 30 44 13 78 92 17
27 48 40 57 66 65 99 21 48 89
100 10 47 88 71 60 96 46 15 91
93 38 91 30 81 14 70 43 14 40
95 56 61 29 35 82 73 69 40 13
100 44 65 83 100 81 63 69 73 79
77 33 94 57 98 24 81 11 87 51
74 96 79 40 17 24 82 95 87 48
23 42 94 80 86 88 89 59 62 36
79 86 70 13 99 94 95 65 28 86
13 49 91 30 23 76 79 71 65 32
88 36 22 26 97 91 11 95 34 24
89 35 49 90 67 34 15 40 95 34
92 67 45 12 60 15 53 82 83 92
30 89 17 33 36 14 98 28 89 32
17 67 95 83 11 98 52 22 21 76
17 16 96 72 97 70 38 22 71 84
20 29 58 31 90 28 36 30 33 15
62 69 42 61 61 63 34 62 59 48
0.0477263
0.118466
0.107599
0.0728124
0.078574
0.046638
0.033296
0.100837
0.099492
0.103526
0.110232
0.0340153
0.0836777
0.110508
0.095903
0.098399
0.087626
0.110992
0.113161
0.0910753
0.0520836
0.122217
0.0357036
0.0940539
0.106827
0.121336
0.11387
0.0976277
0.0790277
0.0849669
0.0417541
0.0542032
0.0743093
0.0591264
0.0707318
0.0943753
0.0474837
0.0492961
0.0713182
0.0478585
0.0411673
0.056895
0.102287
0.0531465
0.102554
0.0946397
0.0901053
0.0922152
0.0706229
0.0550194
35 229
436 312
154 130
466 362
91 272
303 185
100 419
154 262
43 320
416 140
342 305
51 184
74 320
140 160
182 369
58 59
452 240
425 267
430 173
312 247
377 192
309 421
309 423
179 124
249 238
111 457
470 374
265 123
467 412
300 165
494 208
387 430
386 396
393 276
15 153
48 8
11 236
214 452
500 212
351 6
296 85
348 214
195 335
394 170
475 497
31 153
377 152
259 263
99 470
107 150
