13
50
10
93 48 10 24 73 43 25 91 23 45
44 39 48 69 10 90 91 77 61 41
15 10 49 96 54 88 16 93 23 59
72 73 16 14 76 59 76 11 77 34
12 71 36 37 16 66 14 45 68 66
82 11 62 57 77 68 63 74 67 20
93 36 88 13 48 68 80 87 35 56
68 58 66 64 94 82 63 97 92 93
51 56 97 60 12 83 13 12 89 66
65 10 14 41 13 45 17 55 13 50
46 26 71 76 19 37 55 58 80 18
82 28 73 13 40 55 64 36 49 10
86 83 32 30 12 100 74 22 31 81
39 33 63 35 89 55 35 69 25 42
75 27 88 79 17 37 13 78 23 94
78 53 96 59 92 43 83 65 37 19
19 35 80 27 59 29 54 35 92 66
34 30 33 89 38 65 19 23 38 59
57 81 98 13 42 100 77 77 93 37
14 97 72 32 75 26 11 37 27 61
51 39 36 36 61 38 45 22 54 16
24 45 92 35 83 10 51 59 72 44
87 22 26 50 13 49 97 90 38 94
97 92 42 80 82 39 32 42 51 51
58 66 28 56 83 19 56 14 71 97
46 22 63 24 92 81 64 23 92 38
50 80 58 69 57 70 53 73 47 61
49 17 48 46 68 63 23 51 28 56
47 37 48 57 99 27 48 16 62 80
11 69 53 80 15 14 13 47 28 91
53 94 57 90 15 34 54 14 71 29
42 36 83 21 62 56 12 36 55 100
27 22 67 51 49 76 42 14 94 97
13 32 32 12 85 25 95 18 73 58
68 91 99 61 38 25 100 91 13 58
36 85 83 44 63 68 35 63 40 47
40 84 49 41 32 26 91 61 60 48
83 98 22 25 16 17 32 35 62 62
39 17 18 100 71 55 52 76 29 41
94 79 97 57 49 29 77 75 10 68
90 67 81 72 22 87 56 53 83 39
46 76 70 80 79 48 83 41 93 90
85 71 22 76 40 70 60 16 61 24
52 51 43 61 10 50 27 76 90 17
30 95 26 56 93 46 54 72 13 50
48 77 81 60 56 63 66 91 27 44
36 54 61 64 61 43 69 53 80 25
16 41 83 65 33 28 14 14 17 69
82 22 21 57 51 57 69 92 24 36
60 30 41 67 56 88 57 84 39 47
0.0510726
0.0451116
0.060433
0.0919053
0.114021
0.105483
0.102718
0.0437963
0.0840661
0.0459795
0.0294011
0.0384829
0.0392178
0.0534317
0.0480125
0.0405733
0.0699246
0.0263045
0.113952
0.108462
0.0754488
0.0987466
0.0876412
0.0901918
0.129763
0.114489
0.0890707
0.114171
0.0615433
0.049815
0.103508
0.0904454
0.0474386
0.0305311
0.0262523
0.0948372
0.0888311
0.127317
0.0478581
0.0279878
0.0488398
0.121481
0.0947476
0.042955
0.129937
0.0293696
0.029314
0.0643671
0.103366
0.0328127
131 302
257 264
384 497
259 91
234 427
370 154
493 232
441 69
423 144
196 464
227 16
397 281
245 201
96 199
410 46
213 17
304 213
91 118
268 289
268 499
188 24
347 264
436 114
86 39
161 277
292 172
308 315
266 489
8 489
195 219
316 116
390 439
193 260
352 333
144 207
461 466
106 435
337 205
132 256
304 101
178 99
70 389
177 396
175 316
445 204
480 78
244 276
93 224
183 95
321 280
