11
50
10
53 75 30 25 81 100 52 73 39 91
56 92 31 48 51 100 73 93 44 67
54 43 71 62 62 27 32 92 29 66
99 51 17 23 55 38 75 16 36 88
77 93 36 29 48 38 78 83 36 94
68 85 88 26 29 94 55 66 14 34
62 19 35 27 43 63 82 30 30 78
54 48 44 93 91 98 27 98 42 72
55 66 86 70 74 88 18 80 39 94
33 18 96 13 36 22 67 16 93 37
94 75 60 77 63 17 46 37 90 30
60 29 14 69 57 44 81 58 85 73
46 55 59 62 45 69 51 77 16 75
77 73 33 74 63 95 30 62 76 94
23 69 86 62 30 34 20 20 48 50
32 16 42 28 64 94 29 72 18 84
73 92 27 48 33 23 57 32 54 42
93 73 28 39 45 53 37 90 21 53
100 78 43 30 73 44 48 17 30 62
75 88 50 16 19 86 98 41 50 63
20 70 93 33 67 47 57 32 52 65
38 23 64 98 17 78 58 69 29 60
94 86 93 75 50 53 64 44 79 42
23 69 51 83 23 68 81 17 45 47
95 61 23 98 57 37 48 15 75 17
91 64 73 31 82 33 70 95 68 98
36 49 94 19 68 76 69 18 15 50
77 96 37 39 15 89 65 58 12 96
80 63 63 93 84 97 20 72 57 96
11 28 72 52 14 87 98 34 26 78
87 57 58 12 48 59 73 65 63 78
89 66 87 98 30 21 95 77 25 77
39 37 34 78 59 42 40 71 89 62
52 19 99 57 62 24 39 51 54 55
52 37 59 43 93 37 23 55 54 57
82 47 48 22 96 64 35 56 28 16
59 26 78 76 15 58 56 87 30 98
54 29 26 74 59 88 25 72 36 32
37 40 77 47 63 61 79 43 60 55
86 82 20 42 88 39 19 43 57 96
53 57 32 94 96 46 78 20 10 94
14 97 24 82 54 99 86 79 82 26
47 98 52 48 75 51 80 74 46 59
48 94 92 84 54 61 86 34 47 47
32 85 27 17 78 46 80 52 46 15
14 82 36 83 76 55 69 71 42 50
100 65 74 93 34 56 30 63 25 99
22 52 70 17 81 62 50 46 82 24
62 62 69 59 54 85 76 63 79 48
73 30 29 69 51 28 69 16 84 73
0.0621178
0.0340765
0.0747555
0.0914583
0.107319
0.0479808
0.0798155
0.121244
0.0280151
0.07102
0.0694213
0.125376
0.0319579
0.049489
0.0394621
0.120116
0.0313829
0.124655
0.0300031
0.0586273
0.105562
0.0370424
0.0845656
0.0323777
0.0828475
0.0442635
0.0429287
0.0335129
0.129872
0.0723022
0.0487132
0.0574435
0.0742758
0.088808
0.0791927
0.0772911
0.128336
0.11584
0.0938184
0.0591905
0.0376732
0.0640661
0.0563259
0.0444938
0.0971823
0.0451079
0.127574
0.052731
0.0514446
0.0920763
364 319
372 280
27 254
417 191
465 196
270 218
496 488
451 272
241 112
129 6
175 26
200 190
290 477
228 382
373 366
169 439
408 213
422 18
439 91
10 138
227 8
314 36
424 224
221 201
124 230
381 495
240 24
177 458
338 17
94 387
272 414
303 491
288 145
320 477
378 394
122 392
429 207
186 304
359 162
220 313
78 40
474 193
364 313
62 20
233 50
274 129
316 327
478 243
39 71
36 251
