21
50
10
91 38 26 23 25 78 34 40 83 79
43 16 71 27 72 50 25 11 44 54
69 24 39 17 36 77 53 70 100 76
45 88 21 36 72 33 42 61 29 99
40 21 17 60 89 15 25 76 90 64
32 30 92 57 51 58 14 93 33 33
63 41 19 97 17 19 100 47 89 11
47 14 73 29 42 28 69 43 13 67
84 12 58 25 69 31 33 61 67 63
92 87 43 30 42 34 81 85 100 68
10 51 55 25 42 99 96 42 90 14
30 91 26 73 77 57 86 85 82 53
84 32 67 39 72 22 41 64 55 63
89 64 54 62 33 86 44 36 94 27
74 24 89 50 12 71 15 33 58 69
65 90 45 79 23 68 60 20 27 99
42 67 97 11 63 81 53 88 42 86
70 42 68 56 10 58 61 73 44 35
85 90 68 25 63 90 95 67 13 42
84 26 19 81 20 60 80 37 52 70
83 67 99 66 48 51 90 36 98 48
50 80 10 22 92 43 61 93 33 59
74 58 76 59 86 81 86 76 45 46
88 43 36 72 75 67 46 27 73 49
41 26 48 14 97 34 15 29 83 45
50 39 22 59 49 20 28 65 31 50
57 93 69 91 79 91 35 51 24 30
60 79 87 94 17 83 64 68 66 69
39 56 75 66 73 44 99 41 95 88
93 54 46 12 33 38 37 41 83 75
67 41 74 16 23 67 81 62 100 16
70 18 12 61 85 85 51 74 32 23
34 54 82 39 16 41 71 87 80 32
89 64 59 99 52 69 12 38 93 54
85 75 85 31 24 93 84 94 33 26
12 38 17 22 72 60 63 79 13 71
65 90 94 21 17 74 55 31 65 18
35 22 36 40 97 41 100 86 55 14
81 28 53 86 37 26 75 45 48 28
36 96 58 13 31 70 30 18 46 100
56 64 47 92 86 20 44 38 53 52
21 99 18 47 11 99 38 34 100 36
30 91 29 45 99 17 39 38 38 71
94 39 14 61 19 77 29 18 31 79
71 82 62 29 20 36 11 57 97 21
50 15 76 65 80 50 48 14 33 89
98 92 43 16 27 85 69 97 97 84
39 58 93 53 58 70 71 37 85 36
86 21 51 61 42 20 40 19 62 77
64 100 30 29 20 14 64 95 57 25
0.105728
0.0504085
0.05713
0.111896
0.120619
0.0596277
0.0953996
0.120444
0.0261244
0.068644
0.0633694
0.0924331
0.038462
0.0403314
0.0910009
0.114974
0.0522516
0.0492779
0.0969359
0.105699
0.0843498
0.0527392
0.0789869
0.0485322
0.0335008
0.0437362
0.0671372
0.0921744
0.110797
0.111331
0.103462
0.0739614
0.08099
0.0946553
0.0501747
0.0319631
0.0930405
0.0462508
0.0775017
0.0295966
0.117595
0.129166
0.0707864
0.0368333
0.0815302
0.123616
0.0667535
0.0351294
0.0454294
0.12852
55 394
352 6
325 435
444 403
447 287
60 458
440 196
262 325
364 106
222 274
63 48
143 207
403 265
114 88
155 486
272 123
195 389
402 377
363 77
186 475
351 94
36 224
342 350
238 225
410 85
221 396
236 388
266 311
414 429
60 99
353 191
79 365
410 240
469 43
207 59
459 192
269 395
359 409
403 222
434 273
211 202
351 178
286 202
18 337
238 263
352 4
250 415
137 3
458 345
116 71
