34
50
10
56 44 44 94 49 20 67 20 81 78
81 42 84 78 88 68 73 79 12 77
61 70 69 48 73 72 89 45 88 13
64 17 16 82 77 25 27 14 67 62
18 74 20 22 38 63 64 79 40 29
44 16 44 41 25 97 64 75 97 80
11 11 16 24 77 41 100 15 11 45
90 41 13 61 15 20 65 31 19 48
58 16 50 60 89 29 48 63 84 63
71 74 55 49 91 86 93 33 49 51
65 81 95 98 98 42 51 15 49 77
49 34 21 27 62 56 91 96 97 70
97 27 38 91 45 31 45 99 20 20
55 86 76 31 39 89 75 84 83 55
21 62 91 92 21 32 21 79 50 43
66 62 47 55 42 23 53 78 26 49
80 81 18 72 49 36 11 48 20 36
67 72 53 27 18 93 14 11 66 55
14 79 15 26 10 88 31 58 74 52
70 28 83 61 100 27 37 92 42 22
28 56 47 51 67 34 70 62 63 77
30 95 73 36 45 37 59 36 63 69
78 95 20 56 28 96 36 13 96 73
56 90 33 48 84 27 13 36 81 99
86 62 10 30 41 97 39 63 14 83
97 34 99 36 47 59 91 40 83 42
96 13 52 45 38 86 64 51 43 83
16 51 68 45 42 13 40 36 60 63
22 49 77 37 66 34 69 36 70 96
52 37 69 81 83 24 51 95 27 82
27 26 42 75 50 100 69 35 91 63
36 26 41 37 36 72 56 13 63 90
42 92 56 23 41 81 45 57 78 21
84 81 47 80 64 80 12 35 80 52
58 73 47 34 26 87 10 26 93 61
72 39 47 40 72 92 54 34 47 37
45 28 33 62 50 72 12 33 24 23
25 87 61 85 97 43 70 42 72 10
76 96 56 97 43 15 56 26 51 21
46 79 17 40 63 44 16 95 19 79
82 61 17 73 34 86 62 39 86 36
43 77 91 60 54 16 22 62 51 14
30 24 57 65 98 68 88 51 40 43
74 53 99 91 11 91 17 30 65 11
78 93 55 82 72 61 59 43 98 41
55 28 66 11 96 59 34 16 13 10
37 16 53 89 93 72 29 19 97 45
22 27 67 15 17 45 70 56 93 72
39 21 93 18 100 62 90 31 17 13
85 53 27 73 36 80 58 40 38 93
0.0368038
0.112261
0.0554585
0.0346071
0.117503
0.0703144
0.12835
0.122277
0.0810011
0.0277971
0.0984024
0.0414849
0.112855
0.0651238
0.0936456
0.123307
0.0467899
0.0556303
0.0805988
0.032794
0.0852585
0.0329349
0.118193
0.0495098
0.0708911
0.123168
0.0817094
0.103616
0.128469
0.0606047
0.0908562
0.125139
0.0457159
0.11659
0.114064
0.0989125
0.126558
0.0389881
0.128357
0.0611488
0.0303991
0.0811299
0.126236
0.081437
0.065676
0.0434664
0.0295753
0.056519
0.120272
0.0363505
1 203
183 177
9 352
429 368
191 289
425 360
391 248
161 183
301 46
465 462
138 179
63 10
429 455
482 105
218 375
208 40
52 357
466 321
316 60
495 308
120 154
303 322
306 383
223 62
346 168
499 396
392 467
60 3
407 72
383 55
439 341
359 228
466 14
28 276
166 304
222 322
227 130
1 78
41 346
300 260
209 38
327 282
2 175
267 185
213 70
297 466
106 218
64 143
65 229
435 482
