33
50
10
37 69 26 83 69 77 57 33 99 73
39 67 60 68 95 48 55 19 28 56
72 35 88 99 30 68 49 51 16 90
54 53 12 55 74 60 93 39 92 25
50 83 95 71 77 64 90 68 22 24
42 28 17 35 38 14 42 14 79 91
81 100 97 90 12 89 29 88 88 56
37 99 79 63 34 99 57 65 26 13
55 28 61 40 74 99 81 72 60 89
33 27 25 26 12 89 14 58 82 90
31 96 86 96 73 94 33 75 17 13
99 80 28 30 90 94 81 33 16 37
49 77 36 76 60 50 17 100 54 57
21 57 87 18 50 78 78 60 79 70
29 69 53 93 84 16 47 25 95 93
68 10 39 12 54 11 87 20 53 10
26 76 82 18 10 60 73 15 62 75
56 81 70 14 91 64 89 43 77 97
79 18 54 92 70 46 56 40 44 82
25 91 20 97 99 85 12 43 36 32
92 12 98 15 100 98 41 58 97 79
43 80 54 39 26 95 68 69 10 63
33 12 28 38 72 16 99 64 59 90
57 41 11 12 13 25 76 100 42 10
100 68 48 39 92 18 68 93 64 49
46 55 90 63 67 43 74 79 64 55
59 97 77 42 43 68 33 39 99 92
11 88 44 76 45 14 69 78 56 48
44 34 74 80 43 85 54 49 12 74
95 69 21 13 36 100 33 38 77 91
96 82 26 50 80 46 100 93 76 83
100 27 11 80 47 87 53 12 23 10
85 26 91 98 76 74 13 99 45 11
93 62 42 70 83 54 65 75 52 66
42 45 80 65 54 34 17 54 75 94
67 90 85 90 58 53 51 81 41 94
13 55 38 33 61 24 32 66 25 75
48 23 51 60 85 15 55 67 24 27
80 28 77 26 85 96 72 93 34 58
96 78 32 14 37 17 10 19 38 78
78 19 67 44 20 87 58 59 66 52
83 54 86 64 95 34 29 67 92 85
71 19 33 97 59 100 86 94 83 35
59 23 27 36 49 37 44 70 53 92
24 100 75 28 17 39 88 84 28 100
15 93 98 51 75 86 37 23 27 93
52 56 17 83 41 75 36 21 56 61
70 76 83 12 73 10 45 43 93 32
72 69 58 74 18 72 36 74 25 12
29 47 92 71 25 82 93 93 60 66
0.0575443
0.072587
0.0314344
0.122859
0.0652125
0.0966909
0.11991
0.0440943
0.0684632
0.105108
0.0394369
0.103953
0.0298337
0.106225
0.0605147
0.0477843
0.12741
0.128344
0.045305
0.0634023
0.107705
0.113784
0.0936335
0.0936742
0.0411437
0.0803789
0.040077
0.122434
0.103271
0.0954965
0.0443663
0.0853273
0.0869926
0.0915296
0.115974
0.0265173
0.0697986
0.0599101
0.0658496
0.0537623
0.0901807
0.105749
0.129751
0.0510746
0.106876
0.119612
0.0932757
0.113035
0.0837801
0.129418
407 102
193 286
182 26
168 124
438 285
352 345
326 156
63 45
390 81
332 339
393 84
243 273
169 433
354 323
462 210
254 416
451 498
243 152
314 383
202 468
383 335
387 285
384 458
77 165
50 337
380 252
171 144
252 403
181 27
240 394
160 330
251 69
432 229
373 259
127 409
355 154
192 129
363 25
140 64
321 313
416 488
432 158
85 149
266 222
342 325
65 389
298 277
249 198
236 166
307 63
