43
50
10
99 17 38 58 92 84 16 64 89 21
68 38 74 46 48 13 86 73 99 59
32 82 56 16 40 58 27 98 30 24
26 83 94 47 63 14 38 18 66 13
71 38 79 42 39 45 10 49 96 55
17 11 34 89 37 28 45 28 20 76
52 63 32 25 87 64 22 29 39 17
34 50 20 24 67 19 85 66 10 43
72 45 19 13 89 29 53 82 25 94
69 32 14 91 11 31 31 36 62 33
25 17 72 99 93 24 17 86 80 19
29 70 81 63 76 38 17 24 83 37
29 35 50 22 17 62 20 32 49 74
68 20 72 33 69 37 68 40 25 58
92 30 22 71 97 16 44 39 11 84
80 36 69 36 66 69 19 94 95 70
12 67 88 95 91 56 47 32 28 56
38 96 24 81 74 79 66 43 89 73
42 71 98 82 16 18 79 56 35 94
69 79 87 40 21 13 57 47 11 16
52 72 21 66 98 39 88 25 91 71
38 66 29 78 28 32 84 69 29 75
50 85 50 84 34 20 22 30 53 15
14 99 10 63 21 54 76 35 66 21
79 76 53 67 44 35 90 16 13 68
45 69 60 43 90 10 17 68 95 34
22 42 42 17 99 85 35 91 18 99
48 75 35 50 100 51 37 11 17 51
24 13 14 33 76 71 63 61 60 47
30 36 94 44 46 96 68 27 51 13
82 93 45 76 10 67 62 26 49 85
13 14 97 11 29 79 32 47 41 54
34 57 97 48 37 75 48 15 73 95
25 64 28 84 90 38 73 60 38 21
81 31 100 89 77 47 11 71 95 59
39 78 19 61 21 13 87 45 55 12
39 15 66 66 42 85 48 52 32 16
59 26 40 63 50 50 17 51 59 35
67 16 52 62 99 68 77 60 72 67
64 50 53 42 87 56 36 43 53 49
37 63 38 92 70 53 42 51 35 46
40 78 89 27 44 74 27 69 12 73
44 98 60 68 65 14 93 79 64 40
41 70 23 52 17 10 16 23 96 71
62 61 64 81 29 94 35 86 20 75
83 58 74 70 73 97 43 87 94 45
95 64 59 65 39 58 24 76 78 25
72 68 79 45 55 34 27 42 51 47
30 61 94 89 65 10 43 55 30 95
69 22 26 50 29 52 43 86 43 40
0.0822565
0.0645744
0.0952351
0.103126
0.0507888
0.0433836
0.10839
0.11494
0.0971666
0.0970321
0.0544345
0.0615314
0.0268469
0.0870598
0.0605779
0.0711975
0.052029
0.055639
0.107603
0.0864019
0.0551423
0.0875477
0.0518352
0.0799238
0.105651
0.123852
0.0501224
0.128492
0.118922
0.0508154
0.0340205
0.0430238
0.039658
0.0987891
0.0852156
0.0847908
0.0594513
0.0772463
0.0769305
0.0845252
0.102455
0.119392
0.0416484
0.100358
0.0522455
0.0733339
0.123023
0.10754
0.0698431
0.0966497
407 199
346 238
10 348
306 460
259 415
498 52
429 10
359 276
497 368
447 242
72 446
412 353
383 495
318 479
271 287
387 33
60 460
412 465
423 100
165 172
235 66
110 170
97 47
145 393
423 389
4 122
345 190
112 92
407 205
34 471
328 463
438 210
452 23
10 63
277 331
42 215
446 60
302 396
292 432
346 72
347 117
130 335
388 249
303 500
204 327
191 399
27 326
497 445
178 60
240 106
