6
50
10
81 38 60 15 28 80 86 35 20 86
99 80 51 12 95 88 58 65 29 73
24 53 98 11 50 12 63 41 41 41
40 29 93 88 70 19 47 63 83 54
76 58 25 12 90 23 32 48 81 16
10 53 97 20 41 82 54 35 46 92
24 13 74 65 84 77 77 77 77 92
51 58 21 93 76 20 72 69 80 37
73 90 31 47 40 38 47 59 61 29
44 16 43 34 47 80 68 36 89 57
36 80 28 82 58 34 65 82 24 73
91 64 53 40 65 26 53 74 91 77
69 97 46 56 87 88 19 34 24 67
12 43 38 76 22 45 87 12 45 11
39 33 22 85 20 62 29 94 54 13
29 77 50 15 25 74 43 55 39 95
13 51 60 35 68 56 32 90 89 17
75 57 28 32 29 100 34 70 93 88
28 72 30 79 51 18 58 66 73 56
51 52 22 35 59 40 73 78 93 88
94 81 70 21 40 51 83 60 70 97
86 92 54 21 64 99 78 72 10 25
99 81 37 46 57 58 13 34 86 78
77 62 40 100 72 42 65 38 95 73
38 73 84 47 60 22 50 35 38 65
56 49 77 60 90 100 25 56 44 36
33 100 10 80 48 94 81 84 46 99
75 52 26 83 10 26 70 88 83 23
37 36 56 54 53 33 60 16 58 66
89 18 57 71 28 27 35 19 20 62
56 17 22 35 41 33 76 36 54 34
16 36 65 59 22 66 34 54 92 63
54 79 42 32 16 47 84 49 85 77
48 100 10 84 94 34 56 71 49 28
50 10 66 10 16 84 52 56 24 69
85 49 76 88 53 20 17 38 41 90
65 95 63 77 28 90 97 14 88 75
98 58 69 13 99 76 20 32 65 93
84 11 39 38 72 51 73 11 25 54
75 20 91 52 83 79 80 59 81 40
75 88 47 71 72 11 72 34 95 67
33 81 54 46 57 58 37 85 42 18
55 42 55 79 28 86 58 48 94 97
71 78 77 58 93 57 42 34 26 88
33 75 79 23 52 100 18 64 84 92
61 53 46 35 82 24 50 59 22 19
79 97 44 100 84 95 56 28 95 23
24 73 23 38 100 43 70 96 39 16
47 50 23 79 19 18 17 57 32 80
17 73 49 28 15 66 83 68 77 34
0.0486911
0.0712762
0.102275
0.0743839
0.0866595
0.10075
0.034449
0.128458
0.11033
0.1103
0.0915433
0.0662462
0.0301789
0.107557
0.0871094
0.0984972
0.12174
0.0636712
0.0778231
0.0685681
0.0685971
0.0380525
0.0316073
0.0798004
0.117612
0.0360339
0.0861012
0.0453675
0.0890149
0.0777894
0.0483813
0.0889991
0.0813081
0.127816
0.0333021
0.12317
0.0840757
0.100995
0.0417772
0.0476105
0.0646659
0.0853035
0.0733519
0.108936
0.0278073
0.127554
0.0268236
0.0608365
0.0388355
0.0634109
353 348
125 355
471 360
18 209
185 259
88 351
254 27
481 465
186 250
340 340
173 213
175 456
76 240
221 407
70 49
112 466
78 466
450 370
248 498
498 178
105 82
62 313
21 7
173 251
418 41
407 437
339 233
67 221
150 383
87 15
23 224
151 145
158 242
210 406
253 388
182 375
349 347
130 285
392 420
137 340
461 297
443 293
312 319
247 438
394 465
423 208
415 192
71 62
57 286
206 462
