42
50
10
46 66 88 17 57 34 89 72 22 13
73 15 24 93 57 35 89 16 59 11
100 23 91 47 48 54 93 58 81 76
96 84 99 23 42 74 85 50 85 95
40 76 15 62 24 48 69 82 78 44
45 33 56 46 25 27 24 25 66 41
27 43 37 94 84 48 26 10 56 27
89 61 27 63 91 16 14 81 87 68
21 60 68 13 76 28 95 15 20 45
56 75 41 36 52 64 52 24 26 50
39 26 97 10 26 80 43 67 42 68
93 66 31 54 22 79 37 65 79 60
53 69 81 36 50 69 53 21 56 16
78 15 62 95 21 79 77 46 93 78
78 80 45 12 56 11 82 87 20 96
66 42 80 78 53 76 86 91 58 21
93 88 21 60 79 11 84 41 32 95
33 48 80 10 20 71 16 85 81 62
52 55 62 68 64 12 48 52 43 12
87 76 100 75 94 80 59 86 41 55
100 74 44 44 70 65 52 47 69 78
52 73 80 76 61 74 63 47 72 47
51 78 84 67 96 95 99 89 92 80
40 74 57 20 81 51 46 89 31 83
81 18 71 78 27 28 13 37 47 30
51 78 34 45 19 15 34 48 84 65
37 61 68 24 75 11 20 71 13 84
58 54 57 21 49 71 57 95 58 26
57 55 84 16 29 68 77 76 76 21
54 69 35 25 92 53 86 68 24 63
64 68 59 16 35 14 98 13 19 48
75 41 16 69 98 34 28 69 58 21
43 58 78 71 77 32 18 99 76 11
28 28 71 38 87 16 32 15 30 30
61 31 54 29 41 22 83 50 26 76
11 56 40 51 49 16 47 59 77 66
12 64 77 17 52 39 75 86 83 79
53 19 76 87 57 70 20 16 75 38
52 39 14 11 52 89 72 39 18 44
98 81 34 27 29 62 43 20 55 42
17 41 91 100 76 19 45 10 32 100
57 50 64 32 70 50 49 65 22 22
86 18 97 85 41 90 85 30 47 17
81 33 15 79 32 86 61 29 89 36
18 25 54 39 35 10 41 54 96 51
73 42 53 98 65 27 29 83 83 21
85 50 51 20 92 22 19 92 29 68
40 58 82 61 88 28 92 83 40 46
23 43 11 74 84 77 22 99 63 28
74 93 53 78 99 45 93 11 36 17
0.0553967
0.0786403
0.0834305
0.0523286
0.0464947
0.0379148
0.0439985
0.0433124
0.111007
0.0682054
0.0929678
0.0837094
0.0972173
0.0962543
0.0763489
0.0653518
0.124915
0.0558274
0.122378
0.0393942
0.0950612
0.0263524
0.0890388
0.0652486
0.0382466
0.108245
0.0611448
0.123505
0.0929451
0.119146
0.0378324
0.128904
0.118111
0.0531648
0.101217
0.104406
0.120529
0.0320261
0.0829926
0.110604
0.123087
0.107487
0.107963
0.0611346
0.0940486
0.111079
0.119509
0.11856
0.101361
0.122194
201 308
314 173
205 420
177 171
13 114
216 142
85 328
414 460
443 280
121 461
107 280
199 198
401 479
389 68
139 392
182 342
394 468
32 459
314 163
216 110
299 79
202 458
55 213
71 49
287 34
35 268
467 101
255 263
365 417
260 104
189 103
373 435
112 200
191 7
153 287
497 154
184 479
48 263
252 91
243 25
236 439
218 98
335 18
70 293
492 116
139 40
195 117
70 269
307 357
314 86
