12
50
10
62 18 82 68 95 93 55 46 74 29
64 67 75 79 52 51 55 14 39 90
53 45 18 79 45 37 40 82 82 100
27 34 96 87 51 79 48 75 45 92
74 99 77 91 96 50 57 58 21 92
95 92 70 33 50 96 76 73 35 61
46 59 90 79 45 72 18 54 95 47
52 77 39 60 40 92 31 75 55 58
69 67 69 91 50 85 95 53 72 35
41 35 37 92 43 37 44 69 97 69
80 93 49 34 79 98 49 95 56 12
43 32 66 28 24 23 92 35 19 89
36 58 70 82 70 61 32 11 30 43
21 23 96 70 76 72 44 27 78 93
24 48 63 12 96 41 69 40 15 39
80 74 75 37 13 12 17 40 74 96
52 98 12 49 44 74 70 17 91 52
15 91 10 40 12 74 54 93 64 20
25 24 43 33 86 10 19 87 65 76
28 60 82 91 21 22 43 48 53 32
99 31 21 73 34 92 67 99 14 66
80 34 40 91 76 81 53 87 87 86
100 91 54 41 71 76 86 41 79 32
84 89 22 12 57 61 77 55 30 81
76 13 36 70 36 22 68 30 37 29
75 87 76 23 78 84 20 97 19 17
62 59 37 25 74 90 80 83 33 17
91 96 71 86 89 54 20 42 79 90
50 22 35 74 85 77 78 52 53 97
99 36 70 40 92 46 66 89 71 82
20 24 90 56 54 37 67 63 81 20
43 71 67 58 23 23 94 78 40 99
24 58 36 88 55 37 79 87 78 91
61 82 55 100 100 64 18 25 23 59
78 12 73 77 100 18 89 47 47 71
16 39 90 59 93 63 69 37 34 72
20 38 39 54 25 44 77 66 92 48
84 62 57 21 86 12 74 75 27 15
68 51 56 19 60 99 26 64 18 69
13 24 48 19 62 11 71 91 17 47
47 48 24 99 27 18 18 44 27 26
65 71 38 16 50 37 35 40 13 94
77 96 97 19 94 81 37 65 36 56
71 57 96 31 36 67 47 14 55 19
52 81 69 28 17 62 68 13 92 61
65 17 62 93 31 13 79 100 19 85
75 55 15 66 92 23 86 47 72 35
53 79 56 63 100 28 53 14 56 10
83 100 57 84 17 82 62 48 96 55
18 97 75 73 40 60 51 24 18 66
0.0291964
0.0720863
0.124554
0.0830039
0.0516421
0.0781169
0.119694
0.0857169
0.0720463
0.0370894
0.0451949
0.112078
0.124398
0.101947
0.129329
0.055835
0.113817
0.0482919
0.0760952
0.114176
0.110027
0.0575368
0.0495152
0.126873
0.0563974
0.0417147
0.124459
0.0797911
0.0952549
0.115563
0.0639526
0.055547
0.111017
0.124137
0.0623846
0.0966469
0.0652377
0.121954
0.0464272
0.120359
0.056668
0.0936402
0.112169
0.0826081
0.0298318
0.0524344
0.0995171
0.0855952
0.0508026
0.125749
78 47
114 345
7 270
167 353
234 195
464 204
375 493
253 462
310 425
339 311
387 236
247 230
284 380
222 28
150 499
369 113
235 82
121 96
107 192
480 177
462 373
32 202
161 330
8 410
163 466
428 299
143 292
257 409
135 489
275 97
110 125
258 443
110 463
238 227
30 290
167 335
256 143
459 117
144 171
450 7
216 126
332 224
121 257
152 443
40 435
195 226
357 413
350 274
175 68
8 337
