49
50
10
57 83 57 78 57 15 53 22 59 42
47 92 29 36 26 24 95 87 47 48
45 33 63 85 54 86 96 23 99 84
30 82 21 48 47 83 19 35 30 86
12 36 87 44 55 53 20 60 77 16
96 100 28 90 77 26 67 72 64 11
100 54 23 96 19 68 87 58 60 10
26 53 67 75 15 55 83 64 49 32
81 47 66 31 95 10 39 79 36 36
31 67 64 31 69 63 81 32 21 17
41 40 15 74 10 71 17 27 42 82
81 19 19 34 69 13 59 77 20 95
34 16 29 65 86 11 74 76 46 54
86 89 99 56 56 44 11 91 61 63
71 80 41 40 91 97 41 82 53 73
31 55 32 46 59 47 41 66 39 76
29 46 87 29 20 68 76 34 51 81
94 46 74 37 44 72 62 13 12 25
11 89 21 41 20 11 15 45 78 56
48 42 67 18 90 89 23 37 21 30
19 67 55 58 49 95 67 72 24 65
26 98 94 36 96 33 66 52 43 86
95 95 32 50 34 86 57 90 91 13
69 86 19 41 69 66 81 81 53 44
83 89 30 32 79 16 47 39 100 36
70 90 69 88 90 79 36 93 15 75
91 34 43 15 56 82 30 28 50 75
88 64 63 49 65 20 76 81 58 51
16 90 64 36 49 87 49 35 66 14
84 100 28 55 32 80 85 90 66 13
34 49 13 71 48 82 72 80 16 85
73 70 44 24 79 96 32 70 19 10
84 19 17 31 82 76 61 25 52 47
12 99 16 87 55 26 14 42 42 98
72 34 73 90 76 67 85 76 99 72
53 25 19 33 24 45 44 48 20 37
98 49 66 31 97 76 65 51 67 36
40 86 28 96 50 11 34 37 34 23
27 41 38 11 30 21 22 37 45 43
85 42 88 87 40 95 83 43 91 11
60 90 41 43 24 84 62 98 41 43
35 46 93 92 82 33 43 27 76 41
15 49 75 14 22 27 84 73 40 52
86 54 82 90 36 15 62 43 17 50
75 37 29 35 92 70 73 52 44 90
89 16 38 90 91 33 69 74 14 40
47 73 15 32 59 14 88 74 85 63
77 26 90 97 75 97 84 59 86 43
98 60 65 53 13 16 89 18 30 32
72 52 78 93 60 77 11 54 38 76
0.0730943
0.0628603
0.0696916
0.0933719
0.0714406
0.0885796
0.0575626
0.077688
0.0507325
0.105997
0.0692196
0.0477326
0.0834569
0.0288478
0.0959498
0.128469
0.0898305
0.0296185
0.0422665
0.0775179
0.10817
0.0997529
0.0868194
0.127601
0.0811118
0.0801607
0.0626243
0.0545497
0.0500258
0.11712
0.125433
0.119688
0.0287646
0.106939
0.117558
0.0653001
0.129863
0.0522392
0.0963498
0.0410286
0.0955868
0.0990802
0.0370908
0.0540517
0.0777053
0.0928832
0.0653611
0.125539
0.116874
0.0361813
208 347
81 237
453 320
64 274
311 86
301 53
268 306
86 492
383 168
226 240
408 75
434 464
75 403
349 92
362 212
22 431
313 119
487 71
429 98
334 187
349 95
45 478
419 269
27 93
390 26
156 89
21 106
309 418
51 474
244 64
177 297
187 208
493 336
178 196
360 325
353 136
262 365
471 173
20 424
300 126
463 287
331 205
411 195
14 332
219 169
127 394
290 430
311 169
353 203
95 202
