11
50
10
14 26 86 32 87 24 88 68 10 28
14 89 93 99 74 31 56 20 51 82
88 69 35 99 85 96 10 11 38 23
18 68 50 28 52 13 91 86 51 55
86 76 75 79 44 57 75 98 93 21
27 21 54 89 55 82 55 98 26 42
24 63 14 67 92 32 86 29 39 87
87 96 71 96 34 48 86 39 44 11
34 34 53 39 58 95 36 55 24 23
16 32 59 23 80 65 85 80 58 66
92 79 89 16 92 73 84 13 34 10
97 23 31 43 98 65 41 38 35 91
63 57 65 99 77 93 69 46 36 52
97 92 65 89 35 16 42 61 28 84
70 75 47 75 78 45 85 22 44 52
35 17 53 64 99 92 17 86 81 55
48 24 71 22 42 15 82 10 59 58
33 41 48 80 37 18 73 52 19 25
73 19 78 59 51 19 52 80 62 73
34 98 24 95 21 22 75 40 70 24
35 24 85 46 48 32 36 21 19 62
76 21 77 70 97 35 52 100 50 85
45 88 31 51 55 40 43 23 28 46
91 60 50 12 50 59 56 77 97 97
86 97 77 50 23 13 39 45 61 57
19 75 34 18 90 59 33 43 75 45
74 68 94 57 97 32 84 31 66 73
97 50 83 72 79 62 78 68 78 52
92 56 96 82 58 64 95 92 51 23
91 16 97 50 75 80 75 82 55 33
70 51 47 71 57 73 19 99 90 23
47 44 31 23 70 96 14 42 55 76
76 40 24 28 33 28 38 29 23 55
20 68 68 48 54 41 19 21 18 88
35 92 55 35 63 83 92 15 38 13
90 63 50 20 51 18 62 33 33 96
72 66 72 88 23 100 89 43 20 12
19 72 76 55 39 50 97 58 32 82
99 83 21 39 53 15 54 58 92 72
90 71 86 59 93 53 27 58 31 33
83 94 23 53 32 56 13 99 48 96
31 47 23 67 22 34 48 25 43 66
23 52 96 69 72 65 82 61 17 11
47 90 25 16 97 53 57 27 49 65
12 32 65 37 97 32 51 24 41 46
92 66 64 23 35 77 99 32 63 71
21 88 77 35 82 71 14 74 40 82
69 93 41 60 75 61 10 99 44 13
51 99 91 76 94 56 28 87 91 81
38 51 34 23 60 82 14 30 24 90
0.0900312
0.103269
0.103247
0.110222
0.0362309
0.122221
0.0633228
0.037954
0.0370969
0.0708629
0.0947149
0.118115
0.0635534
0.0804176
0.088762
0.0866561
0.0419202
0.12632
0.1085
0.0583816
0.128568
0.129159
0.0593925
0.111386
0.0456598
0.0721167
0.0737598
0.126503
0.0294814
0.127962
0.0568565
0.0658164
0.0985874
0.0411771
0.0777275
0.0481017
0.107186
0.0547606
0.0489225
0.0841333
0.112244
0.115536
0.125538
0.0502689
0.0877428
0.0300888
0.0346261
0.101601
0.0404285
0.12115
44 233
280 85
362 191
283 218
262 407
389 92
156 1
325 296
155 422
292 324
332 445
10 402
54 384
381 357
500 183
474 0
137 404
50 307
209 441
416 420
464 25
31 129
20 34
279 465
142 387
151 200
366 345
204 286
132 203
194 197
460 374
418 30
312 45
329 84
309 182
264 238
234 229
236 158
15 438
388 310
114 479
397 213
169 62
365 55
351 270
495 115
201 227
301 475
338 396
291 271
