19
50
10
90 65 87 38 18 50 92 86 100 32
93 81 48 32 17 22 62 99 27 30
26 86 27 36 45 27 35 24 29 52
15 62 87 91 93 47 89 18 76 92
51 96 22 16 46 45 97 57 51 67
70 68 20 84 80 82 96 76 13 96
99 59 39 14 71 93 22 43 76 69
52 40 50 61 47 87 13 46 82 85
71 10 70 24 36 89 98 79 10 43
26 75 44 34 86 33 10 80 10 87
64 76 72 80 72 35 43 98 99 55
31 65 10 84 15 10 47 22 70 16
56 99 41 98 85 24 51 51 74 63
33 62 95 83 66 32 29 12 85 44
58 69 35 72 99 79 23 28 75 98
56 36 74 14 65 99 77 88 99 80
80 48 100 87 64 30 58 78 12 39
38 75 79 75 29 17 15 89 46 58
19 13 43 26 50 30 10 96 86 61
17 96 59 41 12 40 63 10 62 75
64 39 94 47 68 77 22 23 60 64
21 38 88 31 38 74 15 75 57 11
43 29 100 87 71 39 63 55 64 45
90 82 22 38 73 56 98 96 56 79
13 66 91 33 26 93 32 20 38 68
80 71 75 41 35 48 39 54 19 14
31 22 77 79 28 62 37 59 89 83
48 49 49 59 27 10 33 31 45 65
94 92 66 26 59 58 18 41 23 59
47 67 70 37 32 51 95 22 81 22
83 32 58 46 48 54 46 17 16 89
21 72 34 54 29 22 31 82 30 18
79 89 45 87 72 26 75 72 78 92
27 41 90 64 77 17 45 20 35 44
50 84 100 37 45 97 81 14 57 48
76 67 32 49 24 68 28 54 28 42
23 44 22 58 93 86 89 41 18 98
10 89 100 44 24 96 74 41 40 87
57 56 47 52 60 10 55 56 83 86
12 18 12 14 94 58 76 46 87 56
94 93 19 38 14 55 84 69 94 34
88 82 15 20 15 23 75 96 35 67
60 25 97 67 44 18 82 58 59 32
91 13 15 98 34 23 40 59 39 13
91 59 37 43 59 98 49 81 50 17
53 27 93 87 85 13 49 92 45 93
20 89 13 62 82 76 91 25 75 52
88 64 53 61 26 19 100 29 71 43
95 53 88 93 69 35 87 50 72 29
66 45 73 28 42 51 36 85 24 47
0.124783
0.129436
0.11515
0.0420943
0.0756517
0.0872716
0.116979
0.100068
0.088575
0.0909352
0.101319
0.127422
0.0659072
0.109871
0.102021
0.058631
0.0384811
0.0317027
0.0354098
0.0627787
0.0699932
0.103621
0.0543443
0.0894502
0.0819652
0.0713338
0.0321041
0.103119
0.119028
0.0809106
0.117116
0.082523
0.075935
0.039119
0.113235
0.0930326
0.073841
0.0293272
0.0562901
0.0887877
0.0734195
0.0547838
0.120621
0.0950106
0.106683
0.109211
0.0624992
0.116369
0.0601233
0.0883504
210 182
188 102
446 77
416 82
144 337
261 251
3 315
41 349
168 410
35 44
174 43
451 127
329 226
379 138
349 444
90 470
69 251
285 23
145 421
161 377
137 178
299 335
479 444
68 24
30 393
249 66
31 193
54 237
93 263
201 426
481 419
112 320
467 364
243 425
325 167
373 452
302 199
311 292
294 110
67 35
154 218
206 455
349 45
191 353
452 464
448 327
119 319
431 330
194 207
222 315
