5
50
10
57 33 24 88 74 75 23 49 22 73
61 41 89 46 67 51 88 25 87 74
56 32 94 34 57 34 23 50 99 99
60 51 68 87 23 87 39 85 64 62
90 17 80 39 45 36 68 30 61 49
12 49 94 29 57 88 19 39 86 63
10 14 99 13 24 42 32 78 21 84
27 14 96 13 39 83 33 93 100 42
78 45 11 75 75 12 25 34 51 62
89 26 97 72 86 16 49 53 17 21
51 96 71 27 61 96 43 25 45 97
15 13 71 78 30 72 53 36 78 25
97 67 82 90 75 88 71 75 100 58
26 67 76 36 85 80 32 85 54 30
47 58 32 91 54 25 67 94 51 30
60 100 49 58 31 20 16 16 25 62
65 77 40 58 62 91 46 47 35 39
98 59 50 70 86 45 51 48 43 80
73 95 36 30 71 74 20 77 63 92
66 97 61 86 45 90 19 63 81 26
74 72 91 27 75 57 13 46 16 52
30 29 88 64 68 31 14 54 25 95
80 79 11 99 74 76 33 72 63 26
23 49 46 86 95 74 89 32 69 50
35 79 76 72 86 27 66 27 78 51
10 90 61 74 77 29 32 96 21 74
57 10 43 57 18 95 91 27 100 71
41 13 82 23 81 16 88 68 22 95
18 31 61 80 16 75 51 45 37 23
40 50 79 28 28 92 21 72 72 17
83 12 44 32 61 64 13 35 59 96
93 31 35 49 85 16 82 45 94 47
64 42 76 54 45 31 36 44 36 72
29 21 34 66 89 53 67 93 67 76
44 58 24 22 91 52 96 24 62 70
77 51 60 77 23 31 87 48 90 59
37 99 28 34 83 96 51 25 36 42
28 81 90 94 45 38 51 70 92 43
52 57 97 19 24 34 91 24 39 62
38 66 27 26 72 64 33 87 63 63
38 47 17 69 71 56 88 47 63 13
54 37 23 49 51 91 69 50 50 22
10 63 77 14 25 97 67 19 61 49
38 37 12 30 26 82 29 64 73 63
42 19 60 73 18 29 85 93 95 58
74 73 54 16 46 77 31 64 85 18
80 49 75 63 13 46 42 28 80 68
24 74 65 32 19 46 34 56 43 35
72 80 56 27 78 31 39 17 57 41
41 91 67 12 32 69 10 21 50 86
0.0979934
0.0713291
0.109429
0.0777284
0.112521
0.0825493
0.100636
0.0695535
0.0656669
0.0435527
0.128925
0.0280263
0.103
0.0350129
0.0725774
0.113482
0.0852482
0.0916053
0.0265764
0.0627608
0.0552398
0.0366208
0.0922907
0.0803114
0.0753624
0.108226
0.0301695
0.0625385
0.027175
0.105144
0.053361
0.12804
0.0745756
0.126802
0.0372236
0.0812513
0.0789788
0.0683635
0.12227
0.11433
0.0785153
0.1209
0.032681
0.070065
0.0991196
0.0431529
0.126789
0.0283763
0.030506
0.0757041
275 428
383 207
115 207
424 250
159 261
333 2
186 292
491 346
147 8
208 125
481 288
463 146
77 382
128 106
52 256
108 358
268 325
150 72
352 352
394 479
358 311
103 17
97 438
150 97
130 202
435 424
348 257
268 321
223 70
18 280
132 215
26 115
484 76
155 96
397 338
172 236
332 468
357 187
75 482
39 59
460 379
396 49
278 59
387 164
282 115
500 469
168 370
441 410
378 315
467 253
