35
50
10
13 20 40 47 32 48 23 81 59 62
75 89 16 38 36 24 94 29 56 67
52 95 99 19 36 86 85 28 88 89
54 92 36 24 56 59 60 43 80 71
90 44 41 86 81 97 94 32 31 73
58 99 67 61 51 53 34 72 21 26
87 49 71 40 24 41 45 28 79 22
54 87 76 60 84 98 15 100 92 66
46 63 50 62 46 26 14 15 90 72
73 90 76 85 40 71 62 57 13 36
27 51 85 92 94 25 45 42 45 90
31 41 37 58 18 13 84 97 31 10
56 92 39 10 88 56 10 19 67 81
24 43 82 27 17 29 44 50 33 37
96 38 87 61 80 91 79 66 86 29
53 30 63 94 34 98 79 42 16 70
37 90 52 66 18 25 80 11 56 43
99 67 93 73 42 50 93 77 77 72
48 28 25 43 23 87 36 69 17 25
63 33 97 14 87 39 98 84 10 57
27 90 11 53 79 91 38 79 24 87
23 30 14 34 27 66 56 91 51 73
62 42 22 50 71 95 32 10 48 83
50 63 43 93 21 49 13 100 30 16
31 70 43 24 31 57 76 47 81 19
53 60 45 40 59 17 46 71 91 41
20 76 26 32 86 83 95 14 100 87
29 66 39 98 68 50 11 68 19 72
87 10 90 59 55 11 55 22 57 65
58 15 42 33 41 33 84 95 90 25
65 61 48 65 73 35 68 11 18 40
65 59 89 31 51 39 44 28 67 56
74 97 51 67 19 73 26 30 66 85
41 97 46 15 21 65 62 28 41 30
100 12 44 31 67 99 82 66 10 12
68 78 60 68 69 14 89 78 68 60
88 13 80 69 29 48 81 19 39 16
33 81 64 28 11 16 62 44 34 83
67 87 73 100 65 46 67 63 39 36
59 72 59 84 31 27 72 64 16 37
99 36 42 69 85 94 63 10 47 41
31 11 18 41 21 10 56 78 62 74
86 12 22 47 81 11 65 17 77 46
14 55 71 29 68 79 75 31 76 61
62 17 30 21 88 19 44 68 42 48
79 14 97 57 70 44 36 10 63 95
29 82 63 84 22 67 32 17 72 83
51 35 34 29 70 18 13 41 62 90
95 27 56 59 93 39 99 72 22 12
91 78 89 83 44 72 94 29 19 73
0.0436131
0.108385
0.0493183
0.0888891
0.12092
0.0329354
0.0388612
0.0746283
0.0749125
0.0590558
0.0942608
0.0506479
0.0736158
0.0761842
0.082709
0.0940068
0.0358489
0.118831
0.0956902
0.0663748
0.0817787
0.104695
0.068481
0.101286
0.0871793
0.0306373
0.0851688
0.0986984
0.0458361
0.0500769
0.0415826
0.0369126
0.0283672
0.104967
0.0944627
0.0765849
0.086081
0.0992039
0.09061
0.0454532
0.0380244
0.0381936
0.0925789
0.0355862
0.0380215
0.090343
0.0569947
0.0267769
0.035762
0.0928882
293 76
324 370
184 34
130 498
340 286
79 380
321 243
318 236
288 275
151 229
229 427
187 301
199 108
155 401
145 186
241 27
388 249
343 456
268 153
169 265
418 301
304 449
199 215
123 54
77 387
197 135
49 275
404 415
21 190
201 255
4 171
45 421
254 431
104 192
0 233
428 416
342 124
146 373
133 437
318 231
205 57
338 497
478 322
453 207
223 270
65 391
46 91
287 418
161 353
184 452
