12
50
10
74 27 68 33 90 36 64 64 56 84
64 95 77 35 30 44 68 87 25 53
28 95 16 82 72 85 54 53 21 46
75 24 66 57 18 24 57 84 24 43
82 61 88 73 85 55 64 43 28 41
32 20 22 49 40 28 71 73 88 76
71 71 34 44 51 22 67 44 15 65
39 94 93 82 77 84 76 38 58 91
83 29 83 48 73 65 94 84 88 54
87 52 100 49 88 35 29 55 86 40
79 75 54 13 85 28 46 20 18 81
83 40 41 27 82 81 10 29 31 21
44 34 83 27 60 38 26 41 72 77
97 10 100 39 15 37 82 35 77 89
75 58 10 21 24 27 87 97 76 67
51 96 31 22 77 63 18 94 26 97
90 45 67 91 32 18 97 61 70 41
62 94 74 88 32 17 99 68 62 34
43 73 67 61 99 64 87 97 31 79
15 49 48 30 87 94 52 65 47 99
75 80 59 77 29 25 82 33 65 89
58 79 37 70 38 82 42 53 52 98
33 85 93 73 50 70 32 76 87 34
52 56 74 93 10 42 92 78 35 27
66 14 40 23 91 33 13 35 98 93
88 37 78 18 81 76 54 90 60 57
35 24 96 53 46 31 26 43 80 43
18 20 95 55 20 78 82 37 20 79
61 31 38 50 87 62 88 41 47 31
30 98 14 56 15 65 33 61 67 77
86 56 49 74 60 39 12 99 24 37
16 72 34 60 56 41 92 27 86 98
85 30 51 99 95 20 24 53 82 84
79 19 76 11 33 10 16 30 69 41
59 40 18 60 78 25 63 92 34 15
73 57 25 84 56 87 21 33 82 30
57 62 75 83 86 56 77 15 44 23
23 26 35 20 59 28 14 70 99 71
57 60 61 82 89 60 35 91 60 50
59 69 43 56 56 18 17 53 29 38
21 64 98 65 47 26 19 23 96 86
64 16 90 91 34 54 63 59 15 30
35 11 20 60 92 52 98 54 61 74
37 26 49 66 42 62 62 41 56 62
45 76 54 14 24 84 13 10 25 95
77 43 68 32 67 48 86 29 86 18
72 69 47 35 23 95 78 93 77 89
22 95 37 49 45 69 67 21 71 49
16 11 69 25 12 60 40 86 24 57
31 77 92 13 50 80 36 49 80 44
0.0865969
0.0655458
0.0363319
0.0995043
0.107582
0.0533277
0.080218
0.0962161
0.099122
0.122174
0.0982398
0.0326183
0.0398137
0.100521
0.055427
0.0602637
0.11252
0.10171
0.0861185
0.127693
0.0265345
0.0840355
0.0710896
0.0404498
0.0265743
0.126826
0.124759
0.0842202
0.106846
0.124231
0.0377102
0.0963277
0.059035
0.113423
0.0453452
0.0463095
0.0662086
0.109945
0.0351169
0.0406061
0.0896734
0.0383804
0.102588
0.125703
0.0963846
0.0446095
0.0484493
0.0997231
0.110838
0.0485881
56 65
65 459
304 37
487 383
215 428
225 32
244 431
182 154
361 197
183 491
489 373
384 493
283 386
224 282
450 6
423 18
463 370
207 164
455 207
487 309
366 178
101 359
496 420
364 308
304 244
73 35
351 142
27 333
33 173
354 289
341 390
56 3
139 458
206 412
428 335
374 168
275 19
57 481
475 484
463 197
298 272
221 496
193 88
80 159
101 192
283 201
65 52
186 229
43 411
184 437
