39
50
10
90 34 72 55 49 39 20 65 10 46
85 91 84 52 26 12 55 30 74 75
39 72 46 64 48 15 20 30 27 62
95 79 68 79 39 45 47 56 23 40
10 49 72 40 53 89 27 98 23 79
48 40 16 87 80 28 49 57 95 71
98 60 49 15 69 85 92 91 42 17
65 23 90 67 97 59 10 63 95 28
74 43 56 20 96 82 78 24 86 70
63 77 61 45 63 53 75 48 43 68
78 71 71 60 33 64 54 25 39 83
39 85 96 87 17 41 29 52 33 58
44 20 11 40 73 100 97 90 97 100
73 92 96 95 10 69 24 41 73 37
19 28 100 48 67 12 77 71 64 33
88 99 20 94 71 32 89 20 78 95
59 35 57 74 18 33 95 19 69 80
96 15 62 65 98 52 54 55 16 12
75 78 59 30 31 67 87 47 19 96
48 13 10 49 68 73 77 54 73 56
82 86 63 71 12 36 35 14 48 10
95 78 91 37 37 95 23 93 92 22
74 90 67 53 84 70 67 69 97 35
92 27 58 54 76 76 74 37 70 62
25 58 18 62 72 65 11 91 31 38
48 33 26 83 38 39 95 29 68 67
74 80 47 56 58 29 71 50 20 57
70 43 55 56 83 87 40 15 34 66
58 93 92 34 26 29 44 59 92 48
14 24 92 53 82 13 83 85 68 40
67 39 66 89 71 21 97 32 75 17
43 83 55 34 100 18 96 33 24 63
57 92 62 98 10 35 10 23 47 70
54 66 27 66 76 23 52 63 93 89
55 85 81 37 89 28 91 57 95 55
88 91 69 46 83 27 82 40 84 88
32 74 58 99 88 55 29 75 95 88
24 72 80 100 18 44 96 40 57 58
17 64 12 34 48 61 90 34 21 23
57 42 56 63 30 38 88 65 19 70
91 17 90 44 53 27 15 69 72 22
86 18 16 69 12 32 72 91 35 54
31 40 43 10 12 55 26 50 81 74
82 33 87 73 92 17 73 15 91 95
98 39 45 76 69 72 13 36 28 26
28 73 95 86 78 41 40 69 11 59
53 92 34 85 29 30 91 56 91 10
60 18 46 56 60 72 65 63 94 47
75 83 32 90 49 58 41 66 47 12
36 92 91 23 95 36 97 53 66 28
0.0901635
0.0543798
0.0296846
0.0673174
0.11686
0.0776897
0.0741029
0.030568
0.0871992
0.118165
0.0536304
0.0814724
0.0873839
0.128144
0.0642715
0.0428245
0.128633
0.0267899
0.115741
0.0973076
0.0735056
0.0501297
0.0906875
0.0441529
0.0422638
0.0667114
0.047549
0.0359978
0.0539426
0.0328142
0.056511
0.0570217
0.0945084
0.0775852
0.0555578
0.0926482
0.112611
0.099906
0.0512365
0.0937074
0.102442
0.0680087
0.123803
0.0906959
0.0956916
0.120189
0.0290669
0.0517893
0.0858733
0.0389751
487 11
106 182
283 345
455 164
185 296
487 114
20 261
326 43
305 444
448 137
481 258
55 320
370 141
50 449
146 396
240 345
420 464
333 105
29 355
193 435
247 456
208 135
135 220
3 449
316 340
181 350
381 447
453 422
364 338
262 424
434 360
101 499
13 174
466 336
219 370
429 317
493 111
181 80
91 126
291 318
292 315
329 207
454 209
293 273
225 52
400 411
16 420
417 50
276 422
248 9
