32
50
10
24 79 69 30 39 62 82 61 56 27
33 49 43 15 18 34 77 81 39 23
71 52 51 69 49 81 57 75 11 96
17 16 19 99 83 71 94 74 55 47
75 84 56 24 92 63 60 66 27 77
83 54 27 41 28 22 35 44 39 42
71 95 72 41 47 39 83 45 42 52
84 24 68 14 12 42 37 97 82 31
78 53 24 25 58 16 48 37 49 15
37 21 76 34 39 34 86 24 29 56
48 14 31 22 22 88 14 70 62 62
58 99 50 50 98 54 11 90 60 52
88 45 51 23 67 60 33 64 27 83
12 55 91 22 22 83 77 35 26 48
26 60 16 87 12 97 61 21 83 95
70 91 74 58 30 95 90 39 33 77
37 36 60 14 26 67 57 96 21 26
36 34 24 51 12 27 32 74 34 77
55 65 59 85 55 71 13 31 44 65
21 12 61 29 96 63 60 39 88 37
43 81 97 78 71 55 66 17 32 40
42 95 47 65 19 68 79 94 93 51
40 98 54 43 71 44 92 24 37 82
59 17 93 84 79 40 29 67 18 11
11 36 52 74 83 65 72 24 11 33
64 34 99 12 79 64 99 90 31 48
68 77 68 55 94 91 81 87 73 52
55 86 35 77 14 44 86 68 54 89
25 89 59 67 33 87 92 87 67 88
56 19 70 51 14 10 30 76 36 70
57 16 46 23 93 56 30 98 78 14
54 66 84 65 73 24 38 30 64 32
51 55 35 14 47 11 100 91 11 15
92 99 54 72 99 42 29 23 71 76
98 58 31 53 91 68 58 13 98 25
81 50 16 35 13 33 61 24 57 50
99 49 21 19 55 25 33 59 70 94
21 14 94 75 70 58 17 18 16 39
44 54 55 69 60 22 60 47 42 44
78 50 48 79 74 98 77 52 85 61
98 73 19 83 97 12 94 68 46 29
13 57 61 51 27 62 54 43 31 42
11 35 86 27 23 71 50 60 71 12
81 83 82 75 85 51 22 42 14 88
49 35 22 99 17 68 53 57 25 96
11 16 100 68 33 92 80 33 42 56
54 97 53 18 32 40 47 21 91 72
65 40 65 51 69 94 53 73 92 56
79 74 90 100 94 85 96 43 14 65
98 69 72 28 51 67 23 35 71 18
0.0967463
0.119622
0.0916002
0.0604723
0.0608445
0.0453735
0.0868786
0.10722
0.120139
0.0760793
0.0431436
0.110851
0.102684
0.0886576
0.0869016
0.0653076
0.117753
0.0964906
0.0564082
0.0379054
0.125585
0.0862544
0.0306282
0.0527163
0.0838547
0.0606755
0.129663
0.0578175
0.0972428
0.0308849
0.0744169
0.0566647
0.0657572
0.127664
0.122583
0.0561933
0.0958714
0.0839316
0.0658706
0.115886
0.0351658
0.123464
0.0323545
0.0764871
0.112384
0.0343881
0.108677
0.0918148
0.0708505
0.101385
372 474
163 459
363 73
417 374
24 253
384 269
472 469
326 224
171 2
140 334
185 401
115 151
489 75
166 35
278 196
186 186
37 292
181 287
131 298
144 180
209 127
109 293
205 375
365 26
364 46
380 8
181 212
116 8
14 85
170 217
374 105
341 156
57 312
125 451
164 423
243 169
100 243
148 246
471 306
46 40
22 69
455 156
286 409
365 240
207 493
261 412
212 386
220 136
339 484
487 256
