25
50
10
55 26 72 96 75 66 46 30 72 89
95 24 67 36 33 21 72 79 64 97
72 57 32 30 56 10 94 45 32 34
43 82 29 67 57 43 43 90 20 58
25 39 22 64 27 18 32 99 56 71
26 92 17 48 34 30 54 54 41 69
32 42 81 92 82 88 43 49 31 46
99 56 82 38 44 18 83 34 22 73
91 27 75 68 68 20 61 47 63 68
30 91 89 37 89 14 86 38 88 47
11 14 76 71 92 14 86 91 51 27
95 85 41 18 49 12 54 16 92 53
16 65 81 84 32 81 88 75 75 10
81 27 46 48 80 46 17 61 55 44
92 96 49 62 32 90 95 40 41 43
91 33 71 94 31 34 90 28 39 92
57 39 99 81 93 87 66 96 30 76
58 34 28 47 78 42 84 11 29 62
57 27 57 53 90 49 69 26 53 32
95 40 42 94 74 86 60 56 76 93
53 58 16 39 91 11 83 67 24 36
46 91 67 25 60 60 37 89 100 80
54 68 79 69 47 22 100 10 95 65
42 42 23 12 50 19 100 81 52 39
22 19 98 29 49 30 65 39 35 35
30 44 13 77 28 75 27 19 66 12
57 51 54 62 44 10 25 24 57 13
61 25 62 70 40 78 49 65 17 20
11 36 42 20 43 31 17 59 77 24
39 47 10 83 40 77 60 35 63 24
71 53 14 67 100 56 82 49 65 77
53 95 23 88 40 10 14 86 87 49
12 39 86 70 38 62 61 14 85 82
13 83 21 45 57 97 99 23 72 68
100 51 40 15 44 96 78 24 36 56
29 61 49 50 13 40 12 78 67 36
25 69 65 93 23 49 77 47 80 92
79 33 56 38 68 21 41 68 72 92
46 88 26 96 42 54 15 23 63 58
44 68 29 96 84 72 90 54 28 74
92 78 46 20 93 14 72 15 56 82
73 38 85 18 10 51 23 37 36 94
60 96 70 52 58 47 94 77 21 74
10 29 27 78 72 85 91 42 52 26
98 20 29 40 97 11 22 94 16 25
96 62 97 61 24 90 98 13 76 87
94 69 81 57 85 70 26 33 58 41
28 33 90 29 45 28 41 62 48 44
21 42 61 22 17 71 69 39 49 84
24 59 99 46 94 96 18 87 45 92
0.0931173
0.0870811
0.0797192
0.125651
0.0732129
0.106881
0.0606912
0.0475056
0.0639872
0.0839252
0.079125
0.10927
0.103294
0.126751
0.0547536
0.0810269
0.0569775
0.0824534
0.111562
0.0638302
0.0938713
0.101602
0.0300036
0.0984905
0.0817045
0.0794105
0.089441
0.0343197
0.053246
0.0855126
0.0929777
0.123579
0.0779773
0.0299699
0.11535
0.0943378
0.0445749
0.0673411
0.0617966
0.0620822
0.0312899
0.0309013
0.101141
0.0267598
0.0347594
0.0315797
0.0995745
0.0704632
0.0844588
0.0854258
266 161
77 164
247 483
159 326
207 175
397 158
300 427
342 429
227 352
60 159
175 117
241 37
148 115
48 343
449 483
428 454
140 366
247 69
296 346
421 79
308 378
259 347
251 225
47 43
317 475
161 437
258 133
8 180
396 4
429 358
300 37
338 344
64 496
493 121
351 370
25 244
4 300
83 345
324 349
20 136
210 369
89 351
380 93
116 398
100 62
163 71
468 378
213 120
193 110
271 430
