39
50
10
92 12 96 35 22 15 18 67 92 71
98 44 42 25 12 15 81 77 41 64
74 78 81 17 44 35 43 73 38 76
62 34 34 38 82 89 37 19 46 96
45 28 29 95 40 49 58 75 21 43
100 77 99 10 45 11 47 32 67 40
56 92 57 33 63 77 89 54 20 50
28 64 62 28 99 51 24 33 17 80
91 31 100 56 52 94 94 84 58 70
83 33 27 44 13 13 74 33 47 85
28 97 67 89 13 15 35 54 16 91
80 15 13 54 53 14 49 23 59 82
66 98 34 12 75 27 21 22 59 77
29 20 65 61 89 36 77 44 51 78
78 100 41 46 54 34 67 48 27 30
79 43 94 58 39 23 95 10 16 71
41 78 26 62 69 88 23 16 66 100
97 87 95 67 63 77 47 91 51 78
46 18 39 89 69 25 12 77 57 98
83 44 66 89 84 62 43 70 46 36
31 97 47 99 93 86 42 81 88 25
10 31 29 28 91 81 29 53 63 91
60 17 92 26 57 43 37 79 68 94
14 15 83 86 84 93 90 90 38 56
87 90 22 76 81 76 41 84 43 95
86 56 81 82 14 83 74 48 79 36
58 19 57 23 39 40 52 10 51 37
28 56 53 66 43 21 32 27 73 22
41 35 76 89 11 13 14 19 16 30
76 53 78 71 48 92 15 12 12 80
36 99 91 61 23 48 43 66 15 64
64 31 58 13 85 31 10 47 92 41
71 13 67 86 42 76 42 54 87 67
99 90 95 29 56 10 89 86 46 58
82 89 30 92 20 93 81 46 80 40
60 33 67 30 73 61 83 100 45 85
73 62 85 77 82 98 55 44 64 25
43 63 29 11 75 34 35 42 15 97
53 28 90 97 16 84 83 41 67 32
77 11 13 96 32 97 74 10 70 53
45 81 99 13 94 59 59 45 33 14
36 69 68 15 93 47 76 89 68 63
94 22 83 25 72 26 13 34 64 45
40 24 100 15 10 16 16 69 88 84
71 10 63 54 71 60 42 44 61 56
75 90 59 31 12 13 20 40 100 14
30 37 59 65 48 34 50 82 33 93
62 84 69 81 21 23 68 17 54 69
68 85 78 95 69 86 79 15 95 60
46 96 50 70 65 22 40 20 56 86
0.118002
0.0492975
0.0744385
0.080975
0.0758287
0.0460357
0.111779
0.0555286
0.0624681
0.0464351
0.111253
0.0925519
0.0916863
0.112062
0.0817017
0.0809695
0.0867651
0.0439351
0.0479119
0.088403
0.0933539
0.101479
0.103351
0.0842165
0.100467
0.0762197
0.0431019
0.0543183
0.120751
0.0788494
0.0837053
0.108105
0.114997
0.064023
0.104074
0.100753
0.0523399
0.0688569
0.0503233
0.0374633
0.0883791
0.0407781
0.0409478
0.053354
0.0392425
0.127487
0.070233
0.0977135
0.0315421
0.0844438
477 499
14 373
149 280
465 127
202 334
403 100
88 39
449 155
409 473
55 440
194 434
480 105
81 146
419 175
106 437
7 269
294 88
333 220
225 184
152 128
438 295
405 299
29 286
122 423
112 173
280 344
83 112
324 0
396 223
362 143
155 26
410 360
434 101
383 64
169 391
9 276
470 349
350 152
392 100
410 387
54 116
372 211
145 54
122 200
202 479
124 159
182 493
1 289
104 283
269 122
