43
50
10
52 55 61 96 96 29 21 49 29 56
85 94 11 66 52 12 94 61 67 100
66 23 35 82 75 40 33 48 67 81
30 65 47 97 45 70 44 86 40 37
18 83 19 74 98 86 27 55 41 83
78 37 56 76 75 31 12 79 27 21
79 76 59 60 79 83 31 55 52 62
99 64 50 32 37 10 95 18 90 50
80 13 100 44 59 59 100 93 44 21
27 99 18 52 12 47 47 15 15 10
32 60 27 78 93 66 66 89 75 89
27 68 86 62 100 94 70 33 26 89
18 100 64 21 41 27 23 70 46 23
81 16 77 38 46 28 54 73 70 14
10 36 35 84 91 70 95 48 30 60
84 44 56 40 26 11 96 26 26 52
66 64 12 89 11 25 39 71 38 70
66 73 80 26 45 74 94 57 92 76
68 22 27 80 98 37 43 37 31 39
10 92 62 94 47 62 40 36 45 26
27 31 30 58 70 34 91 54 32 42
68 37 98 47 89 31 37 46 61 50
50 23 76 46 82 80 33 81 85 39
71 69 94 52 10 50 14 44 28 29
35 86 25 20 69 60 92 36 32 76
53 86 13 86 79 33 96 90 84 66
88 92 18 20 98 77 44 87 67 26
73 96 18 30 18 44 68 47 46 27
68 95 58 42 15 47 97 89 48 29
94 35 67 45 19 60 35 99 48 87
40 72 42 39 73 98 66 57 56 15
17 93 67 38 13 20 68 97 22 86
28 12 69 71 29 68 19 27 23 58
17 37 24 12 19 37 100 87 40 24
46 20 33 11 90 22 14 37 55 39
47 53 44 50 97 63 76 13 71 87
11 95 72 65 78 62 21 42 84 98
45 10 86 31 73 98 41 88 29 20
86 60 74 20 32 18 91 82 47 77
45 12 72 61 18 58 68 71 37 79
44 63 70 23 64 63 18 39 11 46
88 56 20 62 82 20 47 13 100 55
61 100 97 63 28 51 55 22 63 38
45 19 60 93 90 77 23 44 55 86
34 75 88 89 34 76 94 100 86 69
25 64 90 18 95 36 73 90 89 55
64 67 39 90 37 48 96 15 89 76
11 55 71 54 77 41 46 38 28 89
74 24 74 31 43 38 27 39 23 10
10 60 73 43 30 76 21 29 17 22
0.0548241
0.0835082
0.0898129
0.0826768
0.0571193
0.0799235
0.10605
0.0592868
0.0546675
0.0342286
0.12658
0.073765
0.0823777
0.0905481
0.079209
0.0948011
0.0627153
0.0690942
0.119243
0.0913759
0.0859919
0.10775
0.114724
0.116191
0.108159
0.0926938
0.0395611
0.110798
0.0470237
0.0337227
0.0962297
0.111234
0.100708
0.117066
0.0818316
0.113196
0.107778
0.070877
0.122455
0.0945256
0.0464593
0.03451
0.0671356
0.0516513
0.10624
0.0938674
0.0444257
0.0830288
0.104485
0.106501
487 179
257 486
24 135
429 398
114 236
478 398
5 360
323 179
94 204
208 175
88 493
47 346
312 11
327 500
197 184
231 401
279 103
212 252
451 107
368 220
254 422
398 356
282 453
369 394
320 48
244 143
7 92
7 354
442 258
447 430
389 66
212 68
58 388
32 459
378 234
283 79
21 51
213 1
113 279
464 375
333 325
48 206
429 150
492 88
92 462
115 109
356 197
431 235
459 251
58 203
