13
50
10
71 63 30 35 38 36 38 79 91 79
38 18 16 83 54 23 48 34 44 88
56 11 99 92 96 31 93 66 47 22
30 91 61 86 60 30 55 28 25 76
46 68 97 57 16 85 60 73 32 68
77 57 40 21 69 14 19 18 59 49
55 90 36 67 82 84 71 80 48 48
97 61 47 14 84 30 21 61 23 68
42 13 45 100 13 20 97 42 56 60
63 65 41 14 57 76 42 94 61 62
25 36 95 49 66 52 89 34 90 18
31 90 53 88 25 27 86 73 96 63
62 68 44 40 23 84 99 10 54 13
71 50 19 20 47 50 34 87 54 77
74 66 70 44 97 44 92 33 86 51
18 32 23 99 51 58 17 27 45 46
77 22 24 12 26 15 25 45 14 88
81 24 20 100 84 68 77 85 64 98
25 89 81 20 24 26 83 42 28 90
24 90 95 26 14 85 58 21 20 48
12 72 34 72 10 47 23 84 74 18
93 24 25 83 45 44 75 73 11 51
18 57 73 37 62 39 83 99 43 99
10 50 54 25 31 82 64 96 46 92
18 73 96 83 88 39 42 42 60 29
20 37 46 88 81 89 49 99 69 59
32 46 63 80 11 28 73 77 53 57
70 35 86 33 81 18 59 61 21 10
82 95 99 58 13 59 11 32 25 93
87 46 74 89 87 93 40 61 24 74
58 82 39 83 92 16 44 40 88 11
47 70 44 11 16 13 45 22 47 59
37 54 32 52 39 86 53 95 93 16
75 66 77 45 40 55 49 22 56 14
79 89 35 86 15 26 55 94 56 91
78 73 85 67 41 80 63 92 16 60
22 51 65 80 66 24 35 83 11 65
76 20 54 28 14 96 30 94 14 55
88 34 42 33 21 50 41 34 30 93
85 76 29 68 32 36 15 100 38 38
79 100 15 48 92 57 21 34 97 47
22 55 72 66 41 19 57 45 59 12
49 16 88 57 64 16 64 68 15 29
38 55 80 22 54 62 76 81 34 28
82 28 62 82 35 22 99 71 30 19
84 53 41 21 95 73 13 66 70 54
17 71 69 62 72 75 22 83 36 79
20 95 69 89 98 94 47 92 21 64
65 87 96 23 42 94 28 50 76 81
31 97 97 57 68 31 10 28 24 49
0.125571
0.0717841
0.02909
0.0839246
0.0649421
0.0583398
0.129587
0.110519
0.0994978
0.124119
0.0535731
0.0595415
0.113407
0.0460812
0.124497
0.0358675
0.0335676
0.0977576
0.115131
0.0332103
0.0462746
0.110294
0.0828072
0.0883653
0.0761147
0.040038
0.0511879
0.0936239
0.104222
0.0553263
0.127616
0.0662634
0.102076
0.0691244
0.093981
0.126585
0.0960215
0.0992343
0.0414238
0.123186
0.0512527
0.0715829
0.10679
0.124967
0.100793
0.0434754
0.0998367
0.118914
0.0315155
0.0323682
498 468
215 362
261 405
330 176
286 124
488 62
488 165
307 488
334 371
235 309
207 267
447 381
25 301
36 73
294 184
94 223
102 490
326 151
199 59
120 330
407 100
280 7
93 117
468 472
89 490
380 23
168 468
183 102
328 343
223 435
332 117
123 60
247 92
145 365
45 435
196 38
284 19
248 247
118 160
465 0
379 395
2 177
448 314
293 316
447 475
162 81
486 285
38 32
366 303
317 165
