22
50
10
26 32 14 55 59 97 47 72 98 80
33 40 45 43 76 90 34 79 34 20
85 41 20 41 88 68 11 92 48 68
40 16 31 62 36 40 85 98 58 99
48 29 64 70 79 39 97 49 40 45
71 17 35 65 99 76 20 60 77 26
39 41 100 65 58 97 33 25 71 52
74 73 92 53 62 83 61 76 85 86
74 67 91 52 59 78 33 62 48 24
18 13 28 92 51 88 31 80 10 41
20 64 70 20 66 82 77 13 33 34
90 97 72 44 17 40 91 34 56 56
29 37 93 69 44 23 83 56 98 56
36 89 70 44 35 40 28 63 34 73
12 81 87 62 56 88 62 25 87 33
79 16 52 88 36 83 56 54 41 14
24 95 77 22 68 20 49 74 78 83
46 11 16 55 90 89 40 67 12 93
38 71 24 29 62 53 81 64 39 56
39 88 87 88 39 44 83 62 29 27
41 44 29 99 43 95 75 57 50 43
76 98 39 90 26 85 53 73 97 57
56 28 22 87 70 21 76 85 42 82
18 95 55 79 89 60 98 69 67 27
87 19 47 45 47 68 16 29 14 84
32 43 95 74 11 19 19 84 23 39
69 89 53 54 31 21 87 20 26 98
46 85 19 98 42 89 40 85 96 88
35 98 74 42 66 53 81 84 100 79
58 56 12 33 22 28 40 46 46 55
85 59 27 32 47 77 86 11 18 23
24 40 38 48 82 17 71 37 22 95
12 88 71 14 66 42 74 29 17 51
68 92 44 56 33 63 61 17 76 41
36 67 71 23 58 45 66 41 54 53
99 47 69 14 21 49 14 50 60 71
42 80 84 79 55 12 37 57 63 29
77 65 59 29 79 58 69 85 62 44
53 93 39 65 20 71 25 45 56 54
85 78 28 22 76 67 56 50 85 72
41 23 26 65 75 31 92 68 71 80
65 84 58 59 82 89 49 91 40 21
96 74 38 58 54 66 59 69 70 68
96 47 87 27 78 86 50 23 22 28
73 21 86 33 76 98 60 72 67 83
85 100 34 85 84 76 51 91 39 21
13 80 93 28 16 22 34 100 70 75
44 53 11 12 18 67 61 70 74 33
57 89 32 62 99 25 58 60 69 58
71 50 70 19 97 44 62 14 71 35
0.107379
0.0791722
0.0873041
0.0702191
0.115884
0.107348
0.0622238
0.0289654
0.0284679
0.0589217
0.0624916
0.0425597
0.110141
0.128584
0.0374281
0.099554
0.0366771
0.0973181
0.107742
0.128292
0.0613948
0.100067
0.0482298
0.0364491
0.0589583
0.126097
0.0304653
0.126701
0.0533076
0.0902631
0.0782299
0.0403638
0.111751
0.070026
0.114824
0.0366667
0.0809813
0.0600213
0.085279
0.0468416
0.100274
0.125113
0.103813
0.128271
0.0530704
0.0914466
0.0688879
0.0878318
0.0370413
0.0853684
306 130
351 99
184 451
486 451
3 104
8 367
153 306
120 102
401 494
457 440
204 457
139 498
251 211
279 297
473 167
135 228
477 105
323 418
35 425
179 174
250 141
17 203
8 185
73 281
224 5
70 278
434 51
496 13
197 487
394 28
498 141
112 327
52 252
253 285
28 48
408 425
420 412
250 201
124 377
407 385
359 327
287 14
98 464
481 168
11 199
389 321
399 230
315 328
116 484
323 136
