49
50
10
62 19 81 67 99 97 11 89 54 73
82 43 45 44 35 22 52 80 65 47
25 27 92 44 82 58 78 74 42 54
63 13 69 39 67 78 40 77 89 73
75 43 17 92 29 53 63 70 65 81
23 100 39 35 25 73 69 90 61 40
97 51 33 12 20 12 82 59 56 23
12 39 14 74 53 10 24 22 53 23
11 70 96 57 56 81 47 58 88 46
82 40 35 46 65 61 97 32 32 21
28 83 86 69 58 99 29 32 90 78
37 44 72 20 60 100 98 17 36 100
54 19 47 82 70 18 100 28 100 51
65 89 41 15 92 97 40 76 81 65
18 48 56 74 26 49 76 18 16 25
30 96 18 100 33 82 44 93 59 29
70 23 56 17 87 87 57 36 70 60
95 85 86 47 37 29 35 77 50 13
95 77 50 36 99 43 55 38 82 23
45 99 67 34 97 33 42 93 67 11
77 86 25 28 26 22 31 75 38 51
36 40 37 51 17 47 92 95 63 57
83 72 34 63 82 89 50 78 97 70
89 43 35 20 50 51 83 12 20 100
53 45 71 80 68 71 23 27 37 77
32 65 10 23 38 29 95 31 35 66
19 56 24 17 48 16 51 15 73 80
89 43 35 47 75 95 66 76 85 26
95 95 100 26 51 72 54 11 53 10
10 57 60 83 73 54 12 52 77 11
51 66 97 96 90 13 57 18 50 38
36 42 43 22 10 22 99 26 96 64
79 19 46 49 78 25 63 25 40 95
39 99 98 70 13 70 99 41 36 93
82 59 29 26 94 42 20 21 68 70
71 84 51 26 43 50 63 27 16 34
47 13 58 79 52 39 88 40 44 62
17 75 96 44 27 70 31 82 35 66
43 27 83 77 23 37 89 99 72 82
85 57 86 74 12 65 30 26 52 65
42 16 61 89 75 15 31 57 98 82
17 30 86 79 10 77 15 53 57 86
75 66 47 24 84 49 13 71 86 23
95 33 77 61 85 59 67 63 72 85
34 31 100 64 70 13 24 48 87 47
85 14 22 70 95 65 36 37 22 17
32 57 82 65 49 54 89 35 61 38
15 41 90 18 40 75 49 24 85 13
50 97 58 96 28 48 60 96 91 57
40 40 15 10 40 13 73 99 87 64
0.0834355
0.120295
0.0526385
0.0351998
0.0709377
0.113682
0.0574962
0.0449834
0.040971
0.12416
0.0909926
0.0926446
0.115226
0.0692509
0.0701467
0.0633052
0.0547715
0.11771
0.102945
0.0408704
0.0593167
0.0313543
0.0276499
0.0524593
0.065424
0.0707327
0.0782439
0.056281
0.0641914
0.0346755
0.042906
0.0841778
0.0876999
0.0987861
0.129831
0.0962896
0.0329906
0.118124
0.0491732
0.108711
0.0308196
0.101271
0.089914
0.079082
0.0841481
0.124419
0.113866
0.0754006
0.0352528
0.101475
235 145
418 462
284 413
25 305
315 342
32 184
248 448
95 62
382 427
143 466
247 477
165 0
348 288
180 482
297 22
117 497
357 198
143 345
301 440
453 112
336 251
281 454
67 185
5 249
445 416
367 485
467 269
448 339
164 230
467 130
376 333
470 432
76 436
167 487
118 495
173 127
155 361
303 154
325 146
163 278
217 99
302 381
491 226
406 10
15 351
482 267
128 169
42 125
140 114
345 84
