16
50
10
49 66 88 41 29 33 70 58 97 27
66 100 56 24 69 35 78 71 35 17
68 29 25 79 91 13 59 100 50 70
97 82 54 35 40 66 56 77 14 81
71 10 70 33 63 46 96 10 49 96
12 18 93 20 52 48 94 23 21 25
60 11 62 25 89 55 23 22 17 68
68 19 68 48 61 79 81 80 72 47
22 61 63 100 21 31 18 71 52 87
35 25 36 85 47 97 29 32 37 100
67 93 44 18 81 44 21 78 40 29
89 15 53 82 42 58 27 56 60 17
87 86 63 59 26 47 90 56 45 100
100 86 18 62 52 44 70 27 66 26
37 27 64 19 65 26 99 21 99 58
18 43 77 48 54 75 58 89 74 23
27 80 57 97 20 81 83 99 28 83
61 76 65 63 39 41 41 78 93 39
86 60 38 54 31 95 31 60 74 82
53 57 83 81 51 12 64 21 10 41
57 61 32 66 10 12 99 78 67 47
32 37 61 61 88 48 25 17 48 22
13 71 91 33 68 75 79 49 70 84
83 67 83 60 45 52 42 24 84 48
60 10 97 27 31 12 18 36 96 99
12 66 91 45 33 58 67 10 57 15
79 28 20 67 65 70 73 21 22 26
88 42 10 85 45 99 49 71 32 19
75 57 72 30 53 95 60 16 37 75
58 61 15 86 41 29 73 15 50 95
41 33 86 67 25 18 98 80 11 84
35 94 78 99 62 48 75 13 42 55
74 61 24 83 71 75 78 45 81 21
42 50 87 77 61 56 74 99 17 12
71 22 77 79 59 34 58 16 54 15
61 69 66 95 15 82 34 66 99 13
17 20 34 65 99 50 12 73 98 86
32 90 38 88 23 32 77 86 25 60
50 74 59 84 50 10 90 94 81 21
27 95 93 28 46 86 33 73 10 15
16 93 35 26 40 43 35 85 16 10
34 55 28 97 33 26 40 99 87 58
46 22 35 60 90 87 80 29 80 27
26 15 98 20 76 64 39 17 96 22
32 88 30 11 80 20 73 46 96 27
53 22 32 97 100 14 45 66 62 38
34 97 67 51 79 11 42 76 19 26
51 96 73 58 89 93 93 75 37 54
80 23 50 64 20 65 49 33 99 67
16 92 86 37 77 72 74 93 37 96
0.12725
0.0434978
0.0267745
0.0891271
0.027211
0.0264397
0.101142
0.108477
0.0972159
0.0844078
0.0603411
0.114112
0.0367097
0.032421
0.127005
0.0390553
0.0376853
0.0987432
0.0842452
0.0436563
0.123952
0.0446057
0.0362898
0.0766607
0.0721477
0.0801312
0.101861
0.0676494
0.0929986
0.078791
0.074215
0.0786951
0.0552918
0.0838722
0.033138
0.0582248
0.0730467
0.0766879
0.114207
0.0787833
0.121115
0.0580162
0.0557537
0.0389172
0.059951
0.0587645
0.098298
0.0422594
0.0358872
0.0988501
323 435
161 488
375 385
244 329
174 291
269 119
493 195
358 230
98 63
277 234
376 282
196 353
146 456
480 170
300 0
465 235
297 226
413 387
248 342
479 254
351 433
34 54
37 22
263 278
93 194
21 377
395 383
281 320
457 316
409 411
347 167
98 208
280 405
458 76
178 380
36 355
370 298
185 257
248 261
368 416
416 70
113 307
385 413
41 188
428 264
272 238
60 122
345 374
200 375
286 174
