34
50
10
45 24 11 50 47 70 94 77 40 89
63 16 36 38 53 77 83 85 95 70
70 54 71 67 87 26 20 60 12 27
50 31 79 75 83 94 70 14 15 36
73 34 71 91 72 46 69 30 84 94
82 79 37 91 59 98 56 84 27 78
38 100 65 96 72 54 33 96 49 52
51 27 14 70 89 23 100 48 89 23
72 54 48 59 70 42 88 80 61 11
51 97 66 78 95 71 78 71 84 71
37 27 48 44 50 62 79 43 70 13
72 49 40 72 14 59 53 84 39 53
73 68 26 65 70 24 85 69 26 42
67 78 71 23 70 79 54 81 15 86
66 23 98 20 41 56 48 92 50 67
88 37 11 50 84 66 42 70 65 57
93 89 77 14 40 94 75 19 46 60
52 56 96 98 37 88 27 95 12 28
98 93 67 69 95 25 52 84 97 40
10 22 29 78 12 34 35 18 31 70
12 83 96 93 34 43 91 98 35 52
96 96 66 93 14 99 34 68 12 34
46 69 79 24 75 38 39 30 85 98
49 17 53 12 51 89 21 100 34 29
17 96 22 56 92 51 10 56 53 89
11 94 70 85 39 14 72 65 25 35
40 21 43 96 81 24 18 71 89 90
97 23 58 77 37 82 97 89 80 32
20 62 41 89 45 63 67 18 36 23
94 47 14 22 69 57 47 99 43 12
68 36 80 59 12 39 97 18 25 54
68 82 72 28 86 46 65 96 25 33
95 11 77 99 35 11 55 36 93 55
97 73 48 29 36 10 78 18 93 42
28 43 83 23 45 86 82 89 17 86
70 92 60 16 15 78 14 73 19 54
25 65 82 74 95 26 51 78 70 40
71 79 68 81 44 100 99 71 46 16
70 14 35 42 93 64 57 12 38 33
86 86 14 72 65 85 81 26 40 83
45 26 40 52 70 78 32 52 89 15
58 65 47 91 12 99 81 51 50 19
68 28 12 81 99 86 81 72 50 75
14 53 48 49 70 59 79 16 59 63
66 80 45 33 33 33 91 19 27 66
10 43 95 18 52 95 69 37 50 54
14 93 22 25 44 50 38 32 78 64
75 21 70 26 30 16 90 28 43 83
66 65 77 95 15 80 20 22 27 53
54 29 63 78 77 89 12 63 36 26
0.100184
0.120734
0.0516061
0.034281
0.107532
0.0373407
0.0744676
0.0611374
0.12355
0.105831
0.0570276
0.0859316
0.0940276
0.0499568
0.0344403
0.0491565
0.0554612
0.0725612
0.0289321
0.0963493
0.0933444
0.11224
0.0691451
0.124437
0.109705
0.0708969
0.122371
0.047262
0.128713
0.108657
0.0489039
0.115872
0.0918449
0.0477384
0.129081
0.0797851
0.0827501
0.12626
0.0680518
0.116131
0.0553256
0.0858509
0.0862985
0.0531343
0.0337426
0.103659
0.0659907
0.0412723
0.0659034
0.119302
55 419
333 498
319 219
331 486
441 72
129 206
143 32
131 114
177 477
338 442
271 495
60 210
481 475
121 191
192 457
127 384
258 216
286 101
14 284
197 73
113 459
112 426
140 332
28 110
342 105
316 205
146 250
225 375
410 26
432 154
388 436
365 314
198 393
493 2
196 338
192 109
81 78
198 226
249 239
292 166
166 96
245 23
148 113
362 455
397 246
39 352
298 298
349 487
146 416
283 420
