2
50
10
10 43 96 82 82 43 13 12 15 18
90 88 70 65 24 31 63 83 77 81
89 76 14 69 74 36 98 46 14 33
90 35 79 77 45 48 79 39 100 13
35 72 37 81 14 60 92 20 74 71
29 87 21 12 48 96 16 14 79 51
29 64 22 12 49 85 52 82 15 15
90 73 26 92 86 15 11 96 99 46
66 12 46 43 66 69 36 54 22 10
96 28 83 52 83 91 14 26 33 10
91 81 74 93 80 100 60 86 28 51
76 54 97 89 38 31 63 65 100 48
93 36 76 85 75 89 29 93 25 12
43 68 96 85 53 80 17 84 72 84
11 76 86 67 43 72 68 60 29 58
59 54 84 72 83 100 64 14 47 17
16 63 23 36 68 11 41 73 24 11
39 73 96 36 56 39 76 88 35 81
38 46 18 24 55 22 30 16 57 35
58 46 98 98 80 18 90 27 64 10
63 76 23 77 12 45 36 62 26 12
92 97 56 83 98 97 12 15 17 17
84 22 79 56 61 33 57 93 67 91
46 73 99 10 71 25 86 50 85 78
40 90 21 48 28 92 75 36 39 57
100 54 82 75 28 65 33 90 83 35
78 44 12 97 72 15 36 55 30 92
88 23 62 61 62 22 74 58 91 57
78 77 71 50 99 71 79 70 33 91
67 44 72 46 64 51 14 77 65 79
89 75 10 29 100 77 62 99 60 60
64 26 78 90 96 91 20 23 68 12
87 26 67 68 22 18 42 28 67 62
38 90 45 65 40 32 12 42 81 65
22 85 54 58 21 74 33 58 66 53
51 19 30 89 89 26 25 85 76 54
86 53 67 67 82 95 50 88 83 36
16 63 18 47 38 40 22 70 89 18
61 52 34 24 72 30 35 15 96 32
45 18 39 67 44 33 47 14 98 19
96 81 89 13 14 36 100 37 77 34
87 73 80 27 68 32 97 94 99 11
60 37 55 99 62 76 54 15 82 86
32 12 96 84 71 16 72 39 39 41
30 24 10 34 85 32 40 44 93 78
50 40 83 71 36 14 13 96 11 98
67 96 81 73 91 73 42 14 75 83
50 77 86 88 33 29 69 59 13 48
90 13 91 62 58 100 76 26 77 14
95 20 25 80 21 73 53 38 39 31
0.128828
0.0790777
0.12357
0.0674258
0.104115
0.059115
0.0997743
0.0575942
0.126373
0.112345
0.0428738
0.0522473
0.120611
0.0360484
0.0537546
0.0879654
0.042845
0.101652
0.0689482
0.126839
0.108227
0.0733695
0.101465
0.10377
0.0739144
0.0322824
0.0904665
0.0887386
0.0881401
0.112097
0.0840111
0.0988005
0.0313446
0.105475
0.0294505
0.0661635
0.0710741
0.062376
0.100768
0.0295329
0.0595305
0.107282
0.0721924
0.0891195
0.0684692
0.0407146
0.0641081
0.0430749
0.0481853
0.129245
251 55
181 487
359 51
57 209
163 316
444 151
156 97
282 182
284 500
282 413
181 32
139 113
444 433
100 472
199 395
320 72
474 90
296 210
139 293
158 88
408 373
348 235
191 181
440 133
53 53
325 75
73 248
247 331
268 180
256 52
229 325
146 441
457 3
148 351
49 171
23 269
202 258
289 250
38 29
173 160
247 7
262 154
328 446
360 316
116 262
316 65
74 117
9 116
452 185
370 73
