27
50
10
85 62 84 76 59 99 66 30 71 21
86 35 50 94 52 95 73 11 95 55
29 14 28 13 36 30 22 94 40 69
91 98 35 41 67 64 61 70 23 23
29 63 97 12 50 61 78 44 17 75
52 45 28 44 20 55 13 65 50 33
76 89 41 58 86 12 40 38 18 49
76 75 15 26 13 75 64 80 27 60
43 89 42 87 65 69 45 94 38 79
39 35 56 68 10 67 43 81 70 16
91 38 14 99 38 75 79 33 78 49
43 89 74 18 20 77 21 20 99 43
55 69 32 63 59 75 19 34 33 52
91 21 90 64 75 14 90 14 10 63
86 60 84 67 16 43 46 37 53 64
100 62 91 74 86 97 34 24 73 75
15 99 88 55 35 77 89 28 68 36
63 31 41 58 69 73 81 24 75 37
72 50 13 36 54 13 25 85 23 62
67 14 53 75 79 37 96 23 43 73
11 20 49 29 32 76 45 84 91 81
10 93 37 59 53 92 56 77 81 25
92 100 43 27 24 60 51 91 15 25
52 15 76 46 94 89 20 88 42 12
85 29 98 27 58 43 11 50 38 91
47 29 94 50 63 31 79 54 30 83
17 81 49 50 79 16 43 34 36 84
15 45 49 66 34 10 49 46 38 64
55 98 65 100 99 67 56 33 37 38
66 79 59 51 11 45 93 87 96 30
93 10 38 41 26 62 67 54 95 69
16 51 73 65 44 84 36 46 63 47
52 55 79 70 76 99 95 16 94 53
41 62 89 75 31 81 31 99 35 47
92 24 40 17 82 68 64 80 78 91
40 55 71 37 33 28 37 79 68 70
54 44 73 66 31 94 14 38 55 20
69 67 28 15 49 73 61 97 45 16
73 29 76 90 97 90 86 49 15 59
98 78 14 87 61 31 10 84 39 48
50 16 64 64 45 34 81 18 69 98
23 70 24 68 80 45 52 88 81 34
47 33 54 52 26 74 75 36 25 16
53 16 70 100 39 83 83 97 15 66
97 77 43 98 49 43 98 71 87 52
91 88 20 71 69 66 99 48 25 86
98 23 77 87 94 89 53 68 67 91
78 66 25 32 67 51 46 62 64 69
73 15 48 65 50 59 36 71 69 100
84 29 29 57 92 34 54 60 28 56
0.0397749
0.0853608
0.113386
0.0284618
0.12253
0.111354
0.122657
0.0741506
0.129909
0.112929
0.129998
0.111671
0.0273171
0.0646043
0.0450988
0.0798678
0.0974437
0.0605905
0.0682247
0.117422
0.0282762
0.0748411
0.0398699
0.0703776
0.0721648
0.0717832
0.0722261
0.0873021
0.0278977
0.099184
0.0376268
0.0794671
0.0695696
0.0770011
0.0455829
0.0662778
0.120163
0.0277418
0.103509
0.0798975
0.123054
0.119116
0.0352761
0.0992458
0.0715047
0.0822226
0.11867
0.0941171
0.0669697
0.0649961
278 162
8 495
171 126
149 134
409 81
193 408
198 172
409 257
248 439
282 437
159 22
211 354
389 490
271 32
384 1
33 315
494 364
395 396
62 177
56 18
290 240
401 47
302 262
250 86
54 433
117 65
66 356
498 120
115 234
88 4
334 395
484 213
270 5
151 58
488 484
220 415
84 237
373 261
54 11
279 377
314 258
432 369
398 18
111 387
476 138
35 368
251 310
385 312
462 68
166 71
