35
50
10
72 77 42 88 29 93 38 75 87 38
52 55 76 45 22 26 41 91 14 85
69 54 29 71 17 42 83 29 45 14
25 94 48 98 81 13 51 82 26 21
91 58 86 53 27 93 66 68 31 33
94 45 62 28 65 24 19 16 12 72
69 89 34 92 86 33 56 35 13 74
100 31 43 98 87 88 22 33 85 54
39 68 24 100 72 17 40 98 95 15
41 93 89 17 96 53 19 95 47 65
100 76 16 15 35 60 76 18 51 13
98 12 20 66 83 72 12 94 66 39
57 81 30 38 34 22 36 16 12 17
69 28 74 94 17 31 89 40 57 21
54 86 68 51 37 34 91 28 91 38
94 17 78 36 79 98 92 95 32 81
83 96 32 80 97 72 34 49 55 84
90 55 20 43 69 25 36 28 83 79
69 12 32 17 55 69 75 53 53 56
55 17 60 75 72 18 36 56 38 99
15 60 84 48 81 69 50 65 33 97
21 28 13 99 28 88 85 54 100 82
37 91 93 52 36 54 99 92 37 62
38 62 87 78 35 26 70 42 61 30
15 14 93 75 63 100 93 28 75 51
83 56 32 80 96 74 92 26 68 59
93 52 58 40 66 79 60 40 17 85
57 22 87 32 26 59 49 63 79 56
33 43 48 69 26 66 71 46 79 55
46 58 75 85 38 31 77 28 77 44
41 93 70 66 95 53 29 53 22 80
21 18 38 13 97 65 80 50 65 44
35 84 43 40 20 15 88 33 31 65
37 15 42 71 40 37 13 15 82 72
53 13 37 40 74 89 95 51 25 89
52 28 68 79 33 15 30 66 72 27
81 19 44 42 18 74 54 98 33 20
15 97 27 55 65 84 73 79 67 40
86 56 53 57 41 34 14 75 65 39
28 85 50 66 22 12 72 38 17 39
18 64 59 55 44 98 78 98 94 67
27 100 64 64 93 47 62 34 41 90
27 84 57 79 73 40 33 100 90 70
42 62 58 72 11 47 80 34 22 55
17 12 55 28 98 77 81 75 81 10
47 94 24 15 63 73 19 69 86 95
87 65 53 69 61 27 47 50 91 16
55 53 67 35 41 19 12 25 22 53
48 12 28 33 76 68 45 73 57 77
23 47 65 84 11 98 68 57 63 100
0.0394381
0.0814825
0.0273217
0.0587416
0.0807055
0.0902376
0.0429196
0.0850196
0.118982
0.125748
0.110387
0.0584868
0.123411
0.111992
0.0726046
0.0483865
0.0701888
0.106589
0.0566882
0.0544237
0.0951163
0.027602
0.0525044
0.088697
0.0586835
0.0922559
0.115389
0.0335091
0.0319002
0.0505845
0.0806795
0.094456
0.0453218
0.120462
0.115481
0.125828
0.0706591
0.0360689
0.112337
0.0952351
0.0364254
0.109217
0.11021
0.0649718
0.0793253
0.0346895
0.0386547
0.0850749
0.0918248
0.0270951
204 28
42 283
78 230
211 178
495 0
424 451
3 275
287 243
438 317
18 339
409 266
193 241
233 470
494 74
63 193
34 321
83 328
383 328
204 220
224 424
97 295
95 493
357 279
456 387
331 500
186 374
293 434
460 52
83 42
257 342
314 350
478 190
475 33
142 425
100 429
134 222
403 14
233 26
134 255
301 86
307 25
237 286
217 74
228 68
315 449
378 482
178 340
182 43
128 261
398 62
