42
50
10
46 42 36 17 13 14 79 59 21 79
33 41 78 99 38 73 29 63 61 39
20 31 76 68 77 48 67 80 16 74
49 35 99 53 53 87 57 17 81 35
47 70 51 91 66 21 84 91 11 82
49 89 80 38 52 91 60 62 85 93
19 95 91 69 45 42 25 11 58 31
61 53 75 69 62 82 11 16 49 95
61 97 96 79 98 39 50 27 60 66
93 87 57 11 68 15 83 63 82 66
48 87 83 30 83 55 24 93 91 28
39 95 50 11 34 14 87 55 61 85
38 36 62 32 35 35 58 79 64 80
75 26 10 23 76 56 12 52 76 91
18 62 97 21 90 55 47 43 61 56
66 38 49 48 52 72 11 12 80 89
36 22 65 41 28 45 73 78 80 41
81 87 53 92 69 68 31 69 32 75
64 60 71 73 60 92 71 98 73 87
72 32 72 73 59 54 93 94 20 54
89 88 83 97 67 51 15 42 34 34
59 62 28 71 56 16 55 55 77 69
40 45 62 99 76 50 27 45 35 43
31 46 49 46 35 37 53 71 93 62
62 54 74 26 57 76 13 17 24 11
56 100 99 72 88 94 82 50 56 90
20 72 37 47 78 97 43 29 82 61
33 12 25 65 20 52 89 48 95 86
60 71 100 62 58 30 62 11 48 53
64 89 80 75 94 29 100 10 28 17
44 35 33 35 56 38 38 68 46 52
24 13 81 92 42 61 20 35 27 32
60 70 90 99 37 54 39 98 51 25
69 39 88 34 12 13 48 88 39 79
38 47 49 56 60 81 59 37 10 10
21 35 95 18 38 50 78 40 74 59
82 86 43 46 18 24 39 98 76 60
53 71 30 25 86 22 14 94 13 98
40 73 13 18 29 28 82 20 64 29
66 64 70 83 94 29 31 90 51 44
76 70 96 56 12 60 92 45 37 79
16 17 72 29 87 18 85 29 48 57
26 18 65 90 53 41 56 27 13 34
80 67 95 94 92 76 42 37 56 100
10 36 56 89 29 68 83 28 64 23
13 41 54 20 33 56 20 71 18 75
27 85 61 48 57 62 12 65 17 87
56 43 48 28 97 18 61 54 70 82
91 41 45 23 23 52 54 90 52 37
65 69 32 67 95 45 35 30 71 72
0.0467403
0.0855422
0.103325
0.0847565
0.0432922
0.0595953
0.0833334
0.106121
0.0389712
0.0383307
0.0339867
0.07982
0.0763358
0.0552698
0.0965179
0.0378987
0.122535
0.0311008
0.0645649
0.0894285
0.0361872
0.0495961
0.0978061
0.101504
0.0309643
0.0485703
0.119443
0.0528849
0.101831
0.0438948
0.110907
0.114086
0.0716223
0.0966137
0.069643
0.112626
0.0711563
0.0370168
0.0352525
0.0449332
0.0643237
0.113138
0.0448977
0.0918813
0.0479994
0.0818171
0.11084
0.12881
0.0751619
0.0355389
328 258
266 84
500 182
146 307
39 166
212 158
39 245
298 266
466 82
185 385
299 43
194 344
328 449
264 111
465 358
285 135
182 372
223 229
56 361
343 439
372 450
242 462
311 273
180 185
469 314
211 325
356 100
23 122
392 231
417 469
178 21
476 206
65 15
234 361
430 47
158 158
283 425
439 199
328 203
133 181
254 27
90 53
160 179
225 234
339 392
211 352
104 181
314 127
270 31
61 310
