31
50
10
22 47 61 39 99 24 43 90 31 95
71 55 33 87 75 53 36 17 38 60
23 80 13 67 49 56 28 38 45 10
64 84 89 68 60 24 79 73 72 27
83 68 88 16 35 44 40 11 81 17
25 38 22 81 65 71 91 38 90 95
96 47 89 42 21 35 10 23 66 88
56 40 81 64 72 81 19 84 37 47
51 19 58 63 87 48 73 76 79 79
34 52 53 47 21 24 75 56 69 89
51 87 59 73 79 73 73 12 28 15
32 41 29 49 88 59 47 83 35 78
70 91 24 79 32 48 20 47 56 82
28 70 40 71 82 13 31 96 39 24
21 50 10 49 62 25 92 45 35 89
100 39 10 71 75 49 95 61 89 28
33 64 49 54 45 96 84 89 86 26
80 38 95 12 27 13 98 91 28 47
36 35 23 42 12 69 17 89 22 19
96 52 45 96 63 18 36 86 72 66
44 48 12 24 40 40 33 83 86 79
91 39 10 37 28 46 76 73 19 98
35 74 76 98 21 36 94 27 16 56
14 100 68 42 86 91 49 87 59 25
77 18 95 92 83 95 15 48 81 77
15 58 36 30 58 64 53 34 21 77
32 21 48 79 87 32 54 45 75 54
80 47 35 86 87 64 44 58 48 39
100 33 30 29 64 65 77 98 44 52
61 43 74 98 86 34 58 76 18 39
58 33 37 18 86 85 83 12 42 68
14 90 70 19 23 27 59 31 49 62
60 56 73 17 69 69 45 47 62 52
15 83 40 97 82 71 44 93 90 67
14 44 100 74 66 28 12 99 66 100
61 33 71 53 75 59 10 70 48 49
82 71 63 33 47 39 89 71 17 51
59 70 97 65 37 23 83 11 75 59
68 94 35 66 28 66 27 90 99 98
14 40 68 89 51 55 69 60 90 63
12 34 60 79 60 33 41 76 86 62
52 24 86 38 73 74 25 70 38 92
100 20 48 74 31 99 22 70 12 58
24 80 15 25 22 83 36 65 99 11
54 10 32 31 66 37 78 48 31 13
77 92 96 69 12 93 29 27 86 23
97 38 84 79 83 87 55 26 18 99
39 54 11 24 34 65 38 86 61 47
11 70 43 30 45 38 98 43 95 87
55 66 12 41 56 54 70 43 92 47
0.0499187
0.0448917
0.122025
0.027633
0.0405344
0.027184
0.113228
0.0490602
0.0819863
0.0409018
0.051242
0.0951163
0.1222
0.0545358
0.115319
0.117054
0.116377
0.106496
0.0262613
0.0519908
0.123854
0.0301251
0.078816
0.127949
0.0453247
0.112073
0.0834169
0.0519387
0.0521291
0.127526
0.0351729
0.0448564
0.05148
0.12568
0.0333506
0.0319322
0.0499858
0.0594061
0.0973431
0.100273
0.0652348
0.125205
0.0338922
0.0296842
0.0536064
0.0824245
0.104952
0.0375325
0.097047
0.0289561
332 331
437 225
74 272
429 423
33 27
279 327
109 63
279 363
492 207
66 238
417 27
335 164
323 84
112 487
343 419
99 221
350 478
493 110
188 178
471 94
375 129
125 102
353 406
281 442
403 493
381 263
438 194
83 67
37 249
339 4
223 379
266 427
225 342
2 225
330 272
428 187
129 223
55 397
490 496
288 26
178 195
227 385
438 129
440 96
114 484
95 235
156 356
77 67
476 342
78 489
