49
50
10
60 60 59 67 27 40 43 35 31 43
98 19 62 13 90 75 36 71 83 93
67 75 55 12 69 66 66 43 49 54
36 38 88 60 48 53 28 57 92 84
35 88 53 87 15 15 65 18 46 73
89 57 86 72 100 25 37 82 59 26
89 49 39 61 54 94 90 44 71 78
86 35 52 42 93 76 94 31 10 60
72 30 87 42 34 10 65 64 95 77
82 41 21 26 74 92 41 17 56 88
16 57 100 45 50 18 65 73 52 13
12 17 73 41 30 62 24 63 49 73
36 18 39 99 63 40 22 13 47 27
70 69 34 80 38 90 97 34 65 83
90 57 69 69 32 22 40 13 66 30
56 43 67 44 51 92 16 49 10 96
48 99 52 72 51 28 18 25 43 51
36 34 68 11 10 49 40 88 39 18
73 60 85 51 11 22 62 69 66 49
79 49 87 34 94 27 75 49 57 77
29 69 98 84 94 96 93 78 48 87
32 22 79 49 45 32 90 19 34 69
25 67 58 41 16 74 19 20 88 22
81 18 35 98 38 38 64 56 67 15
37 45 38 40 83 99 41 15 97 53
72 72 90 47 14 97 11 10 83 48
84 33 70 86 76 32 70 80 80 55
73 78 40 57 32 76 72 17 98 62
62 57 21 73 72 17 19 21 21 13
49 88 64 24 25 70 73 83 88 81
12 38 17 50 86 74 42 45 94 90
16 73 73 52 70 76 37 68 79 55
59 66 74 63 74 47 52 46 84 48
95 54 29 35 65 73 16 73 65 71
37 18 61 30 90 34 63 37 43 29
58 62 81 90 100 15 38 95 29 66
32 85 76 37 51 76 52 86 29 34
93 18 90 86 87 43 42 84 30 23
90 33 23 61 14 62 49 80 63 70
48 87 40 55 61 10 41 93 44 44
75 49 67 76 20 37 24 51 83 23
84 79 98 90 44 86 44 15 62 99
76 46 48 38 27 97 92 56 29 50
52 81 94 73 73 84 13 99 98 77
53 48 52 90 59 82 61 36 58 39
54 85 32 98 37 26 99 37 87 21
84 67 28 57 40 18 37 92 71 96
65 75 63 32 61 72 72 99 77 76
38 52 69 37 85 11 42 56 26 14
10 81 25 67 72 68 16 47 99 75
0.0812441
0.0842709
0.0739864
0.0763089
0.0967375
0.0862364
0.0645552
0.056405
0.0327607
0.026257
0.0900801
0.102434
0.0714355
0.0883225
0.0588509
0.0624576
0.026959
0.1093
0.0376862
0.118996
0.0315619
0.100908
0.121343
0.0511053
0.117441
0.0808554
0.104356
0.0444135
0.112428
0.109457
0.0294801
0.0617593
0.0395511
0.0867514
0.0374308
0.0824757
0.0755509
0.110111
0.0653347
0.101199
0.0714188
0.0653468
0.0897944
0.0687877
0.0606831
0.0260575
0.0541801
0.0486492
0.0953605
0.0832208
444 282
36 457
371 109
203 215
382 309
339 318
78 23
72 342
448 467
102 326
233 324
28 480
76 80
216 284
261 167
158 460
215 234
314 11
273 291
138 138
56 320
96 449
427 367
443 326
165 313
357 364
474 368
264 336
486 457
277 348
261 310
287 408
28 288
316 247
351 229
290 48
27 19
62 193
78 67
334 269
359 189
352 163
117 216
329 3
324 264
190 434
174 332
383 196
338 19
348 418
