45
50
10
59 88 54 38 25 56 12 20 55 60
80 21 44 23 91 80 80 75 83 15
84 23 99 53 57 98 32 25 71 65
30 27 38 11 85 43 33 28 22 71
66 61 44 39 89 97 63 20 52 57
79 62 47 47 43 11 72 99 93 40
44 84 59 58 16 45 26 26 100 63
76 92 12 33 83 48 74 12 92 31
36 78 89 32 41 15 89 16 59 22
45 65 25 93 65 18 72 25 61 94
43 90 59 34 17 38 48 71 65 64
97 87 75 19 18 60 21 65 80 25
16 58 53 80 73 57 91 78 52 20
93 97 70 22 12 77 86 70 49 62
76 53 50 30 62 73 92 62 90 26
16 99 51 84 70 71 46 12 20 16
33 47 73 95 26 89 86 97 69 56
91 70 70 51 18 17 28 73 15 46
36 25 70 63 98 87 25 57 12 10
72 44 90 91 56 97 80 83 87 92
24 58 32 67 76 68 79 75 42 75
49 22 67 79 26 20 80 19 88 70
50 91 72 66 81 13 45 45 51 39
19 98 94 51 57 75 36 81 78 80
47 53 73 77 24 85 91 55 33 14
46 45 81 90 82 100 60 31 21 74
99 82 85 54 14 84 81 15 92 68
54 83 19 65 49 89 62 37 93 84
78 42 19 34 53 89 71 97 19 94
44 87 84 11 99 97 88 52 40 38
71 16 46 38 44 65 31 44 78 22
82 47 35 97 22 77 26 64 53 93
50 25 65 21 91 11 31 94 45 17
35 37 83 10 75 89 47 46 36 11
25 34 70 47 12 65 81 34 99 62
12 63 58 66 76 12 27 69 73 10
57 17 34 88 14 27 100 11 76 96
92 14 82 84 15 25 33 53 33 30
31 23 24 69 95 100 11 72 83 26
90 58 21 78 53 36 13 88 30 23
33 23 15 93 26 67 73 31 27 75
64 70 13 61 35 71 79 23 24 77
27 66 32 99 52 65 36 20 10 78
39 71 87 35 31 26 83 17 77 33
20 71 29 32 43 76 55 73 17 95
43 27 27 71 64 54 91 49 27 17
20 83 76 48 90 47 39 17 58 88
83 55 89 32 95 47 76 36 68 20
16 74 23 74 87 81 24 74 44 75
36 51 32 35 97 10 38 55 45 40
0.0752232
0.0864009
0.10747
0.044808
0.064926
0.124388
0.124749
0.108061
0.0629639
0.119258
0.048867
0.0501827
0.0753794
0.0603025
0.127413
0.0705595
0.114946
0.0739091
0.0650174
0.0636878
0.0802699
0.080047
0.08838
0.0996861
0.0978718
0.124551
0.129507
0.0909449
0.109974
0.0797436
0.0798509
0.0475624
0.0794947
0.112337
0.068474
0.129197
0.126721
0.0568554
0.0851138
0.0397777
0.0612126
0.0998297
0.0656544
0.0466789
0.0630497
0.059867
0.0421599
0.109876
0.1033
0.038245
57 454
398 364
188 239
417 214
417 126
95 306
61 424
486 443
210 425
387 106
245 22
424 485
83 93
279 273
413 212
229 259
281 382
54 209
313 370
466 183
393 337
27 49
207 371
50 222
146 185
226 145
483 179
87 169
142 150
269 155
148 117
1 33
126 153
462 286
300 264
238 421
48 207
387 424
105 299
36 123
462 80
331 219
390 358
397 369
227 220
240 264
416 57
263 155
225 371
102 360
