16
50
10
77 44 99 91 86 90 75 88 26 68
75 57 15 56 100 40 63 28 96 53
55 63 96 44 52 82 51 13 75 46
72 33 55 30 56 10 50 28 66 64
30 30 30 15 49 82 15 14 75 21
21 52 32 94 84 21 71 54 96 26
91 19 87 59 54 52 77 55 36 10
21 41 38 12 96 87 25 47 64 58
65 42 85 69 66 61 50 73 37 46
68 40 95 45 43 45 25 67 71 71
64 45 20 86 80 92 51 25 85 33
91 65 69 46 26 48 80 39 35 61
96 25 64 61 44 54 58 10 50 81
59 68 26 79 16 92 32 75 62 16
30 95 65 86 72 74 51 53 37 74
27 37 18 37 62 100 34 96 32 16
43 86 26 82 84 30 99 19 62 11
12 42 87 59 46 77 22 38 51 100
97 86 83 36 100 100 83 50 59 25
16 27 67 32 54 59 91 10 80 28
66 11 10 57 18 20 74 95 85 23
69 12 66 74 37 64 63 14 70 31
21 90 90 12 12 35 61 15 93 18
35 55 66 60 100 89 70 47 98 98
26 49 98 39 66 56 65 65 71 80
36 10 33 94 18 53 28 100 80 64
82 72 81 72 72 14 15 81 58 33
35 22 30 96 69 29 53 59 87 95
41 29 78 95 37 87 49 42 76 42
35 62 91 14 99 19 60 77 20 79
25 81 78 33 76 34 15 95 59 55
49 24 17 71 23 81 47 88 66 24
78 21 100 66 23 21 84 84 28 63
74 91 66 72 28 74 59 40 70 17
31 89 13 71 29 20 58 79 33 10
73 96 51 40 15 21 81 71 77 85
99 79 37 22 47 27 98 37 93 31
94 44 68 60 69 88 96 60 98 78
52 91 15 77 25 45 50 57 78 28
47 54 41 89 29 16 17 80 98 74
80 28 94 38 88 27 72 99 21 94
50 31 95 20 49 45 70 98 68 51
72 55 60 28 98 90 11 43 73 35
95 28 33 38 43 91 26 94 82 92
78 47 63 51 60 41 22 77 63 53
45 33 83 39 97 46 28 55 59 38
75 79 90 43 26 92 30 14 35 33
55 53 60 58 52 91 89 44 63 97
58 38 78 71 52 52 54 77 86 96
17 25 47 96 57 86 26 24 61 67
0.0587248
0.10189
0.0427775
0.113408
0.0969968
0.123368
0.0348363
0.110995
0.126142
0.10539
0.0886792
0.0880407
0.0931824
0.0841628
0.0581956
0.11419
0.0612467
0.0657688
0.0393575
0.106319
0.111366
0.0347295
0.0721825
0.056117
0.0365531
0.104457
0.117036
0.0520502
0.0908058
0.110812
0.0996149
0.0385763
0.0570645
0.0406793
0.0461281
0.097595
0.049502
0.0550862
0.0573079
0.103314
0.0522992
0.12672
0.0709884
0.0406945
0.0541068
0.0608863
0.0928356
0.0451771
0.115227
0.119637
416 63
447 470
80 301
173 118
117 29
68 439
89 284
257 414
322 33
497 50
136 386
242 24
115 107
166 178
283 155
487 292
246 355
106 256
166 464
444 140
325 47
143 106
472 374
302 99
476 344
257 36
123 142
230 332
416 401
136 368
301 68
235 485
483 200
390 199
98 270
275 435
119 438
316 487
155 139
301 466
365 46
240 318
117 234
74 221
206 382
397 90
298 290
81 252
114 296
452 99
