19
50
10
30 61 28 61 88 84 22 66 88 38
92 67 11 92 24 41 65 93 52 91
80 49 54 97 88 11 77 87 78 78
94 75 43 30 71 22 17 94 28 95
49 22 31 83 24 17 27 54 93 58
75 52 70 44 70 64 97 57 78 58
50 22 64 15 29 14 63 49 23 100
36 55 81 33 35 21 10 90 27 36
15 46 72 79 17 81 67 58 83 52
94 45 30 53 51 80 70 86 16 76
74 14 70 24 19 54 81 16 17 54
27 12 51 76 48 96 58 76 62 40
23 35 72 96 95 27 26 20 33 51
55 13 91 75 95 13 20 92 17 52
69 80 82 81 39 57 39 20 32 27
41 66 76 93 37 90 77 79 15 19
82 23 75 29 68 57 97 93 15 92
61 66 69 25 76 95 63 89 41 12
51 71 87 49 41 49 74 14 57 60
90 86 52 49 78 94 43 75 68 73
90 69 57 25 94 15 17 74 34 62
40 94 20 88 10 31 18 38 65 48
43 12 18 94 97 88 80 54 48 84
50 77 13 96 91 71 12 90 56 94
62 85 13 22 33 77 42 86 27 78
95 44 62 95 32 74 42 86 95 15
84 26 49 39 46 57 64 91 71 58
62 32 84 60 56 81 50 79 40 42
86 23 89 70 10 94 74 32 43 12
93 88 21 63 40 30 14 19 83 59
78 44 94 23 65 71 56 51 91 58
18 29 49 80 83 84 39 93 43 35
95 14 45 49 74 88 29 30 48 61
18 55 69 75 57 61 18 29 24 100
37 50 82 43 75 28 23 27 95 49
80 98 95 83 98 20 90 92 24 64
65 14 21 30 11 67 49 69 32 75
59 28 71 75 70 42 42 30 95 64
63 47 29 17 76 37 62 36 21 27
32 68 78 100 28 82 81 14 27 96
70 66 61 48 65 26 61 74 82 23
78 99 14 55 44 61 13 94 65 71
70 17 44 49 88 44 43 50 34 34
83 13 66 36 38 48 18 22 12 40
56 28 95 17 46 35 37 95 56 35
33 68 54 32 84 20 49 77 81 100
14 54 51 15 29 23 29 29 36 41
21 87 51 50 36 57 32 69 51 41
78 95 50 91 68 33 46 76 89 36
94 93 64 78 23 81 19 84 82 100
0.0583853
0.115785
0.0271583
0.105425
0.0447398
0.113553
0.0797963
0.0873404
0.115312
0.0544201
0.0465703
0.100381
0.0461183
0.0906435
0.0994168
0.094425
0.0468765
0.0390483
0.0631628
0.0521343
0.0540076
0.0676267
0.0651145
0.0879868
0.0428357
0.059132
0.123844
0.123201
0.0866778
0.0325106
0.119707
0.0319381
0.0263687
0.0330879
0.0633552
0.0973485
0.068433
0.0314108
0.128821
0.0719738
0.0992433
0.118844
0.125241
0.110815
0.0451102
0.0521757
0.0818803
0.0724236
0.0342679
0.126845
442 183
298 488
429 323
343 422
420 497
196 378
69 276
201 308
380 413
130 361
5 83
52 174
400 186
7 253
248 261
422 106
316 139
14 456
167 326
484 106
210 33
103 234
188 23
311 271
32 100
303 280
80 366
188 211
436 163
346 442
348 82
189 206
169 484
288 179
254 1
262 406
71 194
88 11
144 471
459 356
29 110
204 71
112 188
32 154
34 292
291 60
88 314
287 417
45 44
6 276
