34
50
10
27 37 10 15 68 68 75 62 46 65
58 48 48 92 29 92 74 29 80 35
88 88 61 21 24 38 80 50 23 26
39 99 27 62 85 65 58 37 34 79
41 17 68 80 39 63 66 19 69 67
18 49 44 84 44 91 17 61 83 60
41 60 71 71 29 100 42 24 70 80
95 25 47 56 44 85 39 76 10 80
56 12 48 76 21 75 94 17 80 67
62 52 67 97 49 26 18 55 70 72
20 65 86 94 29 61 55 27 13 81
47 31 50 71 29 93 67 33 80 94
63 38 75 54 17 20 52 55 24 14
70 41 83 68 73 81 92 22 79 82
60 18 67 53 13 73 69 96 39 56
24 96 87 93 15 74 91 79 38 80
93 66 86 66 100 12 55 41 41 58
99 43 67 76 52 45 70 89 41 73
35 89 27 10 19 32 62 29 83 70
80 96 94 73 54 71 80 16 66 97
33 55 57 94 34 51 67 13 60 20
77 78 40 45 31 40 54 13 63 83
40 58 29 48 67 24 30 56 93 29
26 66 76 56 12 90 36 30 35 59
98 32 11 17 30 65 25 90 59 73
61 65 66 77 11 62 72 44 10 67
28 55 85 97 19 29 48 77 42 55
50 29 49 14 59 11 48 39 49 100
17 49 61 74 12 45 29 71 75 38
50 53 43 88 30 100 25 94 48 42
61 69 87 82 64 88 55 24 75 71
81 62 83 96 77 23 92 59 13 51
28 75 11 29 50 72 25 56 57 69
93 88 16 56 76 48 83 100 60 70
57 80 51 13 46 17 46 35 93 70
10 39 10 77 28 75 97 13 90 46
79 87 72 23 21 12 42 69 35 73
57 79 78 64 45 85 92 40 57 78
83 14 87 19 49 34 39 88 66 84
25 94 47 66 31 87 13 51 12 33
36 42 19 60 17 90 76 28 94 47
91 46 17 99 60 39 32 99 85 83
58 45 67 13 15 19 28 94 66 51
61 83 82 93 83 18 93 31 82 64
68 14 74 69 71 45 80 89 45 80
67 81 70 95 99 15 26 87 84 91
46 93 40 37 42 14 45 50 59 60
73 91 96 22 56 77 82 97 81 67
65 58 14 21 16 17 70 37 98 26
40 100 29 53 54 29 62 28 87 76
0.119923
0.0391471
0.0694105
0.0427376
0.0471424
0.122815
0.0946363
0.106025
0.0717638
0.0623407
0.032589
0.126712
0.109293
0.0601579
0.0771482
0.119841
0.0658865
0.0473164
0.103404
0.0866275
0.0650217
0.0867962
0.0795338
0.105855
0.123001
0.111728
0.0567282
0.0870748
0.101458
0.0784908
0.0706759
0.0837406
0.0280849
0.0913295
0.0290789
0.0703201
0.108702
0.0684803
0.0580141
0.124109
0.0910119
0.0955609
0.064083
0.0348552
0.0538869
0.115824
0.0664366
0.122227
0.0265271
0.109442
345 492
5 21
138 124
218 209
51 492
20 161
293 447
5 217
460 91
182 131
335 67
182 202
65 395
238 498
191 440
70 219
171 358
106 231
457 483
12 63
383 423
21 330
148 52
346 240
17 81
459 268
377 129
430 151
113 296
161 215
432 307
479 114
249 174
175 326
256 433
231 454
272 12
417 4
149 498
473 7
443 268
2 209
129 6
119 449
383 36
183 7
401 96
374 458
100 350
383 184
