30
50
10
81 81 20 16 91 55 22 11 30 42
82 66 62 15 14 27 76 15 48 61
32 10 46 43 23 57 45 43 14 80
62 96 64 92 44 15 50 98 28 96
88 81 24 40 78 19 32 94 88 95
35 23 72 30 15 50 28 44 83 50
65 50 11 71 83 22 94 58 42 98
85 41 78 26 61 28 73 41 69 12
49 19 27 31 73 33 95 98 78 26
84 90 75 19 40 93 52 95 84 24
86 26 85 76 55 24 91 63 16 46
80 22 20 29 61 55 91 85 15 33
59 35 97 71 87 72 53 57 12 33
84 26 76 18 55 39 51 16 96 97
89 22 68 76 76 19 89 16 78 41
49 76 62 65 87 85 35 63 47 30
83 12 18 59 66 69 67 31 85 95
83 73 43 52 28 94 16 21 58 73
12 22 70 78 89 19 36 23 25 36
55 66 50 54 53 19 37 64 87 14
51 71 78 42 45 74 77 50 55 65
37 36 21 37 24 81 13 66 68 70
62 53 79 32 62 19 50 85 82 16
94 36 84 84 68 77 73 75 82 94
22 83 72 60 47 44 14 76 72 55
56 42 74 82 86 55 56 26 12 69
73 54 29 63 80 83 97 36 100 12
54 55 66 24 66 64 25 29 50 99
29 67 51 38 59 74 77 66 35 22
80 32 50 24 42 49 11 99 33 12
32 68 90 77 51 60 76 27 61 17
73 96 64 46 28 32 99 35 57 56
19 17 91 90 36 16 39 70 78 46
77 45 84 31 50 55 56 22 79 78
21 41 100 18 35 79 28 24 61 71
12 36 68 57 41 61 51 94 67 91
30 95 17 90 63 47 36 11 40 33
55 57 56 31 66 89 78 71 64 94
25 31 46 66 74 79 55 49 34 90
35 26 82 18 35 88 18 95 81 54
85 98 11 71 13 67 88 42 68 82
65 18 51 65 77 19 74 82 70 20
15 15 49 91 57 56 72 43 11 65
90 15 12 44 13 21 48 75 79 86
72 15 90 68 22 50 93 96 36 88
72 99 32 21 93 89 71 32 47 41
14 55 36 72 34 13 92 25 66 13
50 33 36 70 56 78 69 81 47 63
90 96 53 22 81 10 49 21 33 92
28 18 89 12 55 90 38 71 75 89
0.0651441
0.0287696
0.113526
0.0915718
0.11079
0.0889449
0.0676113
0.0607678
0.120344
0.121266
0.0968548
0.0700775
0.0767732
0.083347
0.041958
0.114585
0.0749325
0.119404
0.105414
0.0487006
0.121305
0.104156
0.0521843
0.121619
0.0655837
0.0799842
0.0937539
0.100611
0.104865
0.119344
0.078693
0.0731143
0.0676501
0.0659536
0.0617799
0.120098
0.127932
0.0758019
0.0309
0.104964
0.104549
0.0979316
0.0639391
0.0475594
0.102302
0.0770676
0.117362
0.0599054
0.129717
0.0933066
363 381
458 415
19 202
256 225
138 428
106 241
273 426
493 143
366 21
215 366
228 169
229 499
94 461
481 292
205 59
419 125
345 207
247 91
414 254
103 0
118 7
60 131
108 75
143 324
259 448
5 90
313 493
299 228
201 79
253 70
38 411
186 122
31 491
372 122
316 276
295 328
359 343
155 495
71 54
425 38
413 86
429 23
353 177
142 490
426 433
0 329
252 361
290 153
59 183
399 242
