34
50
10
94 88 37 18 22 26 55 14 11 26
94 50 26 90 18 91 12 17 25 53
29 79 58 10 43 39 83 47 29 57
69 94 74 69 92 56 58 95 63 82
34 57 46 56 85 46 18 99 23 64
75 59 93 56 92 98 72 48 12 93
27 47 66 61 39 42 47 75 52 74
26 43 20 81 85 31 73 77 66 50
23 39 94 67 37 90 45 93 20 13
80 39 35 98 39 40 58 74 35 57
36 34 63 21 19 42 21 39 99 51
24 41 94 82 99 28 82 14 54 60
81 23 54 71 88 26 18 17 50 37
86 26 67 21 84 42 88 62 96 84
10 33 79 22 92 19 59 100 77 70
25 55 98 29 55 90 72 15 20 15
61 37 32 79 45 95 43 18 93 84
40 30 29 96 86 28 98 56 94 81
98 85 41 88 56 64 85 60 11 98
16 42 91 53 83 93 53 42 84 62
40 70 29 69 89 65 71 29 53 75
66 17 32 100 100 66 22 49 20 11
18 37 39 16 53 12 56 45 51 65
35 85 72 40 13 85 61 95 12 45
66 92 32 71 45 19 100 62 94 50
47 52 53 54 70 25 42 80 90 45
11 31 45 72 57 40 73 39 24 61
12 69 94 40 86 58 80 42 33 47
85 84 78 41 20 27 85 48 42 99
20 51 27 53 95 83 64 31 88 87
54 25 66 55 24 52 16 99 62 67
53 56 15 33 66 12 60 100 59 32
53 66 99 48 13 41 72 10 84 72
58 48 93 44 14 85 73 69 57 92
92 21 99 40 98 58 17 21 35 20
48 62 47 62 18 71 48 60 28 30
55 50 51 54 99 59 29 19 48 49
59 82 61 23 84 53 92 42 65 64
95 64 91 32 32 25 50 96 33 20
85 64 50 21 98 73 23 34 86 90
87 12 81 56 29 95 86 70 50 91
61 61 100 91 22 69 37 97 64 80
29 40 93 41 91 40 77 89 39 88
83 65 89 84 54 92 27 37 11 64
79 62 49 66 75 99 27 89 26 30
26 74 70 31 74 64 73 78 22 58
66 70 30 51 80 78 13 18 70 98
43 95 45 85 19 80 47 70 33 55
81 27 39 40 22 45 12 14 98 50
94 28 96 83 74 48 57 85 35 71
0.114114
0.0857106
0.0707306
0.0830917
0.117885
0.0280379
0.0260703
0.0898901
0.103977
0.111015
0.126026
0.111374
0.0929884
0.0508674
0.102977
0.0650407
0.0548981
0.078711
0.0925681
0.0327884
0.116339
0.0642792
0.0448408
0.0501928
0.0322169
0.12727
0.050811
0.0302874
0.0779117
0.115702
0.0965883
0.0596907
0.123662
0.125621
0.122326
0.0346546
0.126444
0.0289883
0.102468
0.102551
0.0419533
0.109209
0.101337
0.0875
0.100482
0.0329663
0.0650109
0.0459447
0.077993
0.089274
142 111
166 153
373 386
370 307
62 322
27 444
358 187
163 169
493 189
474 469
495 72
394 203
23 384
138 295
393 88
368 414
410 144
423 441
484 475
99 237
54 81
484 84
239 325
286 488
313 130
39 13
25 141
81 230
427 440
414 323
245 185
388 18
111 259
263 304
453 23
399 453
208 488
444 177
2 471
209 66
391 52
140 227
215 100
472 63
36 91
249 420
192 113
179 255
375 244
210 9
