1
50
10
84 90 44 57 46 15 78 46 87 100
68 49 97 91 45 13 65 87 80 43
51 28 55 80 24 96 35 64 88 72
27 16 48 94 28 24 70 82 23 41
68 66 85 24 52 62 58 51 45 26
19 73 18 98 81 39 48 17 63 76
88 60 10 71 31 43 43 70 50 85
86 73 98 28 83 13 68 50 58 94
10 54 60 36 98 90 63 34 70 34
26 77 40 39 65 22 20 18 95 84
78 93 99 74 90 37 75 18 54 88
85 66 53 98 61 50 13 37 88 79
88 43 67 12 86 75 40 92 94 87
73 66 62 36 44 59 87 94 75 60
27 90 57 63 89 20 77 75 70 14
20 43 13 71 81 61 21 77 44 56
45 77 85 90 59 47 60 27 63 10
78 38 77 54 27 95 44 15 16 35
13 69 51 24 53 55 96 36 52 65
84 90 75 59 13 94 85 66 36 72
15 58 94 58 21 35 97 84 20 82
64 85 70 33 61 64 18 14 77 18
34 84 30 74 84 100 73 52 33 61
71 31 75 74 36 56 73 25 54 100
45 23 35 51 49 96 57 92 56 73
93 61 77 42 86 67 29 80 48 61
93 86 49 70 66 34 100 56 17 71
73 64 67 88 49 47 65 52 59 59
83 14 74 60 50 20 42 13 91 82
89 92 11 84 45 44 29 84 13 97
88 70 39 78 42 68 27 15 75 45
47 61 30 75 60 92 47 41 48 51
14 55 44 40 34 55 39 90 93 63
32 23 42 95 33 54 42 17 12 74
87 66 73 60 51 96 77 16 33 60
23 77 27 68 68 59 99 53 85 16
38 39 38 52 92 28 100 33 67 14
50 33 84 37 19 86 19 60 82 75
12 24 79 96 51 67 35 48 50 83
38 16 28 78 34 31 67 56 13 43
26 29 20 33 70 23 83 66 54 30
81 17 49 93 95 45 54 37 92 19
26 85 47 31 79 68 96 10 45 76
36 21 45 28 86 68 27 49 35 82
98 79 24 59 44 10 46 96 99 58
56 91 98 80 82 10 100 57 30 97
18 54 11 54 75 57 40 50 41 74
50 39 82 20 55 83 60 100 66 57
10 37 21 85 77 86 63 22 26 64
10 70 26 44 43 33 21 15 96 92
0.0945315
0.063495
0.0947597
0.026188
0.0783968
0.119445
0.073724
0.0302422
0.0481743
0.106573
0.129082
0.102615
0.0835951
0.0355099
0.11928
0.055576
0.124479
0.0954279
0.0586489
0.107612
0.117505
0.0429328
0.0602471
0.0900521
0.114118
0.0445861
0.114402
0.0313246
0.0287659
0.122558
0.0443836
0.0473281
0.0455404
0.0799345
0.0297608
0.0303064
0.0369299
0.0578283
0.100495
0.0817122
0.116089
0.031851
0.0979316
0.0796646
0.111982
0.0427644
0.114668
0.0702757
0.0940963
0.128984
265 24
95 223
328 281
102 372
399 199
79 238
143 476
391 429
195 27
130 392
374 476
113 435
225 389
432 324
152 445
355 58
409 447
180 191
386 82
162 8
452 329
171 373
86 382
229 466
4 373
341 231
250 302
356 120
371 454
393 238
352 399
447 500
475 180
42 332
251 247
108 334
444 271
251 460
99 465
383 107
156 100
386 432
211 271
105 171
6 19
265 77
239 169
137 440
215 132
150 406
