38
50
10
80 100 31 17 10 39 17 55 47 90
12 10 80 92 91 82 94 42 36 63
46 25 41 55 64 20 34 29 33 14
47 99 24 63 33 72 87 42 23 67
43 44 18 43 81 95 79 87 21 66
40 35 89 25 41 85 60 47 24 44
57 60 58 87 91 19 17 59 41 89
43 75 91 26 61 92 60 22 81 13
61 94 98 87 69 76 30 92 43 91
34 61 95 61 10 94 19 27 50 62
34 98 70 86 81 30 34 97 42 52
36 75 66 95 19 36 32 60 23 57
31 100 88 94 48 38 41 56 49 30
74 30 12 91 11 76 52 52 97 74
93 52 23 11 27 41 52 31 53 67
94 21 91 89 84 86 45 88 70 14
66 56 17 62 52 16 19 40 75 15
55 53 95 81 79 88 22 34 50 60
87 93 80 93 20 66 36 47 17 61
39 62 38 33 93 31 91 86 53 81
40 22 82 75 11 94 49 17 57 92
64 41 13 26 91 46 19 80 83 72
94 96 17 78 16 33 34 13 70 30
53 16 23 48 87 37 59 56 23 21
82 28 38 37 55 47 62 88 16 87
81 61 22 16 25 28 81 68 17 97
62 80 64 84 59 79 96 13 71 18
89 60 80 82 93 75 72 29 95 61
98 84 72 73 74 97 14 50 34 10
91 38 26 32 48 53 90 34 10 80
65 60 54 55 65 14 41 75 39 44
86 73 97 18 41 16 68 63 18 23
43 83 71 85 17 73 93 48 56 78
29 65 49 85 42 72 52 44 36 88
54 60 25 30 51 37 72 99 42 69
70 80 36 99 69 14 48 67 36 13
46 81 28 37 77 60 97 61 62 99
50 20 41 19 61 82 15 80 51 27
41 70 34 84 15 68 36 84 72 40
85 74 85 58 64 16 92 25 49 82
71 10 58 53 79 85 29 44 91 19
44 70 34 36 43 11 58 65 58 40
77 18 45 76 23 41 79 37 16 58
16 19 72 50 82 78 69 52 81 76
56 61 48 50 37 76 26 64 97 93
46 62 49 66 69 53 50 43 72 92
55 76 99 64 67 91 30 56 47 87
38 13 17 99 61 75 22 18 82 34
50 76 11 14 70 13 89 93 35 95
36 47 51 50 99 83 66 24 97 68
0.0459503
0.102744
0.0990897
0.0974625
0.124293
0.0984176
0.0606915
0.0685134
0.107098
0.117969
0.0284196
0.0263548
0.0996056
0.0740483
0.0607516
0.0469753
0.0345873
0.07513
0.0363504
0.0997307
0.101836
0.0935964
0.109222
0.0775596
0.0879526
0.117959
0.121435
0.0640674
0.0334118
0.121269
0.088345
0.0465944
0.113604
0.0415332
0.0955859
0.0332174
0.0393414
0.0425206
0.105676
0.0984534
0.0814518
0.113991
0.125618
0.0739748
0.0555628
0.0599791
0.0428782
0.0825916
0.0974342
0.0331821
466 269
267 181
239 137
305 170
487 50
123 222
217 458
413 420
120 208
81 110
432 62
138 362
305 141
318 171
433 296
1 310
66 308
69 468
408 265
288 182
329 5
46 30
81 31
431 38
339 219
499 438
94 451
54 13
256 201
129 457
333 48
246 279
338 146
353 309
384 411
271 486
420 456
33 90
487 292
370 168
325 183
321 31
125 185
175 423
54 213
122 238
394 277
219 276
124 205
271 419
