31
50
10
27 23 60 83 82 12 79 69 14 95
43 61 45 98 65 24 76 24 32 69
92 47 98 95 30 11 74 29 33 51
92 75 63 33 38 44 53 84 13 75
96 29 71 60 42 56 72 97 43 67
52 38 81 80 42 37 60 38 45 59
41 39 28 49 87 90 47 35 73 20
50 58 100 18 21 97 56 84 79 63
41 88 83 50 13 20 73 39 77 70
60 57 98 12 90 37 40 78 71 65
43 40 81 11 32 100 82 39 15 57
99 25 82 73 22 37 38 27 35 56
76 92 23 26 20 57 42 16 79 25
13 83 94 65 25 45 29 26 69 49
37 47 45 92 78 42 47 75 41 22
32 69 61 12 13 84 76 42 18 56
75 27 99 30 27 68 81 11 94 72
42 97 26 89 82 45 86 94 29 25
68 42 86 20 61 11 12 47 35 62
37 89 18 17 79 52 36 93 84 33
49 80 21 11 16 57 93 28 75 87
38 44 18 88 94 74 43 20 30 20
45 75 54 17 71 22 66 92 66 79
87 67 55 85 88 40 78 18 85 82
33 94 48 33 71 24 51 19 82 59
67 74 62 54 45 18 64 11 59 68
15 13 91 22 59 67 19 42 21 44
70 73 49 86 73 73 25 37 92 57
25 15 90 64 22 21 49 38 78 53
86 22 89 77 60 70 82 33 75 93
97 21 21 89 59 14 56 16 25 70
74 17 24 99 10 40 56 29 90 26
65 59 37 49 96 76 68 93 96 26
65 59 44 98 50 98 38 28 97 47
58 47 39 17 63 70 29 57 72 54
36 73 44 21 96 63 64 55 61 52
31 95 79 41 79 21 13 20 53 17
26 15 78 45 59 49 19 63 79 75
41 84 56 24 40 39 42 85 94 18
100 92 84 100 63 48 72 96 12 49
32 18 40 60 39 21 57 100 98 41
31 87 98 99 80 18 57 72 56 98
100 50 98 27 72 82 27 40 38 52
40 39 24 25 49 56 41 15 36 35
20 36 31 65 94 98 45 31 64 82
74 16 45 22 21 85 95 28 29 42
70 51 15 63 13 64 75 36 99 40
43 73 39 39 96 73 30 37 86 52
83 46 20 40 41 99 67 58 66 23
94 49 38 17 42 55 46 21 54 56
0.0695704
0.118688
0.09978
0.113173
0.0281462
0.0498968
0.11901
0.0584657
0.117864
0.112037
0.100804
0.051997
0.0458891
0.107179
0.0922175
0.0883932
0.0887549
0.108996
0.109433
0.0809873
0.127703
0.0856376
0.0804857
0.101971
0.127134
0.0752244
0.0999458
0.0932201
0.027724
0.119251
0.0417094
0.0275392
0.0492154
0.0359085
0.0638799
0.0893295
0.0791068
0.10894
0.127788
0.0287576
0.11946
0.106332
0.051866
0.101586
0.122594
0.111947
0.0814584
0.0311418
0.0432218
0.0570747
344 171
273 102
455 12
335 385
57 233
191 247
388 72
466 225
330 245
270 105
328 355
197 372
78 365
243 456
286 269
144 88
295 401
491 350
330 366
354 199
40 362
441 81
86 343
67 125
186 31
189 289
453 368
380 200
410 29
199 285
77 393
214 124
146 182
180 359
64 134
462 144
160 32
313 6
341 414
100 23
176 190
84 440
133 18
114 321
297 77
146 274
457 409
31 380
249 339
187 390
