15
50
10
11 22 77 47 44 60 27 66 31 57
99 41 58 33 46 100 41 63 74 91
72 18 15 43 11 12 14 85 62 83
15 78 58 78 23 12 14 79 22 92
39 54 45 49 26 50 86 21 67 21
49 34 48 85 86 78 86 52 46 91
51 32 90 20 15 24 94 54 15 44
40 37 71 52 46 78 16 12 100 14
15 61 49 50 40 73 92 32 84 85
53 50 54 40 50 38 23 62 97 53
52 12 90 13 75 91 39 80 80 77
62 14 54 11 69 97 68 91 55 76
79 53 42 16 17 90 20 53 53 11
92 60 100 98 12 58 33 28 86 59
48 87 51 78 46 88 37 100 86 27
58 45 22 15 68 46 28 32 27 76
79 90 67 17 90 41 85 82 34 62
48 49 10 93 83 88 14 48 77 45
100 74 37 91 79 36 26 79 83 59
21 27 79 39 57 91 24 72 50 14
33 68 78 68 40 74 83 76 54 81
78 86 32 97 22 58 86 62 91 86
76 52 85 47 26 89 35 77 81 26
33 20 58 53 67 33 92 99 93 19
80 29 81 47 52 40 11 78 72 60
17 28 16 24 91 48 50 53 69 82
32 53 44 66 55 37 80 50 39 45
69 53 14 22 18 100 22 55 40 33
15 61 42 24 98 55 62 17 83 34
92 16 18 61 85 46 69 83 50 58
59 76 92 91 49 36 51 48 15 40
91 53 39 75 89 55 60 70 69 95
18 35 91 14 88 46 83 47 27 16
76 84 93 65 29 56 40 88 10 19
28 14 84 66 38 100 83 32 12 79
100 89 24 41 17 73 30 79 43 87
24 56 60 86 27 85 18 83 84 39
89 60 85 86 47 10 69 27 61 19
36 11 24 35 81 89 52 100 29 17
29 80 96 73 62 66 53 31 76 13
61 23 77 52 28 93 84 46 16 58
32 75 14 95 49 82 34 79 58 62
33 51 52 100 52 100 50 17 32 55
30 10 70 54 31 84 73 100 38 88
12 14 86 30 26 22 99 80 45 44
32 69 62 17 99 48 100 80 13 13
96 60 18 17 83 86 56 96 94 80
68 16 18 34 46 71 14 93 15 43
73 87 73 87 74 79 73 99 97 55
94 27 100 24 38 53 34 11 91 82
0.125328
0.101872
0.0713832
0.109776
0.0806825
0.0260104
0.0983579
0.0802543
0.0385394
0.0550428
0.0263523
0.105626
0.0843081
0.116542
0.112144
0.10857
0.0949318
0.0326869
0.110475
0.104248
0.0381617
0.0616867
0.0523095
0.127531
0.0363438
0.0499011
0.0856834
0.0384919
0.062397
0.114854
0.0776999
0.0324857
0.0780852
0.0676173
0.069533
0.0892215
0.122648
0.067086
0.0316817
0.0360462
0.0929395
0.0766565
0.0502121
0.0934359
0.101074
0.05466
0.123788
0.0887315
0.0548803
0.0718152
283 436
291 66
221 22
253 66
318 29
350 434
7 135
91 397
499 7
230 276
39 297
492 120
181 346
466 109
487 21
237 90
69 164
449 16
21 298
327 286
151 209
132 337
410 96
334 406
418 438
124 286
499 219
205 334
133 472
414 499
239 194
25 161
76 318
381 90
229 212
255 492
228 319
224 112
15 279
101 387
386 286
33 346
336 234
365 400
188 45
429 487
500 426
493 252
342 82
58 480
