29
50
10
46 64 21 83 83 34 69 16 72 25
71 10 29 79 29 15 80 95 39 84
99 99 16 27 88 57 16 84 27 32
63 39 14 60 45 60 82 22 11 71
86 35 28 55 38 38 76 21 56 14
71 90 22 26 56 100 62 24 76 47
68 96 25 30 16 63 61 40 99 22
96 49 95 26 51 84 78 20 55 26
82 70 87 83 59 93 91 47 79 85
47 51 12 95 74 27 75 57 19 74
81 17 62 22 55 84 40 37 95 12
54 21 89 59 16 24 83 42 58 48
20 79 61 54 78 71 36 61 65 71
92 15 96 97 96 47 16 15 90 84
55 81 45 51 28 15 37 14 73 74
27 51 20 53 89 78 80 43 84 95
26 41 33 51 56 15 66 16 71 14
88 72 75 73 93 71 54 21 79 76
20 59 90 48 53 82 60 29 12 30
64 93 74 22 63 45 27 83 69 37
56 78 72 78 58 35 47 28 67 75
19 82 78 63 78 62 29 67 83 80
98 65 81 18 31 66 30 20 42 83
91 76 88 50 53 83 62 85 11 56
82 100 88 99 69 42 56 85 85 14
13 79 20 46 54 96 50 37 91 94
62 18 63 60 79 79 42 15 73 90
65 91 99 74 25 58 57 62 75 52
84 67 42 29 10 58 71 25 55 71
46 20 51 37 47 79 70 24 27 35
41 85 19 30 87 90 30 44 40 17
88 49 94 18 44 13 43 56 81 34
95 61 62 50 75 29 33 10 63 16
35 80 78 65 100 99 37 95 14 15
28 25 100 97 81 76 74 75 30 77
19 58 85 89 58 10 23 64 14 48
24 32 26 75 78 29 12 18 43 32
15 16 63 26 75 99 37 59 10 52
67 92 23 61 94 61 74 13 32 61
17 100 18 74 33 77 72 78 56 21
84 66 10 28 48 91 69 15 68 30
17 46 86 13 52 78 58 28 10 16
35 54 59 84 71 87 54 91 21 97
97 31 23 45 35 69 75 70 25 58
75 60 64 37 45 99 34 65 42 41
11 100 67 15 24 60 83 99 58 71
86 84 94 95 41 33 52 31 14 66
17 79 16 46 40 85 69 32 46 16
16 59 57 60 47 43 29 31 10 40
71 69 59 59 79 50 93 66 89 84
0.0973496
0.0624757
0.104241
0.107452
0.0472044
0.0526763
0.087368
0.0374339
0.0592085
0.117719
0.0307028
0.0669687
0.12883
0.0385486
0.104639
0.0975409
0.0304539
0.0480807
0.0262996
0.108562
0.075727
0.0445702
0.0919897
0.0427418
0.100267
0.0778236
0.0312259
0.093408
0.0661796
0.0848378
0.120305
0.099787
0.0606029
0.0687336
0.123427
0.091352
0.0311806
0.10756
0.0481457
0.12632
0.038956
0.128912
0.0843966
0.0470152
0.108833
0.089589
0.116666
0.127993
0.0325638
0.125854
336 75
212 499
28 378
460 499
210 393
226 433
221 263
320 57
105 30
202 115
397 292
134 471
299 11
54 224
432 407
33 115
420 294
343 212
436 152
315 448
411 194
58 488
27 357
234 227
360 460
136 291
265 21
391 61
80 332
20 7
75 23
293 199
168 156
223 222
355 452
456 72
481 139
345 243
486 316
266 164
297 108
437 464
265 458
297 63
240 150
127 30
342 253
121 442
46 429
496 85
