16
50
10
99 48 10 59 65 64 37 90 53 53
69 91 66 100 28 17 32 69 82 26
98 60 90 34 24 83 65 69 77 54
12 72 25 39 83 91 45 74 57 39
14 28 47 85 61 67 72 78 32 63
26 94 56 51 72 64 41 62 29 67
43 33 37 32 65 12 74 95 22 76
24 82 66 28 56 78 65 53 39 53
79 47 34 91 94 76 32 36 48 72
85 65 53 88 63 36 79 20 22 24
61 25 15 72 12 32 17 78 77 51
40 11 43 61 11 51 30 58 45 48
19 63 96 97 57 30 64 45 61 20
48 51 59 85 71 21 48 50 61 10
60 18 24 98 36 48 21 91 58 55
45 92 75 39 85 92 20 19 69 64
75 55 47 47 65 70 83 62 42 91
89 93 53 48 66 24 86 71 28 90
61 14 12 96 76 84 96 40 95 64
96 23 33 18 32 10 97 57 47 16
18 36 87 75 11 29 16 98 28 19
78 60 55 94 62 97 58 100 32 74
62 64 80 10 15 48 26 55 40 58
40 100 14 71 49 33 82 74 100 17
51 57 97 75 48 63 48 69 94 17
70 53 19 63 40 85 37 85 55 54
12 11 61 63 86 25 11 13 89 47
62 57 38 84 75 62 90 63 49 15
79 89 90 91 92 38 55 97 58 98
87 39 27 50 27 95 48 93 64 17
74 38 13 41 28 41 49 63 25 89
64 99 89 62 32 46 67 89 61 53
38 16 52 26 96 98 95 62 72 93
30 83 32 39 38 85 45 29 48 20
24 31 91 86 24 25 83 20 26 66
100 73 18 57 56 37 99 93 71 96
23 85 52 29 87 57 71 41 84 73
22 40 79 10 83 89 90 93 96 11
66 84 83 13 33 96 29 27 20 66
49 42 80 87 71 11 83 32 65 84
57 59 60 95 33 71 39 100 83 96
38 14 47 51 31 96 90 85 62 53
90 96 94 37 69 60 98 33 29 25
81 38 97 29 63 77 75 53 49 25
68 47 44 99 61 65 53 79 67 65
74 54 92 67 47 90 82 12 77 96
78 76 64 18 58 24 61 99 53 74
70 78 39 58 82 43 84 77 64 62
39 33 99 42 93 29 94 31 91 49
77 58 84 60 69 66 98 99 25 51
0.0729317
0.0604692
0.0435169
0.0878899
0.0692351
0.0535416
0.0644667
0.123556
0.120327
0.110632
0.114208
0.0357537
0.12304
0.0315341
0.117814
0.0932923
0.117061
0.0777931
0.0735787
0.0374453
0.0503587
0.0469414
0.0624397
0.0498998
0.0795334
0.0395961
0.125538
0.129738
0.128528
0.0500854
0.0552097
0.0829204
0.0354973
0.121539
0.036226
0.103557
0.0291365
0.0422808
0.0914459
0.0784914
0.101721
0.126451
0.120895
0.0738822
0.0485084
0.116474
0.127739
0.109362
0.0765854
0.107677
106 142
376 496
190 426
288 477
7 314
357 269
82 251
229 468
229 256
397 293
194 457
407 193
499 81
304 166
477 5
162 181
261 387
125 383
84 310
221 178
80 203
19 245
464 274
11 91
362 140
349 147
91 11
313 49
152 249
377 124
190 237
30 1
222 6
18 305
388 264
170 277
257 394
332 2
353 437
22 65
428 51
399 447
477 118
386 473
228 245
252 123
199 218
368 314
119 90
192 325
