5
50
10
89 45 17 19 20 71 91 60 37 14
48 53 99 66 66 16 61 22 29 92
13 95 73 45 52 26 72 41 47 98
70 80 56 73 62 87 55 19 92 41
72 31 94 46 16 30 14 71 81 72
58 48 45 49 34 83 41 35 87 43
34 97 10 35 48 43 55 76 56 59
31 49 99 25 41 30 23 88 14 57
98 91 67 10 22 76 86 19 23 85
23 17 71 13 94 33 91 40 96 30
87 12 56 43 89 59 46 53 62 13
37 44 94 12 36 15 23 38 50 46
17 70 51 95 75 59 51 10 13 73
42 27 49 67 73 78 91 42 53 27
54 48 43 77 66 85 67 70 89 44
74 21 83 76 44 48 78 68 10 36
100 67 23 64 41 24 46 78 86 91
76 14 22 45 30 22 17 32 64 67
66 11 100 48 89 85 47 12 57 45
30 23 86 17 73 22 73 41 93 38
29 85 71 81 42 23 46 47 30 30
73 37 51 61 68 34 58 10 71 95
82 95 14 78 81 34 89 54 59 28
90 85 59 14 34 99 77 32 47 59
21 91 29 28 86 51 36 66 41 70
91 97 24 61 21 12 16 77 36 68
72 91 53 80 24 48 39 83 93 27
81 81 17 28 22 74 17 30 15 47
38 64 47 41 57 56 80 69 54 47
57 22 56 92 83 72 28 66 85 92
64 13 57 91 60 41 29 37 50 69
77 27 55 96 76 26 27 37 48 30
43 23 43 25 95 98 20 51 18 32
78 15 61 56 65 54 12 35 36 16
85 92 89 11 68 94 64 68 53 35
66 96 21 97 38 14 59 88 40 33
82 88 28 76 68 43 68 84 13 50
85 29 67 83 81 26 83 46 50 56
43 92 49 80 52 25 61 92 16 73
26 41 95 72 30 12 57 39 97 34
66 35 44 77 71 19 40 26 16 44
14 53 73 13 89 63 29 71 63 18
28 15 72 20 47 95 57 84 11 42
51 34 90 59 57 31 44 41 87 92
17 56 75 78 60 72 30 23 15 36
22 70 61 89 75 68 39 38 84 77
90 77 94 98 75 49 87 47 63 76
31 77 32 70 74 61 85 65 84 49
74 79 14 70 49 63 84 92 42 74
38 54 76 85 81 66 46 26 72 12
0.101471
0.0349388
0.0361382
0.123745
0.10785
0.0778382
0.102871
0.0316185
0.0882831
0.0873494
0.0902581
0.0418043
0.126241
0.112492
0.0659125
0.0765986
0.0331673
0.0909815
0.0901034
0.0625679
0.107357
0.091484
0.0681869
0.106147
0.0586285
0.0575817
0.127992
0.128484
0.0614273
0.0265108
0.0707653
0.111718
0.103282
0.0449289
0.0278965
0.0953898
0.127497
0.077061
0.0386978
0.0985449
0.119189
0.0840937
0.125683
0.117533
0.117295
0.0924267
0.079302
0.0339425
0.0546917
0.102319
156 119
53 94
321 142
165 9
464 379
112 355
296 463
197 389
47 473
228 437
468 13
456 162
242 370
272 59
363 245
12 264
485 343
217 403
37 254
166 308
236 215
154 201
28 379
110 448
345 221
61 352
60 306
210 49
385 157
280 42
295 36
79 86
112 320
362 120
342 318
425 480
156 487
204 125
128 264
306 48
329 16
13 168
244 168
35 309
55 298
305 178
63 34
2 194
25 20
448 291
