30
50
10
49 18 15 15 31 70 64 42 83 80
41 55 27 72 71 99 33 33 78 31
47 14 78 77 45 41 54 17 66 74
30 46 50 37 22 42 11 98 55 76
97 71 10 96 27 21 31 76 29 56
89 16 100 62 88 47 56 96 28 42
58 71 82 75 42 67 50 68 94 10
85 58 71 25 68 11 37 63 52 59
69 53 39 22 28 22 75 94 37 90
53 30 12 16 14 67 86 39 65 93
48 58 94 98 35 25 51 25 99 45
36 78 53 23 39 73 43 89 81 16
22 97 26 43 15 59 100 38 53 49
18 72 81 32 16 39 11 91 100 72
78 68 55 36 81 63 48 71 83 16
10 50 97 42 48 77 91 72 70 11
92 51 75 32 46 93 86 100 40 32
83 58 61 86 48 60 53 54 19 29
78 61 55 42 46 75 56 44 91 18
59 10 30 59 58 61 53 40 76 12
83 65 27 48 95 19 19 60 68 39
75 63 25 43 83 47 10 100 31 42
47 53 20 63 29 44 28 43 30 85
46 88 90 96 16 13 58 38 25 44
92 13 44 25 80 14 56 90 19 39
89 47 39 33 96 95 59 38 88 24
47 52 48 90 99 72 41 75 62 34
62 95 89 94 95 10 57 83 74 88
68 85 35 77 12 60 44 82 94 11
32 70 98 81 39 86 11 63 73 10
44 32 79 24 78 82 82 50 48 23
49 34 82 46 31 25 23 92 23 68
97 76 32 92 15 57 87 12 14 46
74 50 87 65 44 51 12 30 30 18
31 58 39 23 57 22 92 44 97 73
38 98 29 53 62 90 49 30 18 12
68 81 58 87 47 69 90 38 65 29
89 79 28 26 65 22 40 87 24 58
24 22 86 36 80 94 85 34 72 83
50 56 86 33 79 23 99 86 33 89
29 45 34 10 81 25 94 55 80 51
64 50 83 43 42 37 15 32 83 98
50 76 100 82 11 67 97 66 31 95
86 18 36 65 38 25 49 53 34 90
33 70 37 32 19 88 22 19 39 30
36 23 61 57 38 15 39 70 28 32
44 96 30 46 91 36 83 100 41 28
63 75 27 49 87 19 50 38 76 41
37 12 45 14 50 66 35 41 32 74
83 77 90 39 15 13 48 10 87 65
0.113015
0.128945
0.0523089
0.0920943
0.0323647
0.0536659
0.102619
0.115656
0.106136
0.0485519
0.0484975
0.0343998
0.109169
0.0424623
0.0778738
0.0995366
0.0466893
0.0603105
0.106126
0.0341433
0.0470671
0.0978689
0.0948068
0.058751
0.0797431
0.0858807
0.114004
0.129197
0.0342952
0.0712802
0.0443841
0.0429654
0.129639
0.0355861
0.0355937
0.0565659
0.0706414
0.0448365
0.0549775
0.0832655
0.0464577
0.121018
0.12712
0.0942597
0.051488
0.104808
0.0396388
0.036679
0.0325505
0.0921557
210 426
131 0
372 32
132 43
134 320
302 282
215 359
227 439
38 219
346 47
103 233
17 342
407 60
17 206
498 85
50 151
53 262
45 347
358 216
52 368
194 370
115 254
17 295
134 223
457 167
182 375
424 231
397 208
189 319
4 334
66 288
371 381
187 218
96 417
18 489
313 286
409 324
29 100
91 256
56 115
454 341
440 377
500 461
226 478
288 117
109 389
353 260
481 23
52 475
31 154
