45
50
10
43 77 49 69 16 34 35 80 48 68
62 56 50 47 14 41 12 77 65 77
52 14 98 93 12 64 77 63 40 65
71 23 32 46 80 13 70 36 42 76
81 72 62 57 60 31 72 33 30 40
59 12 11 84 98 42 75 60 43 85
12 50 45 96 92 40 87 91 36 36
64 96 17 11 41 35 77 41 49 60
54 24 64 78 20 23 51 83 40 11
16 59 83 47 10 37 48 89 83 58
55 90 79 31 91 28 47 39 66 86
41 16 93 52 83 50 36 39 51 74
85 52 46 93 97 90 11 22 48 49
26 95 27 66 35 79 80 21 38 78
88 67 34 39 12 91 10 84 76 77
18 94 63 58 31 11 24 17 66 19
86 90 80 54 98 88 49 36 18 30
80 90 14 46 43 26 57 20 95 65
44 82 31 19 16 32 79 29 98 65
35 56 40 24 18 11 86 69 31 58
18 71 60 30 72 32 25 92 82 91
65 93 61 94 47 26 13 76 99 77
70 47 21 34 66 42 67 76 71 22
68 66 41 77 63 49 70 22 33 88
25 41 63 19 33 84 63 49 84 16
43 97 16 97 18 83 76 33 98 47
70 35 31 10 32 60 42 38 86 65
14 18 18 48 54 48 72 30 50 30
88 30 40 35 39 99 66 50 60 79
85 17 56 77 30 100 83 82 30 17
33 86 20 37 32 99 93 26 15 38
59 72 100 31 100 73 58 91 61 97
27 23 95 14 61 23 14 46 42 20
75 30 81 55 12 13 48 80 47 37
99 92 52 52 79 78 45 12 41 19
69 62 59 76 37 26 74 20 73 81
45 79 67 14 20 51 39 55 68 33
19 83 77 99 77 95 24 17 66 25
78 95 85 27 69 74 86 99 71 36
24 49 26 48 38 91 28 58 80 38
15 26 98 75 81 17 15 12 26 29
59 61 75 47 29 95 100 38 54 45
22 53 17 54 79 22 20 28 58 10
17 93 39 11 14 82 37 46 46 44
89 36 74 31 57 76 74 67 30 35
50 74 90 28 49 22 22 19 57 75
33 18 57 62 65 67 28 77 72 65
81 19 43 42 11 65 76 16 37 61
86 94 86 26 10 74 97 36 45 16
68 81 24 51 71 37 29 19 86 25
0.129836
0.0554637
0.0946951
0.10533
0.101094
0.0268704
0.106877
0.121872
0.0676157
0.0637977
0.0631398
0.0796664
0.118306
0.0388666
0.0351344
0.0273922
0.0936092
0.0631143
0.0408978
0.0578048
0.0319344
0.0904624
0.0947773
0.126492
0.123653
0.0831978
0.11109
0.065577
0.0914312
0.0928742
0.0778675
0.0731254
0.05388
0.0700059
0.0666799
0.0365593
0.11054
0.0326499
0.0410906
0.0495015
0.0684699
0.0983084
0.0693562
0.028314
0.0620668
0.0467798
0.0536615
0.0319641
0.031029
0.0355522
210 259
300 57
340 284
57 20
36 245
124 101
283 206
462 298
189 427
0 226
275 254
257 485
428 427
428 405
461 341
326 176
71 275
162 80
471 50
354 497
179 287
196 32
250 219
233 322
286 332
261 100
187 272
388 196
162 449
160 414
22 308
427 223
194 474
51 228
52 19
358 109
315 187
111 456
326 443
73 155
117 471
118 216
400 438
460 325
45 496
334 340
310 322
105 57
327 218
76 256
