13
50
10
81 39 45 20 52 60 99 94 22 80
46 43 74 20 84 20 48 10 12 60
61 51 24 64 94 73 51 44 26 23
51 83 92 32 95 66 41 46 48 91
44 67 94 96 30 86 20 52 85 51
77 96 27 15 52 42 20 62 98 94
39 13 98 85 95 55 59 53 46 87
61 83 70 87 87 42 60 20 17 22
19 74 51 25 64 17 56 59 18 49
81 90 82 21 36 13 60 73 93 58
97 36 41 44 57 16 59 56 45 52
16 82 62 28 99 79 48 69 17 54
26 91 63 100 89 24 77 34 46 58
85 53 27 25 36 97 80 19 61 61
41 44 29 73 86 53 14 78 63 43
51 74 91 15 47 27 64 78 13 45
96 64 31 90 93 75 38 25 55 72
97 59 69 73 49 29 16 77 12 55
47 23 63 76 93 26 61 81 58 61
75 22 23 72 54 16 85 52 63 19
100 46 80 81 69 92 13 64 100 23
25 44 74 66 71 22 39 85 73 21
61 21 97 26 59 71 43 12 77 20
30 64 51 81 50 87 61 74 62 100
62 74 12 26 41 94 54 92 69 85
10 88 18 40 61 24 74 75 14 73
72 65 59 36 42 97 47 98 77 67
84 66 37 89 85 30 89 25 76 56
89 81 72 26 69 49 46 62 90 41
22 83 13 79 37 83 86 84 67 87
47 21 100 48 49 26 39 69 48 34
28 40 12 43 15 67 45 25 28 99
88 98 40 60 34 100 19 59 60 65
59 62 46 83 39 55 69 90 43 22
96 26 40 27 16 74 23 19 38 30
31 23 85 81 33 49 38 48 79 84
71 12 29 28 29 57 39 21 26 97
56 91 35 10 55 44 47 52 100 76
12 94 81 31 83 41 26 39 60 48
60 43 18 64 54 65 30 17 55 52
83 52 12 57 77 71 18 59 41 59
95 99 40 78 37 29 78 85 84 47
63 95 100 42 25 32 39 58 25 62
19 99 62 88 50 73 62 100 74 15
12 38 98 10 43 57 18 89 92 17
66 37 58 11 98 100 10 16 21 32
26 38 83 11 25 74 42 94 94 69
83 65 26 83 30 29 69 58 51 30
12 46 40 92 17 39 25 45 25 10
59 39 19 77 95 20 19 49 27 85
0.0699372
0.0616005
0.0573784
0.051497
0.0649914
0.0805839
0.0353028
0.104365
0.0401811
0.123752
0.108931
0.0315787
0.0953261
0.0284494
0.0350098
0.0292588
0.0438385
0.0998511
0.123807
0.0689636
0.0953887
0.036277
0.117267
0.0362829
0.0860075
0.0572118
0.0282536
0.129199
0.0404973
0.0716907
0.0768851
0.120608
0.0789976
0.126421
0.102179
0.119932
0.0699811
0.0966545
0.0918526
0.0621105
0.051891
0.0641228
0.0717861
0.104013
0.0990938
0.0743382
0.0673236
0.104059
0.0369267
0.0896796
48 233
67 185
74 498
286 275
453 70
415 246
270 240
450 135
412 268
484 214
127 300
63 280
281 489
105 165
267 156
14 32
389 27
255 301
420 154
183 307
317 382
316 64
357 309
331 211
295 216
49 476
123 5
39 486
282 186
453 138
259 91
143 125
76 177
238 51
409 432
193 31
469 449
272 320
225 314
326 100
70 374
313 246
464 357
395 43
230 492
434 426
123 97
175 307
275 261
340 5
