30
50
10
20 21 38 61 47 10 38 70 68 90
16 57 51 15 77 21 87 64 82 81
17 10 72 35 98 65 46 11 25 11
84 24 39 66 83 79 81 36 40 69
61 48 52 34 100 89 29 45 50 77
10 25 47 86 60 22 82 70 58 12
32 52 45 78 57 20 97 76 96 22
80 74 43 50 14 80 53 95 51 11
77 62 61 92 43 78 92 99 35 97
87 71 85 29 29 21 59 74 46 43
25 58 25 26 68 42 18 40 78 83
54 21 60 97 77 72 23 43 92 100
63 72 12 54 47 36 36 58 43 66
39 47 74 16 10 93 33 12 36 11
47 75 49 94 76 92 78 49 99 100
64 87 30 85 63 53 68 39 67 55
54 48 94 16 79 17 62 88 87 53
64 84 62 69 69 48 85 69 41 87
73 21 70 68 59 13 85 49 13 13
42 24 29 83 92 63 99 98 43 91
62 51 96 41 16 42 26 100 68 10
68 62 14 73 80 40 31 70 54 65
32 65 88 59 89 58 28 41 54 98
41 53 77 29 36 71 58 15 77 31
64 40 50 87 89 24 22 61 72 37
36 25 86 98 71 29 28 71 44 40
33 47 16 61 17 77 58 58 77 93
55 13 35 42 52 54 74 10 24 93
43 44 25 78 18 76 10 13 29 15
80 58 44 35 10 67 21 10 29 92
29 59 53 18 69 60 76 51 85 58
55 58 52 55 77 12 17 25 58 25
18 78 18 59 94 77 19 100 49 28
69 58 93 88 18 90 18 47 95 84
84 23 26 56 67 99 57 15 63 61
22 39 39 52 73 76 99 18 21 65
34 16 38 51 86 19 31 47 85 100
15 32 20 84 35 10 24 72 74 28
69 97 84 83 56 84 28 40 88 10
19 100 99 97 66 51 73 42 79 11
88 12 95 95 45 67 60 85 19 78
86 98 22 35 79 43 16 46 23 16
92 72 97 30 11 78 75 37 60 43
67 93 34 17 92 96 94 67 89 40
61 52 58 34 85 57 63 97 66 88
64 86 79 70 28 37 10 73 71 76
49 40 96 11 16 59 46 27 99 22
21 88 69 87 56 60 36 27 36 37
60 62 43 80 11 76 87 97 14 97
44 24 14 73 79 39 64 50 82 96
0.0596363
0.0701473
0.103759
0.0875746
0.0711807
0.0940033
0.0554006
0.0359923
0.0996709
0.0614612
0.103535
0.0516423
0.0682024
0.0756335
0.0752474
0.0475359
0.0504476
0.1267
0.1139
0.0675473
0.0367717
0.0609446
0.111893
0.0315454
0.0991098
0.0282423
0.12853
0.104126
0.0268008
0.0611855
0.0898861
0.12725
0.100713
0.0802716
0.048329
0.0807729
0.0838748
0.11667
0.0826363
0.0427191
0.0935314
0.0347967
0.0997406
0.0702022
0.0964659
0.0887194
0.0381968
0.0437779
0.0760515
0.073467
208 95
459 217
251 271
330 213
489 216
491 386
400 362
468 18
44 76
393 125
119 395
403 435
384 442
168 130
307 421
305 484
395 95
447 61
194 46
128 191
477 90
378 305
27 293
177 497
357 321
56 30
296 372
293 330
296 430
52 173
237 344
239 349
475 411
18 153
471 149
94 289
234 136
22 462
81 173
359 359
447 178
380 52
205 92
414 386
497 384
403 274
158 252
237 198
328 363
489 71
