8
50
10
14 36 94 33 68 20 73 41 34 46
98 28 40 67 66 50 55 62 13 79
50 15 12 34 24 37 95 56 46 25
47 44 39 92 74 100 64 19 83 100
24 36 98 98 80 44 20 74 65 26
30 71 54 32 34 63 86 31 100 33
55 30 87 46 33 52 64 43 64 41
93 99 48 56 24 25 80 24 13 97
83 68 98 65 73 14 28 89 24 85
90 43 34 10 40 43 81 41 41 19
28 53 26 60 32 30 97 81 38 90
75 27 23 90 47 84 99 64 69 91
49 86 46 37 85 89 79 34 74 31
28 45 15 34 53 74 71 100 84 95
92 93 49 40 39 70 93 82 32 29
83 14 12 63 42 34 35 58 47 45
34 52 77 85 21 72 62 93 39 78
36 68 30 58 46 81 70 83 28 50
87 96 67 49 53 47 96 99 33 77
17 44 50 21 100 81 75 62 50 21
50 15 84 70 22 14 93 82 82 55
12 35 79 57 20 70 69 97 42 96
49 72 50 54 44 43 47 51 41 26
79 50 58 61 56 10 59 90 95 31
14 74 55 72 55 10 53 55 99 16
41 10 96 76 70 67 98 72 42 40
46 45 88 17 33 82 93 71 87 46
59 55 82 86 78 41 94 57 38 65
83 97 52 32 52 10 98 92 64 28
79 47 30 55 100 76 87 97 70 68
55 49 30 46 69 37 97 39 22 35
99 48 95 46 41 39 98 39 35 62
35 45 50 72 57 59 41 12 45 30
56 17 44 11 76 58 63 33 53 48
15 49 12 55 68 37 84 56 88 86
71 12 54 55 46 44 46 92 24 56
46 74 32 94 87 65 55 10 72 99
52 97 26 28 21 99 22 50 49 78
85 29 86 30 100 17 22 65 35 73
65 82 37 39 36 28 60 46 63 99
61 64 45 77 62 41 38 46 88 82
54 15 35 89 88 80 84 35 35 37
29 72 30 31 57 15 80 34 26 96
67 60 92 17 62 82 31 89 58 52
36 43 42 92 56 52 26 93 91 86
54 35 46 39 63 87 52 70 96 19
43 69 75 39 91 98 99 88 18 54
52 25 86 36 35 13 11 51 90 15
51 25 55 100 33 78 53 31 36 73
83 85 38 82 67 77 86 66 39 93
0.0753807
0.0985198
0.109881
0.028165
0.0266215
0.125504
0.0815084
0.0711955
0.099696
0.0440816
0.128294
0.0369776
0.0570378
0.110004
0.0434694
0.0731681
0.0744543
0.125455
0.0676954
0.0882744
0.0533177
0.123325
0.0354507
0.0601823
0.0914328
0.122007
0.0738193
0.11673
0.0813999
0.0408687
0.0727512
0.106689
0.0823263
0.06812
0.0605472
0.0629767
0.116583
0.0990938
0.084808
0.118177
0.0436932
0.0480851
0.125679
0.0718742
0.0749326
0.0642861
0.0982657
0.124273
0.0488817
0.107623
76 486
107 429
283 286
180 28
293 129
6 297
228 35
91 60
441 76
479 251
448 84
214 75
282 244
260 135
245 334
102 458
464 65
50 185
493 355
9 201
336 417
453 463
155 269
296 250
109 303
118 247
305 203
7 461
82 358
315 191
492 135
200 174
477 484
430 334
326 497
395 60
462 221
499 318
107 197
425 162
217 367
268 462
410 299
160 210
471 243
304 16
119 406
274 432
127 59
90 452
