40
50
10
59 93 16 30 64 74 54 88 28 71
54 97 19 98 77 49 31 85 81 55
12 28 79 45 76 73 59 82 42 27
44 54 31 41 81 43 50 64 44 78
53 48 55 27 19 92 86 35 52 36
20 97 21 93 96 62 35 58 41 64
78 55 67 71 94 15 32 75 66 98
74 35 77 97 79 82 43 56 19 19
78 21 46 38 29 38 50 92 39 92
73 55 47 94 90 11 28 86 29 87
86 18 65 32 41 13 91 42 32 17
59 23 64 18 16 16 42 72 88 50
12 94 34 16 18 26 64 28 76 72
75 21 80 90 89 87 41 67 41 78
80 53 39 28 41 88 75 90 57 15
81 29 60 71 20 32 49 33 67 23
21 59 31 76 10 29 67 16 96 39
22 33 17 87 55 71 45 47 83 24
36 58 95 86 10 84 30 54 33 61
94 36 85 60 58 47 71 90 71 60
98 29 87 20 52 33 77 87 12 88
13 41 32 65 25 10 19 74 24 80
75 30 52 71 73 67 91 59 59 62
27 50 13 63 11 92 59 99 25 55
19 97 30 44 21 79 94 39 52 57
58 94 52 35 65 25 81 51 100 16
64 45 99 58 71 30 55 46 79 45
34 29 89 33 30 63 32 30 19 79
57 100 90 28 89 41 52 50 91 48
61 92 11 11 48 91 98 39 76 58
45 81 57 46 95 48 58 56 15 92
61 78 74 30 76 38 20 69 21 50
56 68 91 41 78 92 27 28 72 71
50 72 83 35 63 88 86 90 44 51
10 15 61 82 89 27 92 20 24 73
71 66 84 71 31 12 46 75 15 94
63 45 59 17 53 84 95 27 69 41
19 20 50 59 24 53 13 58 96 54
98 47 35 91 67 97 34 71 79 65
78 62 95 16 70 39 29 29 93 82
98 71 46 41 32 62 99 94 72 21
82 49 52 86 96 52 94 68 25 17
44 44 19 22 98 18 18 19 82 96
67 68 11 60 59 49 89 63 41 24
64 61 71 85 92 15 79 29 10 23
97 28 54 27 99 79 62 83 51 38
22 25 72 25 83 95 90 99 90 45
94 30 20 53 42 94 64 95 65 50
48 43 59 94 14 77 86 83 21 39
76 23 74 42 81 78 28 100 86 80
0.0802385
0.0519112
0.0855205
0.0555128
0.10668
0.0882028
0.103687
0.127666
0.0462334
0.111155
0.0642891
0.0980616
0.0653313
0.0662052
0.112768
0.0899412
0.0554214
0.0633955
0.059943
0.12098
0.120211
0.0451481
0.0512116
0.121082
0.0749192
0.0698639
0.0607556
0.119939
0.0620147
0.0345325
0.0668228
0.0672411
0.029082
0.0745734
0.0326383
0.116306
0.0782695
0.111008
0.0374625
0.0345044
0.0956226
0.050998
0.0816333
0.0878308
0.0327265
0.0719997
0.0974378
0.0972554
0.118147
0.0557815
47 390
282 118
115 186
296 61
158 248
106 228
95 297
385 210
341 348
71 318
222 461
166 467
156 80
385 384
55 443
16 484
281 35
290 220
49 206
254 330
304 254
327 454
169 457
43 464
327 90
47 13
419 180
158 480
225 75
325 316
101 484
271 284
128 470
359 229
338 449
247 120
295 100
101 463
116 277
210 134
46 153
56 465
479 170
390 247
384 371
3 97
295 142
233 201
483 114
313 135
