33
50
10
80 72 58 18 98 91 88 34 93 75
62 84 84 60 37 37 77 23 85 32
44 99 29 27 83 71 28 21 55 21
31 21 28 57 75 61 56 31 78 50
88 62 22 42 76 69 60 84 34 70
12 78 59 58 96 27 46 85 41 56
77 37 97 66 70 28 55 86 24 40
10 11 68 22 34 10 19 86 73 87
56 47 29 59 70 20 68 92 47 32
89 33 55 68 28 54 51 60 14 41
95 38 93 48 72 96 90 67 36 26
34 70 14 37 24 99 96 41 38 43
49 89 86 68 63 41 67 54 54 67
26 87 37 100 11 32 14 70 51 99
79 42 33 50 46 58 94 19 100 59
67 87 49 63 24 55 19 96 16 90
45 88 86 56 47 58 35 57 65 28
20 90 74 13 93 68 41 16 94 54
85 77 31 67 41 28 51 82 48 54
79 41 89 50 99 15 62 39 44 72
66 58 16 22 61 17 100 38 52 41
32 95 69 78 93 27 27 66 94 32
54 88 83 50 11 91 46 90 90 36
27 77 93 23 39 82 33 56 20 83
99 25 38 69 86 57 52 19 99 44
85 79 78 93 100 25 28 86 93 51
47 84 52 12 29 16 25 25 78 66
70 31 14 82 97 28 34 89 100 57
99 18 33 96 92 46 77 38 61 64
41 20 27 39 56 40 72 34 31 100
86 24 95 90 62 94 82 50 35 14
47 70 30 66 95 23 33 80 11 64
38 81 79 47 19 38 15 69 17 88
68 29 76 53 35 22 42 35 25 87
28 31 31 13 15 36 31 43 14 11
61 38 73 37 74 38 17 35 89 61
70 85 27 72 95 31 67 72 43 15
79 89 30 48 56 73 38 64 67 48
90 37 72 15 87 57 40 81 21 76
71 23 60 27 11 84 27 25 94 44
46 96 52 64 64 89 45 63 99 54
59 41 19 60 37 77 99 48 89 23
35 32 50 77 85 94 77 73 85 80
52 22 71 14 45 73 25 72 83 20
89 25 69 21 97 41 85 86 51 16
19 11 29 46 98 84 44 56 12 29
60 61 60 61 68 28 98 25 68 41
72 89 75 10 74 64 48 34 33 32
17 58 80 74 99 95 25 53 13 75
62 54 74 57 81 46 39 94 93 89
0.111054
0.0489464
0.120762
0.0857454
0.0613715
0.0551264
0.0924842
0.110859
0.0466754
0.0858078
0.0428183
0.126155
0.0971289
0.0474713
0.113094
0.0351304
0.0821983
0.0978946
0.114864
0.0497252
0.0484987
0.0943602
0.026655
0.0322889
0.048987
0.0445111
0.032713
0.0293776
0.0349789
0.0628939
0.0991326
0.0449713
0.105848
0.0897508
0.0742157
0.088196
0.0901006
0.0733922
0.0301227
0.0755225
0.100011
0.0876547
0.124778
0.0579445
0.0319104
0.0892294
0.112277
0.0767232
0.0569492
0.0764814
153 404
247 129
386 35
435 14
187 173
124 317
142 276
361 135
297 419
396 214
421 31
157 222
201 132
312 235
259 496
145 108
472 372
242 12
92 135
328 27
483 188
3 120
112 60
321 112
320 337
248 42
153 329
236 266
378 429
193 484
150 296
407 275
139 157
17 378
103 78
420 174
364 285
419 129
160 219
373 26
484 470
434 87
239 88
77 167
341 51
391 311
295 104
195 170
222 228
178 407
