35
50
10
25 47 99 16 73 17 48 99 98 38
67 80 25 99 75 85 87 95 64 54
62 37 83 28 54 24 25 82 11 27
24 70 33 30 25 99 88 29 43 42
12 15 10 12 30 52 34 31 29 71
58 36 16 75 21 32 75 44 96 52
17 39 93 43 77 14 100 53 34 29
17 95 19 88 72 32 98 28 46 94
46 29 41 99 10 49 61 58 76 59
100 78 69 29 52 84 60 41 61 68
21 22 80 54 80 24 18 23 56 92
73 60 12 51 66 56 18 79 10 56
67 52 36 87 43 23 70 47 99 40
14 62 89 97 40 56 23 41 66 21
36 90 27 71 57 14 94 25 27 85
26 95 80 40 19 31 100 16 19 17
46 51 96 100 52 64 58 70 63 58
77 90 20 78 46 61 100 94 45 53
34 57 10 40 57 14 97 43 59 75
67 13 34 97 64 46 86 66 22 24
39 50 48 60 42 64 96 39 81 82
22 33 75 97 84 26 81 48 86 77
22 100 85 88 62 12 55 100 89 56
31 79 51 24 45 30 67 14 68 71
56 39 71 80 75 53 46 69 59 18
18 25 98 62 21 21 57 29 11 47
20 42 22 88 90 91 76 55 76 52
84 57 35 45 41 78 23 33 71 29
99 21 15 88 14 87 87 45 48 24
36 100 20 57 85 43 80 70 39 13
96 97 59 45 61 97 39 73 46 92
89 52 45 52 36 35 42 91 67 53
64 53 56 75 95 18 44 83 24 10
68 46 31 20 96 20 28 61 84 57
13 73 93 58 91 98 61 61 82 71
29 22 27 17 28 26 29 81 90 39
39 20 49 25 15 40 44 84 100 10
82 80 60 21 56 69 73 86 80 98
91 41 59 94 67 98 37 52 46 32
42 10 90 26 70 91 10 90 43 10
11 28 92 14 96 84 82 85 95 31
66 13 14 45 33 96 16 14 96 66
81 67 88 18 20 68 22 48 17 34
74 52 41 51 56 53 49 38 87 70
32 80 22 63 25 32 87 10 89 87
70 79 49 78 55 97 24 68 66 54
52 65 73 48 48 34 13 58 98 32
70 37 23 49 45 18 84 82 18 70
84 89 33 70 74 36 89 76 65 85
22 89 99 58 41 14 66 25 57 100
0.127338
0.107269
0.0946366
0.0451079
0.127334
0.0663322
0.0379757
0.109591
0.0939587
0.054017
0.0459693
0.0920686
0.115547
0.0492615
0.100388
0.0303254
0.0916785
0.108701
0.0709754
0.0705657
0.0680374
0.122134
0.0632321
0.127443
0.106425
0.0888522
0.0506993
0.0740289
0.0695053
0.0316967
0.11263
0.0818219
0.0389606
0.0416151
0.0795817
0.0528645
0.0751931
0.0828986
0.114904
0.109804
0.0622969
0.101774
0.0644572
0.122744
0.118225
0.117956
0.11661
0.0405775
0.0801484
0.0276109
180 374
206 136
129 248
264 1
195 2
109 287
50 111
440 17
57 117
310 7
398 319
224 496
500 31
137 26
194 405
104 330
165 9
383 59
147 431
36 141
64 224
107 66
321 419
375 280
149 445
322 17
183 60
281 469
388 274
382 351
8 283
313 69
244 199
46 13
488 52
215 307
473 154
108 397
178 418
127 367
315 349
97 204
375 260
276 124
466 209
40 360
265 385
4 428
145 259
167 416
