46
50
10
90 98 73 100 14 33 42 32 78 81
23 27 66 38 16 88 81 47 49 43
67 77 27 65 75 52 85 24 99 69
20 74 23 51 52 42 96 16 29 55
72 53 34 43 27 94 69 63 91 72
30 22 83 54 61 26 42 12 47 32
84 22 90 13 35 30 18 54 45 98
23 19 44 57 55 90 80 48 77 86
10 97 83 67 42 38 66 36 39 10
47 27 14 22 30 61 16 37 65 93
72 91 42 27 14 32 44 88 16 12
98 71 23 100 74 95 66 28 36 34
28 71 59 63 31 74 41 73 97 10
38 44 43 44 16 48 38 15 51 30
15 30 77 50 88 65 84 85 50 41
89 50 73 24 12 89 31 56 54 45
84 82 16 14 12 50 91 16 85 45
84 74 27 80 64 97 79 78 44 61
94 54 89 96 21 30 71 95 78 17
58 54 30 32 52 75 36 55 48 75
91 36 43 81 35 17 87 59 67 99
47 91 29 44 20 43 71 20 11 67
31 82 15 72 28 13 93 66 21 67
50 64 49 55 53 54 74 34 82 54
39 34 100 98 33 98 99 79 36 88
55 56 42 40 18 69 42 82 22 95
31 86 32 68 53 89 57 16 19 24
25 64 88 68 13 35 23 69 14 16
30 84 83 66 31 47 66 35 40 54
60 53 40 39 81 77 53 50 21 38
44 30 65 12 33 18 70 61 42 45
59 72 22 29 11 63 78 46 86 47
73 12 65 82 82 61 37 29 48 24
76 58 30 66 48 91 18 65 25 92
56 95 19 49 39 87 69 52 52 60
23 81 19 93 35 64 91 13 33 84
55 64 24 62 77 55 57 41 81 92
91 49 93 13 80 46 61 90 45 71
80 100 70 26 73 38 24 16 24 92
37 70 75 99 100 91 52 59 38 20
73 44 37 88 63 37 51 35 74 100
24 92 58 96 67 23 63 60 89 74
30 88 22 73 75 74 100 47 68 43
25 47 38 64 74 30 66 53 44 48
57 44 79 19 90 80 37 66 49 12
31 12 52 74 95 28 23 75 13 85
53 60 35 10 94 73 75 15 62 24
19 88 58 37 41 47 58 77 47 33
23 32 69 10 15 30 86 53 11 100
21 85 20 37 74 49 72 89 52 63
0.112967
0.0950389
0.0350914
0.092595
0.0622065
0.0917167
0.0772491
0.0991642
0.0502376
0.0721643
0.121006
0.0980816
0.106161
0.0909824
0.0921596
0.0973973
0.0330319
0.0412914
0.072919
0.051567
0.08625
0.0485724
0.109022
0.0543447
0.110295
0.0605667
0.0523415
0.0536253
0.0615166
0.0992856
0.0268993
0.0505624
0.0578203
0.0790149
0.0988873
0.0535475
0.0400405
0.113495
0.105418
0.0760309
0.12273
0.0476874
0.0608309
0.12775
0.0616255
0.0303998
0.0582324
0.0486799
0.086846
0.113899
376 143
444 171
438 166
97 394
231 294
244 186
266 367
127 399
226 145
417 442
151 333
82 478
172 80
227 314
97 307
102 131
104 318
393 356
310 198
378 66
206 465
474 455
270 277
182 393
242 200
43 334
451 170
422 339
460 415
304 140
114 135
216 212
16 468
85 401
193 364
289 451
104 165
343 394
390 326
16 312
489 496
224 335
410 232
22 123
223 152
297 365
388 150
22 88
98 9
78 440
