37
50
10
52 68 88 13 85 14 76 96 41 55
52 18 31 10 14 98 13 13 19 66
13 72 36 27 15 30 16 61 65 28
82 31 36 17 28 89 86 82 67 13
68 75 68 58 14 50 71 99 15 58
40 25 20 29 92 62 10 42 54 77
69 62 90 19 71 63 65 78 57 60
13 28 27 69 58 35 82 19 35 25
23 99 28 99 15 51 79 16 23 55
85 19 12 34 41 51 76 75 52 40
69 79 87 54 62 40 44 34 70 47
67 81 63 49 24 47 36 21 99 17
54 40 88 100 15 30 62 27 72 77
35 93 54 66 28 60 47 77 21 35
45 96 24 78 59 70 72 36 63 34
15 73 50 87 24 93 50 54 59 40
77 61 88 35 59 56 65 75 22 69
76 61 62 24 75 93 59 60 71 85
32 63 29 87 58 38 96 82 64 73
64 14 78 90 74 78 25 82 81 49
82 11 99 50 65 65 66 92 20 15
65 94 70 93 22 87 90 93 61 90
63 27 55 90 82 49 98 65 73 29
27 95 88 93 98 43 73 70 19 28
67 26 41 99 68 79 37 26 71 87
100 48 49 64 13 90 49 58 93 46
45 92 67 22 96 38 83 64 17 23
12 69 47 78 94 76 13 96 28 12
84 99 61 62 82 22 99 53 89 24
13 40 35 65 43 89 29 98 71 26
53 48 35 97 73 24 45 46 73 26
77 59 72 54 11 16 46 15 77 59
55 46 32 21 79 55 48 70 99 71
93 22 85 90 48 50 59 99 71 25
45 39 84 79 62 11 89 61 25 62
92 60 35 25 77 71 64 51 59 20
37 99 88 78 73 71 22 68 64 98
79 36 60 59 12 41 64 89 58 95
72 89 33 47 57 60 66 73 73 48
20 36 67 77 18 17 46 77 37 67
15 38 77 36 22 25 44 22 69 80
24 32 76 51 81 66 35 40 23 60
39 75 48 34 42 55 45 21 83 42
40 69 30 53 43 34 25 40 83 31
65 94 16 53 97 58 41 56 68 23
77 25 40 23 11 54 42 43 40 98
10 18 11 39 69 25 75 75 90 83
90 57 74 39 16 79 19 56 28 71
94 78 25 95 46 13 39 49 84 27
63 85 50 79 40 63 62 59 64 78
0.0290002
0.0756109
0.0950036
0.0768296
0.0810487
0.102104
0.0617264
0.0628062
0.0711744
0.0826448
0.122609
0.0736387
0.0937919
0.0776416
0.0637769
0.128627
0.0868596
0.0275577
0.122245
0.10686
0.0304175
0.0880066
0.059252
0.0873437
0.0971137
0.123522
0.109013
0.034299
0.0951086
0.0914559
0.0582943
0.0502525
0.0539986
0.120973
0.0734998
0.0471572
0.0300243
0.0477146
0.108332
0.111008
0.100294
0.124868
0.101132
0.0790219
0.040877
0.111907
0.0438004
0.0503655
0.0885828
0.0602239
164 188
257 184
245 206
376 378
238 376
470 484
498 47
348 1
12 364
163 327
234 358
116 125
201 454
371 18
80 170
200 410
115 272
217 129
494 136
320 128
202 384
290 329
308 317
106 495
188 190
348 175
23 309
223 500
469 496
369 361
119 16
16 405
257 299
408 432
405 203
155 438
451 6
178 55
203 171
165 274
225 110
391 30
421 209
372 116
455 453
287 119
192 129
282 222
153 190
266 269
