14
50
10
100 57 14 23 54 14 22 46 26 84
84 98 27 100 60 84 88 74 94 69
20 34 27 77 33 86 98 61 11 63
28 98 13 32 81 64 62 62 69 39
56 81 11 65 41 97 41 99 53 69
46 68 83 43 52 91 95 19 99 91
69 69 90 29 38 39 77 79 18 32
60 56 69 37 87 91 29 20 70 20
70 19 95 23 25 37 11 48 13 68
41 94 16 53 85 95 47 75 60 70
58 83 59 84 87 63 60 17 86 18
67 29 66 83 86 73 57 42 77 55
33 81 59 98 48 50 69 26 87 61
31 47 93 10 58 86 52 69 49 37
90 52 93 42 100 91 38 18 35 49
77 95 66 69 80 94 69 85 48 73
75 25 63 30 87 34 49 98 24 67
84 75 61 99 58 69 33 97 34 93
87 81 45 91 30 96 86 63 44 83
92 81 98 12 80 74 76 19 38 82
16 54 21 80 87 30 51 40 84 34
43 58 19 51 54 95 76 55 96 56
31 31 11 27 18 27 35 22 20 97
90 55 65 72 32 28 70 39 82 47
42 10 66 34 14 11 100 25 11 38
42 43 90 91 43 55 62 88 94 27
73 74 32 34 72 80 38 86 91 75
90 73 61 16 94 62 73 14 75 86
53 63 15 74 96 61 39 59 61 39
60 42 14 29 46 84 72 71 97 51
31 88 48 54 37 59 71 47 27 80
39 69 65 56 38 30 87 92 94 54
10 12 77 70 42 52 96 78 27 43
48 21 44 92 11 15 69 68 100 72
98 90 39 50 57 14 61 12 78 34
93 82 55 93 89 62 84 96 34 27
92 22 80 38 47 12 29 47 32 75
37 46 68 45 21 34 60 38 38 54
47 68 21 43 23 98 93 32 93 95
88 98 80 64 93 96 40 22 82 23
56 12 60 71 41 72 67 42 16 81
25 29 78 51 33 42 57 86 94 87
22 26 49 70 50 76 66 33 70 13
64 35 44 28 63 56 80 17 43 43
25 38 82 78 88 61 29 93 58 91
98 84 49 85 87 29 95 87 37 21
63 52 39 92 79 36 47 19 63 14
73 89 43 84 78 29 62 97 14 55
74 64 64 59 24 95 51 87 65 85
90 74 95 94 31 65 95 25 33 96
0.113421
0.1081
0.0786134
0.0480849
0.113218
0.0566167
0.115697
0.0430943
0.10971
0.125216
0.0752094
0.0297938
0.0609177
0.070887
0.0797852
0.106068
0.0429883
0.129025
0.0728609
0.0293166
0.0392233
0.0725903
0.0354206
0.118613
0.0597223
0.122216
0.129819
0.0539792
0.0423771
0.0459921
0.0524611
0.106037
0.0755145
0.0636077
0.124464
0.0692465
0.039869
0.0359057
0.0795544
0.0689813
0.0275349
0.0277258
0.0876499
0.129428
0.125094
0.0299917
0.0659994
0.0303395
0.0925574
0.0975467
27 472
14 74
365 292
480 291
177 227
204 264
438 304
341 102
456 39
406 26
486 458
73 141
336 33
309 500
333 174
359 444
0 312
339 407
445 80
243 71
306 380
254 1
134 431
371 224
211 304
298 69
336 244
94 46
218 433
151 253
314 472
79 70
229 283
112 11
54 172
93 491
395 363
8 402
79 108
478 460
90 411
158 291
247 146
485 490
264 394
202 133
166 312
146 311
284 404
242 151
