47
50
10
98 68 50 80 29 90 81 38 44 11
50 33 64 62 81 30 60 28 13 39
82 13 43 52 83 74 32 30 23 69
35 55 68 25 21 32 45 74 53 55
85 77 47 84 41 64 54 46 55 11
26 26 80 97 78 69 74 25 61 15
37 29 83 10 73 23 41 20 41 43
87 47 73 46 82 96 14 40 72 25
90 51 10 45 52 45 89 67 84 19
32 74 36 44 89 41 22 35 60 44
73 36 64 82 86 30 84 26 75 40
52 80 85 83 11 33 26 75 59 33
29 99 43 96 49 29 58 27 50 69
58 92 97 69 14 99 76 19 59 10
55 56 65 92 19 39 10 57 33 69
54 46 95 66 61 46 70 65 15 91
39 86 28 38 10 49 74 48 22 36
77 98 63 60 99 95 86 26 39 74
69 16 78 97 40 44 44 37 63 17
31 85 19 26 100 83 61 11 67 24
17 74 50 77 28 69 88 37 23 71
12 76 86 23 25 50 20 41 41 81
14 74 62 56 74 59 38 43 88 90
99 84 93 13 20 54 54 65 84 61
28 93 17 91 69 33 80 47 91 55
99 74 78 37 89 39 88 61 28 95
49 23 55 33 39 88 76 48 62 18
19 82 78 20 76 94 24 71 82 52
41 95 44 66 38 32 19 60 91 21
41 74 99 89 53 10 18 10 67 75
92 22 72 17 34 96 18 42 88 91
20 100 87 65 52 35 30 36 72 16
25 32 99 15 52 16 76 91 99 69
66 97 22 24 41 25 43 65 14 20
72 61 35 94 77 77 76 55 74 80
16 72 51 91 51 86 44 14 88 20
91 25 35 84 30 21 78 100 79 55
21 80 52 75 57 80 17 79 37 50
18 23 12 50 84 62 28 38 51 68
19 73 59 59 49 26 47 47 31 81
93 13 14 61 14 44 72 67 96 17
65 10 56 40 24 17 79 57 95 91
61 62 62 10 17 12 80 24 28 27
47 99 54 83 56 100 27 44 86 53
80 83 98 53 70 40 21 70 13 18
95 58 31 29 58 36 68 69 18 29
11 68 63 56 64 60 71 48 64 30
92 38 35 13 58 89 42 30 72 72
83 69 67 83 30 43 34 14 64 39
73 93 66 61 70 48 34 74 18 73
0.0805623
0.0925406
0.117159
0.104434
0.0389128
0.0961629
0.0459522
0.116554
0.0748571
0.0729251
0.0810744
0.054173
0.0911112
0.0769465
0.116416
0.0916306
0.0855486
0.0466236
0.0475677
0.100208
0.0552914
0.0426002
0.100246
0.0594323
0.0764461
0.0891379
0.0408262
0.0334271
0.0348324
0.0605694
0.0861931
0.089926
0.102634
0.0695477
0.0657782
0.105019
0.115403
0.0764109
0.0372001
0.0632734
0.129398
0.128125
0.0405219
0.128799
0.0709906
0.120056
0.0464398
0.0396049
0.112129
0.0391299
239 77
414 231
212 221
240 318
55 366
331 15
118 294
23 105
61 12
375 404
225 494
226 113
249 35
365 217
461 228
427 350
48 98
123 355
182 434
219 281
104 23
41 55
440 388
424 479
19 274
278 149
273 428
311 350
40 329
491 269
120 87
472 168
479 500
285 178
35 260
315 15
231 244
52 297
302 59
257 138
356 259
420 365
336 27
439 74
54 380
360 474
456 496
148 225
112 43
3 68
