27
50
10
70 11 69 58 93 76 80 64 73 78
90 10 65 30 53 18 71 86 23 13
47 47 50 41 90 30 16 19 84 31
91 67 84 75 92 81 72 18 24 33
10 78 26 33 95 80 89 98 67 28
88 21 60 52 98 14 42 70 45 18
19 90 67 51 52 17 67 93 33 39
20 16 91 36 26 29 94 69 71 25
32 38 62 88 43 41 60 62 66 86
33 30 23 26 43 95 91 96 53 42
42 99 44 52 30 15 18 52 28 41
16 45 54 42 58 71 89 87 82 60
73 50 25 99 91 62 82 100 69 74
49 50 55 57 10 30 29 34 18 45
58 83 47 10 48 60 62 99 90 47
42 89 59 88 27 58 32 64 100 91
48 42 10 75 90 71 90 81 25 66
65 34 36 49 17 70 47 23 17 26
52 52 38 73 40 87 86 87 42 50
65 37 32 97 63 35 95 49 51 84
49 64 68 94 52 36 21 78 90 87
17 49 30 56 57 52 27 69 71 66
98 57 15 37 39 50 88 26 19 83
44 43 94 77 35 78 16 13 14 24
64 66 63 99 59 60 82 58 44 16
93 19 46 35 15 72 79 54 37 60
92 68 95 68 76 54 39 88 57 53
61 55 57 18 86 100 21 96 53 64
25 52 38 83 88 34 61 87 21 56
54 80 81 81 59 18 89 83 40 25
40 78 36 18 21 35 52 29 46 57
69 58 97 98 84 16 21 81 27 84
95 51 70 94 75 91 77 54 91 25
94 97 73 90 66 96 86 19 32 42
37 95 33 87 13 64 94 96 81 84
83 83 23 42 46 100 70 76 74 42
18 47 80 72 64 38 100 20 85 50
88 23 56 77 71 100 66 86 57 86
80 89 21 58 55 26 15 50 61 69
20 17 98 18 70 43 87 55 99 43
18 15 53 25 33 15 84 75 84 82
17 60 58 20 79 26 82 59 18 41
96 99 31 22 53 52 36 32 88 37
73 75 66 39 18 62 94 83 58 91
50 12 40 16 93 25 69 26 74 12
79 27 39 55 58 60 78 63 71 78
93 18 55 39 46 56 33 56 56 54
22 76 18 35 52 97 43 23 71 36
67 12 10 71 36 14 85 35 96 24
81 70 24 51 99 75 56 11 93 65
0.0790225
0.0342438
0.10524
0.0412939
0.0534989
0.123081
0.0508756
0.0432611
0.0833794
0.0356304
0.0684453
0.0444027
0.0664764
0.0975293
0.0586153
0.108754
0.0360394
0.0934191
0.0344777
0.0347176
0.0995098
0.0458081
0.0965968
0.108138
0.0987369
0.0641694
0.0821189
0.0736113
0.0954903
0.121601
0.0692601
0.0371165
0.0761507
0.0378598
0.122707
0.0676556
0.113145
0.052077
0.0973896
0.105927
0.0950046
0.0746814
0.121227
0.128912
0.110385
0.0841489
0.0366261
0.0954346
0.0910332
0.0695233
153 312
328 224
137 39
224 195
93 206
468 397
232 53
492 371
478 252
279 323
132 382
171 249
489 472
474 395
487 178
338 232
163 11
116 198
297 494
134 258
70 364
125 471
166 23
81 128
383 488
444 321
204 422
194 204
4 178
56 263
249 281
288 304
214 301
425 287
425 35
313 157
98 299
284 57
394 302
483 480
39 20
57 123
469 267
396 224
130 104
145 369
134 188
130 151
440 64
455 98
