24
50
10
42 99 88 12 45 98 12 29 14 79
50 77 80 49 74 75 11 19 42 26
34 44 25 36 50 11 23 44 83 79
68 73 17 85 42 24 55 93 18 13
31 89 71 99 10 81 93 84 27 12
85 22 34 48 92 74 63 31 56 62
27 21 23 71 22 32 79 14 46 16
87 70 31 47 10 47 83 96 69 18
80 53 76 18 42 67 48 87 92 21
33 57 73 40 11 44 30 13 41 26
69 46 17 22 48 74 24 26 76 63
87 83 54 41 40 20 63 19 51 17
89 50 36 36 62 28 30 38 100 87
62 22 29 96 29 66 78 41 27 13
90 57 38 36 43 24 29 36 57 81
13 19 61 78 74 77 74 88 55 76
76 85 100 69 29 47 85 88 88 68
22 80 82 56 42 89 89 53 39 89
33 28 77 97 46 53 99 61 56 29
81 82 38 45 15 87 16 46 36 42
26 68 14 28 41 45 37 33 100 66
16 58 21 47 69 50 58 59 22 28
32 44 69 62 15 73 57 29 89 48
60 34 90 51 30 37 74 36 64 55
71 55 96 26 46 26 24 62 83 21
41 96 55 72 87 61 100 75 73 58
11 55 71 40 67 83 56 28 42 81
62 97 43 13 92 34 42 84 43 91
93 98 93 77 59 62 40 90 40 64
55 11 93 95 59 53 58 10 26 33
88 57 22 63 74 73 94 94 96 59
83 30 13 43 18 16 22 87 40 64
37 95 24 86 51 99 16 94 51 47
70 26 79 79 26 30 73 42 10 41
88 46 73 76 65 17 11 34 77 21
72 46 51 33 29 16 18 24 61 41
75 75 42 70 82 20 52 95 79 66
38 65 42 53 21 24 84 39 77 38
29 33 10 77 32 52 57 49 28 17
37 34 76 16 91 59 87 22 24 77
48 90 52 40 82 99 43 85 29 87
42 37 27 67 18 38 33 22 86 27
67 11 52 53 76 15 90 55 74 38
36 31 54 53 75 39 31 97 88 61
41 28 49 27 79 51 75 84 34 25
19 98 66 35 13 26 87 51 34 60
39 88 30 35 29 98 25 28 43 96
22 88 11 65 97 38 42 50 87 88
14 76 39 77 97 70 50 63 33 44
61 20 12 45 70 51 63 17 69 97
0.0765453
0.0444181
0.0815589
0.105237
0.0294239
0.106228
0.100219
0.0934373
0.0288241
0.0417514
0.115019
0.11359
0.0292682
0.0711506
0.0804751
0.0712058
0.0468182
0.0846063
0.103914
0.0285277
0.0914766
0.107719
0.0827558
0.116255
0.0648929
0.105429
0.119446
0.0341411
0.110697
0.0380105
0.09474
0.0428093
0.0904092
0.104353
0.0878961
0.112531
0.094624
0.0819705
0.120387
0.0712708
0.101141
0.0340018
0.0748567
0.0404797
0.0756165
0.0948757
0.120869
0.121817
0.072422
0.0552015
10 403
46 89
472 131
81 424
267 128
432 348
492 358
260 118
126 497
410 461
318 463
364 130
345 118
103 110
273 491
480 243
122 375
226 412
480 308
176 456
160 440
139 45
235 212
237 240
302 27
315 285
229 129
167 54
90 72
202 278
361 295
354 439
71 328
317 484
216 170
304 99
376 7
128 312
81 343
452 414
198 255
67 24
342 105
0 326
337 81
260 487
318 89
85 192
213 236
273 483
