20
50
10
44 66 51 34 31 58 28 82 58 98
34 41 59 64 82 73 66 71 89 82
52 11 32 11 55 99 88 12 66 43
79 39 10 25 77 30 11 67 99 52
56 84 44 13 49 99 17 50 42 23
75 63 57 95 78 44 70 75 27 32
73 64 76 49 85 50 86 64 72 24
96 92 43 19 35 92 51 100 77 57
78 64 33 56 19 22 64 82 39 21
67 61 15 95 81 77 53 67 64 75
16 56 94 84 44 73 77 79 25 70
69 47 14 23 57 22 80 40 69 43
16 27 42 56 49 49 63 78 66 46
68 12 92 56 21 47 11 36 39 77
41 42 82 60 87 28 91 28 28 42
12 39 92 68 15 16 71 44 31 16
67 71 68 13 76 83 23 67 55 69
18 39 61 64 87 16 35 79 77 88
30 94 23 22 40 83 89 46 16 48
67 68 19 49 74 28 53 23 88 40
20 67 61 51 20 15 75 94 47 66
58 41 55 88 19 37 86 50 70 87
86 44 74 42 63 69 32 89 38 17
85 79 30 71 82 69 71 59 76 42
27 42 54 11 21 61 15 91 16 69
69 23 29 47 65 71 99 28 86 40
73 16 71 91 46 57 29 43 39 92
30 32 21 89 33 14 98 91 75 59
44 86 83 20 88 46 48 62 65 46
22 55 61 45 77 24 70 54 10 97
34 14 36 89 42 43 14 30 13 72
46 26 95 82 38 16 90 76 25 98
10 57 81 10 52 20 31 31 70 61
40 81 15 39 72 61 27 80 63 16
71 34 35 30 33 84 85 63 29 88
25 71 56 53 81 13 45 97 24 60
17 14 100 27 94 59 20 37 69 89
47 97 69 42 69 56 78 64 12 88
80 80 99 87 32 53 65 93 25 42
18 68 71 31 22 13 83 37 52 11
74 17 82 49 50 72 85 59 36 20
29 89 16 58 82 39 99 18 71 19
61 93 62 36 93 43 96 54 41 79
72 52 30 95 66 82 82 53 58 45
81 76 86 27 34 50 66 93 51 29
53 54 96 65 83 26 91 60 48 68
50 71 33 86 73 55 82 42 24 69
69 68 48 78 17 15 56 52 63 58
53 42 66 39 80 94 90 39 44 75
44 43 59 52 77 55 54 99 68 41
0.120323
0.0878181
0.0844767
0.109929
0.118999
0.070555
0.0588619
0.109583
0.0440421
0.0425281
0.0798808
0.0868368
0.0356955
0.0389171
0.101691
0.0922709
0.0503085
0.0768918
0.0836682
0.0839065
0.111694
0.0630735
0.113065
0.115572
0.0819164
0.106545
0.076259
0.0415801
0.120116
0.0933669
0.107804
0.106743
0.113524
0.0266523
0.0902492
0.0269902
0.0712245
0.0865032
0.0601095
0.0885504
0.0423614
0.0530262
0.0605851
0.0755917
0.0444672
0.123557
0.083698
0.0979604
0.0444515
0.0376947
18 106
206 261
230 326
374 76
216 405
480 338
178 296
287 56
128 54
369 41
381 299
29 269
345 13
255 468
286 118
106 28
415 161
23 250
199 195
363 210
311 108
266 147
274 468
383 431
142 492
136 406
335 311
57 28
205 428
253 208
305 454
424 490
131 64
195 245
80 340
152 331
155 424
462 484
409 125
270 185
390 330
450 281
485 121
134 94
340 248
217 240
407 304
145 214
100 490
342 444
