5
50
10
69 70 86 69 32 100 48 30 32 91
15 11 12 62 70 64 14 85 28 92
80 97 74 29 85 28 10 70 86 84
74 81 60 99 65 43 48 50 100 100
17 13 52 20 44 41 59 78 49 36
32 78 97 94 92 30 62 12 21 15
72 83 26 16 30 94 90 52 99 95
78 50 60 89 81 19 75 89 66 57
17 45 95 70 37 29 42 24 86 40
91 18 16 72 98 83 19 93 24 80
37 57 87 38 59 85 97 42 28 24
11 77 16 31 83 95 21 10 72 45
43 45 26 41 51 13 73 19 64 36
92 20 50 61 36 83 55 100 22 45
94 82 42 97 72 77 43 45 16 39
38 79 23 25 22 87 91 34 30 70
68 56 69 80 21 19 43 53 20 48
37 96 75 66 19 73 85 44 47 29
38 34 15 59 89 81 14 18 52 23
33 26 29 82 66 46 30 78 86 23
79 19 48 72 83 97 91 94 98 12
19 99 19 89 37 11 11 60 90 97
44 95 82 66 36 62 23 34 89 71
42 17 99 30 19 61 78 26 54 99
39 43 28 46 12 68 41 42 38 30
37 59 46 87 63 59 31 36 59 57
58 38 24 44 79 41 48 31 23 61
22 28 45 94 65 55 66 94 94 34
50 35 23 74 60 10 97 37 22 32
88 94 48 89 47 64 23 31 20 63
49 38 67 81 29 86 22 91 13 28
19 18 72 14 44 87 34 12 69 68
19 36 43 10 92 62 46 56 12 18
84 30 43 51 37 59 33 58 58 15
76 10 79 93 81 47 25 86 42 19
41 20 54 15 11 94 53 70 87 91
33 74 63 18 36 12 16 48 20 38
12 48 93 23 60 28 74 39 99 70
100 25 66 15 73 16 41 68 11 90
58 91 28 64 82 81 80 75 43 30
88 25 63 33 36 37 99 45 39 30
34 77 11 35 33 72 54 47 35 51
68 12 85 100 63 28 71 95 82 45
94 91 53 23 49 18 57 26 30 35
15 52 18 12 43 25 93 14 71 86
27 52 27 19 43 40 62 32 43 39
57 66 14 53 47 48 13 95 45 69
18 25 87 42 16 70 80 47 44 27
42 90 32 84 94 47 15 63 90 75
75 50 44 11 18 32 38 72 97 88
0.0546147
0.0562205
0.0928592
0.0341385
0.102942
0.0582649
0.112291
0.080301
0.0759593
0.125977
0.129059
0.0559304
0.0295977
0.0573766
0.119109
0.0566864
0.0848668
0.0673782
0.118005
0.0318311
0.0482474
0.058837
0.0919997
0.0391871
0.0435699
0.0947556
0.0289617
0.0410134
0.0484122
0.0744582
0.0347073
0.0779907
0.115392
0.0332486
0.0574968
0.0804918
0.0597631
0.0415414
0.0431427
0.120887
0.0677107
0.112186
0.119669
0.0493234
0.116571
0.0910097
0.112206
0.126167
0.104737
0.0615673
324 153
459 276
304 392
368 269
64 228
55 24
244 362
476 57
223 181
309 476
157 495
161 373
305 375
29 495
137 187
446 104
17 8
200 152
79 65
173 241
146 102
18 143
380 38
443 58
482 277
470 100
489 51
328 31
382 478
362 424
315 178
429 47
471 304
454 346
261 493
369 94
345 50
65 448
227 474
246 175
465 158
370 326
429 450
52 54
272 399
72 29
464 184
439 261
465 462
59 454
