52
100
6
93 20 61 54 24 86
24 22 52 20 17 73
37 65 41 26 44 56
48 19 41 100 19 54
87 90 48 79 78 33
86 97 93 43 20 12
30 15 74 45 65 21
76 22 94 95 76 17
61 67 65 16 91 30
43 35 87 37 13 28
86 43 55 13 59 97
40 81 25 100 78 28
61 63 38 31 70 28
94 24 12 58 64 66
75 90 54 32 81 62
16 99 11 99 73 57
63 91 24 99 72 11
91 62 22 21 86 89
37 35 72 88 15 48
98 68 81 53 67 85
36 69 19 23 30 41
25 46 34 69 95 17
96 91 91 84 36 41
24 79 41 70 37 17
67 81 94 42 45 89
89 93 18 61 77 14
84 34 89 91 60 47
63 35 15 97 37 62
72 27 23 75 85 29
100 45 89 56 58 34
53 14 25 84 77 21
33 86 68 90 54 34
34 29 41 24 14 30
14 92 66 25 33 19
19 27 82 38 23 95
42 66 50 16 95 86
68 79 89 77 13 15
68 15 41 14 37 60
38 45 82 49 83 66
16 97 34 62 84 67
43 71 54 33 82 82
74 89 45 25 78 13
65 63 98 92 82 90
43 74 49 69 60 84
53 49 17 69 67 74
75 13 34 77 60 24
78 21 82 80 39 100
60 86 34 53 100 76
62 21 81 12 65 97
67 40 90 91 69 26
16 53 27 72 18 22
54 82 24 17 59 81
71 98 78 87 57 58
96 23 42 69 44 19
99 84 47 30 40 40
66 85 63 25 80 38
61 78 69 32 58 77
33 26 32 21 80 15
96 85 43 76 69 51
37 34 21 85 22 68
66 70 63 24 90 30
58 92 33 33 46 63
78 38 38 42 66 95
46 61 85 70 50 21
27 53 80 84 68 11
84 69 81 65 53 30
79 43 60 83 98 92
19 63 85 43 52 72
39 15 15 66 95 22
61 74 87 59 100 67
63 70 11 80 74 46
40 78 79 36 79 68
41 82 59 94 88 51
99 92 55 87 29 45
84 33 25 50 16 45
77 97 50 13 71 55
35 22 14 56 40 43
60 74 15 23 13 40
63 17 48 89 29 64
65 59 35 44 72 100
85 54 68 51 54 42
94 28 10 55 44 44
26 36 95 96 21 31
11 61 45 59 60 12
97 28 58 87 42 73
67 77 80 82 90 13
50 54 30 51 44 10
94 24 39 57 43 50
32 97 74 90 52 45
47 24 42 85 97 83
98 50 62 64 87 35
43 32 88 33 23 48
72 68 87 47 57 90
100 47 19 56 40 35
96 58 85 31 14 92
92 32 67 69 25 35
76 85 35 55 56 44
43 36 43 56 36 49
61 86 15 49 51 51
67 56 50 35 95 57
0.00041398
0.000432935
0.000169914
0.000243605
0.000389769
0.00029616
0.000391131
0.000327644
0.000478411
0.000457393
0.000197248
0.000417275
0.000418436
0.000179338
0.000217365
0.000420929
0.000398044
0.000236422
0.000317269
0.00026557
0.000298188
0.000215988
0.000316097
0.000412305
0.0002903
0.000363228
0.000461084
0.000343095
0.000223428
0.000138532
0.000146236
0.000344656
0.000445836
0.000388607
0.000129816
0.000215216
0.000378417
0.00019686
0.000150086
0.000158939
0.000453384
0.000435939
0.000388431
0.000233686
0.000267379
0.000241758
0.00039873
0.000125158
0.000223782
0.000166459
0.000166095
0.00014648
0.000117986
0.000256267
0.000453422
0.00048197
0.000411209
0.000106253
0.000160937
0.00045294
0.000492012
0.000323423
0.000124255
0.000215281
0.000134788
0.000308231
0.0002245
0.000166217
0.000382681
0.000498516
0.000319435
0.000276348
0.000240622
0.000208042
0.000310754
0.000267419
0.000397371
0.000376913
0.000274853
0.000473488
0.000252266
0.000185327
0.000477299
0.000409382
0.000354999
0.000278969
0.000437063
0.000441677
0.00032343
0.000283119
0.00034858
0.000249184
0.000268274
0.00039853
0.000450632
0.000108091
0.000299742
0.000190477
0.000253105
0.000219944
500 410
341 400
275 9
93 331
156 195
49 271
259 432
387 21
35 327
194 49
445 322
240 437
186 348
193 93
274 169
287 40
410 384
486 127
320 27
19 447
237 283
416 397
351 64
258 46
215 63
414 493
272 113
397 232
193 113
140 226
306 412
123 206
476 67
262 119
435 228
405 337
299 472
296 171
183 250
488 149
465 131
193 245
203 464
358 399
59 238
118 71
340 412
428 155
405 434
213 418
30 191
322 346
71 438
355 359
89 459
313 445
22 447
77 146
45 25
496 267
358 10
268 395
365 84
224 24
402 2
477 251
362 176
374 359
68 431
22 383
121 344
477 256
294 78
49 425
49 224
448 423
125 49
253 179
301 114
33 140
135 146
244 380
295 358
430 99
191 229
15 426
42 398
20 347
337 405
334 497
274 19
483 118
228 389
171 58
60 1
446 180
180 16
430 64
336 12
87 67
