46
100
6
53 90 74 62 16 15
42 34 30 59 35 49
63 62 67 60 30 63
15 65 86 68 67 73
91 83 98 97 90 33
77 93 40 74 21 74
64 56 17 76 100 13
90 52 86 18 61 19
57 17 40 87 17 97
46 70 90 79 98 39
38 62 55 67 75 72
13 44 97 23 81 34
24 40 31 29 60 57
59 75 26 62 85 25
69 73 66 24 75 24
58 97 13 71 23 70
69 26 10 13 25 71
56 31 42 64 62 79
19 84 68 40 12 49
81 36 32 35 22 47
68 89 22 54 74 39
94 96 99 14 10 62
69 75 84 98 56 22
38 17 13 94 59 18
43 86 22 86 94 64
88 17 14 81 79 85
15 44 87 43 86 34
55 37 46 24 23 25
91 43 51 55 16 49
92 91 18 46 49 32
68 25 71 18 32 71
49 17 75 100 92 79
10 34 19 71 23 45
68 38 11 95 99 52
38 26 41 73 70 17
27 78 75 87 35 91
44 38 27 68 76 19
22 25 12 57 77 80
46 17 58 19 30 84
37 34 18 70 81 32
60 10 74 25 30 96
81 93 67 62 13 20
46 78 44 36 68 19
38 95 62 38 90 22
21 90 11 96 93 51
82 75 41 94 50 96
38 56 18 36 94 52
14 52 44 27 58 27
27 32 56 41 23 31
45 48 31 16 43 95
14 100 55 25 14 23
96 14 86 52 91 86
68 21 24 80 58 40
23 77 18 81 10 66
17 70 26 36 31 71
61 19 94 74 43 61
24 24 19 80 15 42
68 94 80 55 63 92
94 80 59 90 63 85
38 69 90 26 88 74
77 16 33 15 96 78
81 43 83 54 48 57
35 65 11 97 28 45
48 54 40 49 81 50
17 95 67 46 90 22
89 25 41 64 91 17
52 54 49 85 17 33
90 63 91 34 94 47
28 30 38 51 92 74
29 90 69 14 91 41
27 74 17 66 90 47
24 44 52 60 70 18
66 34 27 30 96 50
28 77 16 84 88 23
56 98 59 74 54 86
97 20 98 55 75 40
10 89 71 72 66 51
66 91 24 98 30 100
34 52 94 36 86 75
62 95 72 35 50 15
26 15 44 54 83 68
27 40 49 86 33 67
16 30 90 39 84 42
41 99 85 43 39 55
83 65 30 62 23 82
58 40 37 77 76 26
85 14 40 80 31 53
38 62 79 26 81 98
76 73 71 62 38 38
32 58 59 50 35 70
74 94 52 41 89 97
100 18 60 64 75 31
28 59 92 47 25 21
29 84 45 41 82 55
38 15 65 66 53 15
85 12 22 78 55 26
17 67 32 17 20 25
23 79 34 12 13 23
91 36 24 30 93 44
86 73 22 64 47 27
0.000258182
0.000119577
0.000235779
0.000498296
0.000181364
0.000381721
0.000434236
0.000197054
0.000376333
0.000140735
0.000440385
0.0004506
0.0004691
0.000249873
0.000216723
0.000338318
0.000420442
0.000411137
0.000489896
0.000114239
0.000351247
0.000117571
0.000296997
0.000374316
0.000162564
0.00022521
0.000365425
0.000487833
0.000148944
0.000384183
0.000106964
0.000261416
0.000475856
0.000181867
0.00048968
0.000350949
0.000291287
0.000457061
0.000235058
0.000472101
0.000267589
0.000261843
0.000147035
0.000477809
0.000239512
0.000158627
0.000207685
0.000151077
0.00013583
0.000152154
0.000223
0.000157554
0.000170573
0.000249092
0.000139113
0.000172266
0.000407187
0.000342648
0.000304529
0.000413584
0.000280594
0.000278855
0.00039273
0.000192375
0.000346059
0.000481004
0.000296513
0.000385437
0.000109505
0.000214787
0.000172086
0.000308157
0.000324366
0.00018892
0.000461091
0.000166719
0.000269103
0.00035816
0.000207382
0.000101439
0.000478688
0.000112801
0.000434347
0.000470066
0.000352941
0.000209398
0.000213342
0.00026961
0.000172681
0.000357174
0.000298296
0.000395921
0.000401586
0.000414727
0.000160296
0.000187604
0.000100511
0.000400548
0.000451158
0.000367436
299 427
175 75
66 299
399 152
203 282
471 110
488 379
73 277
7 29
160 403
33 423
119 483
484 98
113 281
337 216
363 235
174 36
22 451
202 310
125 403
145 444
141 190
456 3
454 185
255 190
134 177
154 200
427 68
452 389
39 337
239 149
215 54
211 210
450 134
470 3
182 230
344 197
243 472
308 137
199 496
311 346
233 304
462 217
191 449
244 111
438 49
95 357
413 382
20 84
213 1
337 327
416 410
249 482
446 220
349 290
422 267
207 417
377 3
250 107
413 365
227 422
121 138
259 153
458 197
440 263
43 14
153 119
95 183
157 43
236 104
413 387
130 382
171 31
411 229
465 417
290 183
284 380
304 464
319 22
450 491
362 62
89 368
140 311
175 206
243 112
54 466
323 423
477 492
107 108
163 191
43 472
270 219
421 352
246 293
77 382
220 268
128 294
25 488
462 289
253 35
