27
100
6
67 44 85 26 58 31
45 54 85 58 71 14
43 25 69 36 84 70
26 19 28 87 16 95
74 58 64 42 13 66
41 76 51 23 45 32
23 57 45 12 36 56
65 81 96 18 26 79
22 15 56 81 22 77
77 66 55 48 95 95
90 27 11 69 42 61
22 72 24 53 61 22
100 47 47 16 18 16
16 29 10 58 27 79
88 69 100 81 96 90
26 56 87 33 81 35
51 42 71 91 20 29
10 27 78 78 98 99
95 77 57 14 98 31
36 36 18 98 94 34
48 27 34 38 97 77
10 68 31 56 58 26
94 30 18 41 50 64
46 46 52 69 61 62
16 34 19 34 25 36
92 71 67 96 15 10
47 88 43 13 29 40
93 74 11 46 89 96
83 95 94 61 22 34
36 71 27 73 96 87
71 77 76 57 24 89
42 54 32 25 75 33
56 46 66 80 100 80
19 38 86 77 91 96
42 26 48 77 74 28
83 81 20 65 97 38
12 65 47 22 40 29
64 76 82 36 57 33
89 20 64 25 25 26
41 90 86 14 55 89
94 93 99 75 72 28
91 92 47 70 77 74
12 49 40 85 58 67
62 47 23 33 80 55
75 30 33 54 76 71
17 28 88 73 90 80
80 33 27 17 22 18
68 96 19 35 89 25
46 94 97 46 68 65
93 23 89 90 64 37
82 81 97 48 99 20
81 66 23 71 63 100
76 54 83 25 61 48
68 75 81 29 78 26
72 38 16 95 43 81
60 97 41 20 47 74
79 70 92 16 68 15
18 53 55 66 10 98
13 27 69 37 84 51
74 25 35 31 69 60
40 12 43 80 22 45
11 47 60 11 65 60
47 73 90 57 33 88
14 82 13 77 81 64
21 77 11 63 21 54
59 11 64 57 52 97
14 29 38 98 35 33
82 93 37 33 16 12
77 20 68 89 49 61
79 21 31 81 54 51
68 25 21 56 32 75
81 21 88 22 51 25
19 84 52 90 76 90
75 78 95 61 100 72
42 41 29 25 79 24
58 70 10 51 23 50
29 47 98 41 77 99
34 41 38 23 35 68
45 95 59 91 44 95
81 65 45 17 73 93
52 27 32 80 11 47
38 34 81 13 76 32
36 97 52 88 91 85
24 21 79 42 64 13
93 95 54 66 96 84
42 26 79 62 48 79
100 43 10 70 44 10
98 35 100 29 69 55
18 60 75 59 90 98
60 44 77 86 70 59
93 94 20 97 68 98
47 28 91 88 23 29
74 49 40 82 67 75
71 64 86 98 62 71
94 25 78 27 82 40
74 10 75 92 74 61
47 58 93 30 100 23
41 97 18 91 37 78
12 69 65 28 57 49
98 73 66 39 59 42
0.000149338
0.000361214
0.00023177
0.000316635
0.000213657
0.000315534
0.000465073
0.000350609
0.000427872
0.000328662
0.000389548
0.000445518
0.000428008
0.000492532
0.000153254
0.000457485
0.000281109
0.000235589
0.000347815
0.00010279
0.000435004
0.000237819
0.000271639
0.000232132
0.000168081
0.000356877
0.000234969
0.000439636
0.000196555
0.000406202
0.000227505
0.000152506
0.000363232
0.000339368
0.000340595
0.000270413
0.00048152
0.000277634
0.000247316
0.000236009
0.000144676
0.000158421
0.000352122
0.000472355
0.000423058
0.000329606
0.000130573
0.000270148
0.000464914
0.000126015
0.000343663
0.000298151
0.000345231
0.000479078
0.000143636
0.00020823
0.000139924
0.000200333
0.000499469
0.000373203
0.000273165
0.000437023
0.000242597
0.000312351
0.000280105
0.000278464
0.000158122
0.000471299
0.000111975
0.000460217
0.000354076
0.00038451
0.000499484
0.000455556
0.000237871
0.000210104
0.000473664
0.000247998
0.00020998
0.00020136
0.000498164
0.000384168
0.000314522
0.000355144
0.000415194
0.000324383
0.000267889
0.000356851
0.000440156
0.000275455
0.000435065
0.000493752
0.000116161
0.000430231
0.000148499
0.000166451
0.000138444
0.000447942
0.000412975
0.000288621
175 269
103 109
232 33
33 415
310 35
222 182
225 351
401 225
457 482
457 356
33 131
315 261
19 53
482 426
70 219
84 137
98 18
95 426
203 85
161 131
9 153
487 447
447 381
497 22
218 60
299 227
147 57
481 304
478 304
96 362
43 315
396 238
430 395
52 4
443 443
89 377
30 147
67 299
229 124
239 32
386 52
38 160
183 6
442 79
312 105
41 108
405 392
24 426
426 436
170 124
174 319
160 325
91 324
75 33
373 350
354 500
457 215
330 83
429 72
484 438
263 349
455 108
409 294
398 200
214 126
78 400
117 461
379 46
438 40
33 473
101 343
78 184
171 466
250 392
144 298
96 181
105 294
95 25
44 131
240 2
453 209
291 462
268 338
228 58
107 348
59 52
132 177
216 72
3 424
40 137
228 253
29 413
320 275
246 450
98 224
475 106
259 241
500 298
374 9
109 464
