72
100
6
59 49 25 10 100 44
89 69 70 14 64 23
30 28 65 100 38 69
91 68 35 99 54 21
65 71 97 78 76 70
50 97 87 16 55 72
64 75 46 18 90 52
22 48 48 81 20 90
68 25 36 67 39 36
81 35 14 26 67 24
79 76 84 61 98 42
52 18 14 52 18 30
31 76 59 36 21 32
22 53 35 52 89 42
33 47 25 94 29 17
99 71 44 66 70 94
96 67 40 64 47 45
54 51 42 35 59 85
10 99 25 84 85 10
58 40 33 80 33 49
62 24 56 47 35 27
84 78 76 48 39 66
99 97 11 83 68 65
34 45 73 79 61 31
42 73 16 84 64 83
57 87 88 41 95 70
65 28 13 74 92 77
61 74 44 29 46 84
77 46 72 96 90 39
56 51 84 18 65 33
100 62 69 100 10 84
96 22 48 70 87 98
65 46 62 35 67 16
95 28 96 46 39 66
65 18 100 79 95 29
10 97 34 44 35 52
59 52 31 44 59 90
48 98 94 92 49 74
93 78 73 10 55 14
75 92 51 33 60 46
52 93 10 56 17 28
51 56 37 16 14 99
99 14 32 66 71 19
31 30 51 96 22 89
17 51 70 51 88 50
41 55 10 71 52 89
23 81 30 91 12 58
72 50 34 68 87 84
63 52 59 67 23 89
40 94 13 86 36 95
18 100 28 72 31 99
10 86 58 51 70 74
69 57 13 13 64 26
23 46 62 91 48 94
14 24 69 49 50 14
60 53 51 35 70 30
59 43 76 76 35 95
95 94 85 19 59 19
52 22 26 54 65 11
36 28 84 27 87 29
16 15 56 43 94 72
88 78 45 76 47 54
64 12 88 20 82 87
63 22 30 19 22 51
56 50 99 27 38 29
21 26 39 64 69 65
41 19 35 49 93 17
27 99 69 45 61 90
32 12 62 85 15 64
75 64 16 35 13 96
35 82 94 20 27 67
32 44 46 35 11 48
29 49 26 44 12 38
24 63 94 60 31 76
54 76 61 61 13 13
75 28 36 66 66 88
40 100 34 56 51 94
67 73 80 26 66 54
51 33 18 93 22 40
46 96 41 58 31 89
90 90 83 76 26 22
24 95 15 76 21 55
78 92 99 16 23 92
86 77 92 59 53 91
65 30 88 93 21 15
92 36 52 30 78 47
82 96 81 32 94 47
38 90 98 15 91 47
85 65 13 94 84 29
72 74 45 43 69 64
25 17 65 65 28 95
38 59 79 95 66 53
53 33 98 88 96 61
68 78 17 46 23 73
64 60 97 90 47 43
99 45 46 34 76 47
42 85 36 26 44 63
23 38 37 32 63 63
45 64 64 53 73 26
89 10 54 51 64 14
0.000322257
0.000334264
0.000279066
0.000178417
0.000133406
0.000309677
0.000297322
0.000127739
0.000338747
0.000472048
0.000189157
0.00016034
0.000307729
0.000322243
0.000305169
0.000431278
0.000366954
0.0004073
0.000204798
0.000349947
0.000227672
0.000182111
0.000181946
0.000335905
0.000106393
0.000386634
0.000329079
0.000327363
0.000118472
0.000402974
0.000313661
0.00023097
0.000475718
0.000123042
0.000119924
0.000390612
0.000322607
0.000481962
0.000362558
0.000188612
0.000175421
0.000148243
0.000451419
0.000166133
0.000491759
0.000142398
0.000165682
0.000352113
0.000365055
0.000259633
0.000325864
0.00044885
0.000266185
0.000489544
0.000377195
0.00026273
0.00044081
0.000344529
0.000423947
0.000249829
0.000395403
0.00032788
0.000210578
0.000434832
0.000144524
0.000352763
0.000347573
0.000183718
0.000442214
0.000351287
0.000479381
0.000262051
0.000322864
0.000417383
0.000140676
0.000474167
0.000264144
0.000166257
0.000194849
0.000221225
0.000436116
0.00010961
0.000298557
0.000420973
0.000333671
0.000185958
0.000243364
0.000266382
0.000236193
0.00035358
0.000275819
0.000384992
0.000191607
0.000481241
0.000272397
0.000302732
0.000383655
0.000277459
0.000199114
0.000250065
134 204
496 394
411 324
271 489
197 281
328 436
352 99
314 228
82 192
214 140
284 452
112 437
187 156
212 87
231 455
349 6
68 27
271 37
342 51
179 391
394 358
448 63
99 435
460 24
298 383
446 411
89 84
477 79
39 334
97 368
390 175
26 373
352 13
172 18
382 275
498 447
476 420
267 102
79 10
279 389
265 222
131 416
337 285
29 229
303 446
337 153
244 210
132 155
448 163
270 298
417 140
350 443
144 271
148 151
316 471
495 346
481 147
291 79
189 368
424 405
66 99
488 394
295 465
456 362
242 122
135 250
249 96
397 2
240 202
425 287
404 157
469 407
239 157
163 356
41 461
490 354
488 1
388 436
98 160
205 363
167 99
57 166
467 405
306 144
174 412
90 249
449 17
54 258
460 424
379 132
205 444
488 466
367 99
390 196
153 345
314 474
470 115
213 70
308 393
333 352
