0
100
6
97 25 22 30 85 52
37 28 30 88 30 13
50 28 56 56 18 44
71 78 61 37 57 34
36 34 61 90 19 27
32 32 78 11 22 60
100 96 15 30 87 86
60 74 63 90 59 46
19 100 95 94 35 79
51 88 91 13 16 69
60 29 76 61 39 52
28 47 13 19 94 31
45 24 59 13 63 84
33 61 60 77 21 55
74 94 28 82 32 47
39 25 97 77 72 14
61 20 91 19 88 93
10 36 16 11 88 85
61 17 90 44 36 79
73 66 91 45 37 17
40 75 30 53 84 45
78 51 97 28 56 28
70 66 46 30 18 42
70 20 11 23 96 10
94 51 94 84 35 64
89 52 79 87 37 14
23 46 32 49 10 92
61 48 16 61 62 80
34 90 76 80 23 90
34 81 52 52 63 35
46 36 63 24 75 25
38 99 63 52 25 48
59 72 82 16 87 42
36 71 42 54 16 13
37 25 54 85 69 98
36 21 50 37 91 89
83 39 10 71 97 87
10 66 38 78 40 34
63 21 52 54 49 30
46 52 10 88 35 10
19 79 75 52 80 75
29 40 54 49 60 55
45 96 79 37 73 74
93 31 80 55 66 19
71 37 45 55 49 89
44 43 34 12 78 87
61 18 69 56 21 43
54 23 58 92 77 69
89 12 29 61 99 16
70 72 50 27 41 50
69 27 52 31 52 16
53 55 14 29 49 22
84 19 27 15 33 22
20 68 26 73 56 15
99 94 77 19 32 28
36 50 11 67 51 76
20 57 36 86 43 90
80 35 84 61 54 23
22 66 76 62 51 28
70 69 67 97 97 15
39 86 36 90 37 71
21 94 23 11 43 56
45 45 77 15 12 51
45 58 91 23 37 89
86 87 83 47 15 22
84 18 37 27 87 63
11 87 44 33 91 62
40 100 48 51 82 76
83 32 63 85 44 12
64 33 32 79 58 15
14 45 98 81 71 31
41 84 10 90 54 62
62 89 22 48 73 81
42 19 54 30 21 42
44 40 27 62 60 10
65 14 78 30 78 50
69 19 60 15 92 85
79 82 60 88 39 32
57 74 20 37 66 23
84 99 31 30 94 72
46 58 70 64 99 65
25 20 32 96 80 23
99 64 35 97 88 24
41 39 12 47 55 55
83 10 53 38 60 19
73 29 87 13 11 22
37 92 72 76 25 56
70 78 28 39 22 27
37 86 51 68 88 43
75 61 25 55 35 63
14 28 91 21 22 49
31 39 52 46 59 83
42 97 24 76 29 56
78 64 22 84 21 15
79 25 64 78 55 23
14 39 53 91 47 30
78 12 86 82 58 86
28 64 31 69 47 87
46 12 88 36 66 49
75 60 96 43 69 72
0.000111627
0.000227467
0.000308834
0.000189681
0.000235072
0.000150296
0.000398006
0.000405566
0.000343247
0.000177577
0.000281935
0.000117839
0.000316121
0.000277939
0.000252475
0.000479887
0.000458925
0.000287787
0.000298885
0.000298907
0.000498164
0.00027698
0.000301173
0.000243984
0.000439406
0.000431807
0.000122741
0.00012175
0.000228941
0.000159333
0.000246777
0.000412541
0.000288607
0.000127467
0.000320444
0.00045499
0.000174629
0.000209104
0.000126326
0.000217669
0.000324359
0.000197992
0.000168179
0.000276932
0.000151828
0.00035041
0.000414691
0.000483253
0.000311535
0.000400092
0.000298043
0.000189553
0.000165368
0.000369509
0.000120719
0.00033593
0.000115137
0.000138629
0.000105389
0.000369345
0.000456435
0.0002321
0.000438371
0.000375918
0.000411926
0.000123497
0.000321245
0.000155861
0.000290445
0.000438381
0.000334134
0.00017797
0.000171236
0.000282665
0.000324804
0.000118053
0.000255961
0.000252803
0.000473977
0.000422518
0.000490325
0.000245198
0.000306586
0.00018675
0.000214098
0.000198341
0.000191673
0.000346104
0.000115242
0.000459916
0.000259405
0.000484386
0.000424152
0.000340227
0.000381399
0.000457797
0.000304075
0.000115166
0.000163279
0.000480085
88 96
427 478
195 445
429 255
97 61
306 176
391 332
17 198
169 90
226 104
244 420
152 133
426 441
50 404
372 293
367 39
263 101
360 198
460 350
278 279
31 183
362 92
474 155
234 275
313 461
203 322
422 1
178 451
91 485
327 29
283 134
137 334
397 136
313 217
443 173
58 206
81 177
262 328
408 230
307 221
168 134
112 109
316 68
498 78
287 132
39 150
49 260
132 314
405 21
412 327
89 242
408 456
262 121
147 82
196 148
416 471
214 490
450 82
443 199
494 105
159 362
447 301
146 106
454 270
347 399
337 352
70 266
254 387
213 498
352 29
73 111
362 316
461 378
453 296
394 52
412 210
277 90
493 376
322 138
430 173
192 312
22 323
381 481
245 281
370 159
359 5
82 17
60 244
191 486
74 312
3 496
425 443
289 171
498 319
168 166
313 385
384 152
482 399
230 368
0 122
