76
100
6
31 15 74 74 86 34
19 79 54 80 40 28
89 54 17 86 18 76
41 82 95 75 68 34
94 19 56 35 41 73
79 23 45 53 81 39
84 83 15 53 90 55
59 86 86 26 94 57
70 65 98 68 36 54
73 68 10 70 87 26
49 75 65 84 69 10
27 19 83 13 55 82
26 96 17 95 17 99
14 71 88 17 100 27
34 92 31 90 86 68
46 70 82 66 34 60
56 29 32 26 18 20
17 82 68 24 67 100
94 61 89 41 69 45
80 74 45 100 30 35
26 85 24 33 44 57
80 35 92 80 55 42
61 39 23 82 60 84
50 79 59 13 11 11
49 61 89 69 40 53
28 62 92 70 76 23
66 93 91 43 98 43
64 61 17 74 43 15
34 51 68 62 55 97
65 98 32 40 57 93
58 12 90 39 75 48
35 24 93 54 39 39
43 37 25 46 93 46
87 99 69 83 91 30
26 41 70 28 16 99
88 11 27 54 95 91
33 33 71 34 64 13
64 59 93 31 77 54
61 42 19 87 48 45
38 56 15 47 12 89
67 14 31 88 28 76
17 20 96 98 100 56
89 10 82 86 82 11
38 24 44 89 19 96
46 50 30 17 71 69
81 47 40 61 28 89
32 13 19 54 87 60
66 57 73 60 13 57
89 70 82 58 45 68
79 15 61 37 84 22
64 91 19 38 86 51
27 98 55 39 73 69
79 51 58 57 98 21
38 57 91 83 41 74
67 10 71 32 40 23
56 66 10 11 25 34
52 63 69 50 55 22
54 20 100 37 64 90
32 98 61 39 88 68
40 48 62 94 21 59
10 74 19 64 62 13
82 59 47 42 47 37
42 12 21 87 28 67
30 71 68 36 83 55
14 61 79 60 16 85
96 16 70 78 48 56
89 93 57 55 55 55
95 73 65 56 16 85
21 13 39 28 85 35
29 87 76 14 49 81
25 85 99 77 95 49
40 29 38 27 90 100
88 62 60 76 85 21
53 57 57 30 56 68
95 98 12 10 82 60
93 28 23 57 65 38
86 18 47 36 87 83
40 46 92 18 81 47
55 60 76 28 67 35
76 60 64 100 24 45
70 62 51 82 59 69
81 79 89 61 56 71
31 48 75 73 26 79
80 29 41 55 23 32
40 72 94 67 21 89
59 30 89 22 15 72
50 93 56 94 36 82
24 35 27 57 14 74
83 17 77 31 39 26
88 41 21 56 21 23
74 72 43 42 36 63
10 42 54 87 56 88
82 72 60 35 58 42
75 61 31 11 57 71
27 63 25 81 93 67
85 94 45 91 97 90
33 64 12 12 39 10
92 81 28 98 45 90
56 60 60 33 28 81
81 88 48 62 12 16
0.000321318
0.000408613
0.000120132
0.00024942
0.000400309
0.000118612
0.00048376
0.000446398
0.000255822
0.000138774
0.000226697
0.000413882
0.000142383
0.000201525
0.000429801
0.000298592
0.000278398
0.000280549
0.000244921
0.000252716
0.000197829
0.000328278
0.000411336
0.000407606
0.000118833
0.00015428
0.000229562
0.00049246
0.000456427
0.000443626
0.000328661
0.000269012
0.000404661
0.00025854
0.000192582
0.000395326
0.000161115
0.000200005
0.000446265
0.000460707
0.000313124
0.000473425
0.000494515
0.000202523
0.000454454
0.000383337
0.000202415
0.000409351
0.00017571
0.000250248
0.00046898
0.000136071
0.000224594
0.000148684
0.000106353
0.000235924
0.000376042
0.00013258
0.000382437
0.000472114
0.000359467
0.000312153
0.000227755
0.000210664
0.000487897
0.000213911
0.000300818
0.000332256
0.000204996
0.000498783
0.00015306
0.000346967
0.000415906
0.000198669
0.000242544
0.000386085
0.000107238
0.000187662
0.000211013
0.000133583
0.000350759
0.000229607
0.000471838
0.000143126
0.000498875
0.000383715
0.000426356
0.000410738
0.000191466
0.000145801
0.000235146
0.000222761
0.000459601
0.000341811
0.000417088
0.000413262
0.00014541
0.000162075
0.0004736
0.000352747
17 394
302 177
220 284
176 487
445 408
367 390
129 191
485 22
398 122
291 482
194 204
149 21
74 263
471 176
29 210
204 476
82 387
21 335
404 160
350 22
498 199
23 225
70 162
140 24
326 46
159 130
440 156
490 278
402 261
407 101
221 284
199 8
368 171
78 460
93 414
448 418
395 162
250 237
258 75
339 372
20 428
268 364
205 317
325 155
383 404
430 448
189 149
3 494
192 436
189 412
398 487
292 264
163 380
92 472
203 0
368 459
374 231
97 193
439 55
498 490
458 24
264 330
304 374
46 223
450 315
321 170
390 464
477 144
158 302
440 211
44 197
300 484
456 221
223 23
30 194
114 276
457 435
158 245
381 333
93 313
477 166
414 52
70 187
129 333
370 419
213 56
432 74
469 140
475 403
390 423
472 34
399 104
322 427
130 72
401 88
6 175
26 472
19 105
167 145
267 374
