87
100
6
75 22 94 14 94 83
14 75 49 11 43 74
56 20 97 89 99 67
98 78 75 99 76 37
29 71 31 15 74 69
34 31 11 87 42 25
74 71 50 42 29 29
39 55 68 48 13 20
65 28 94 32 38 75
73 87 39 60 22 43
97 52 29 90 35 28
53 44 73 85 72 44
97 18 55 92 60 71
38 88 42 32 63 83
20 98 88 19 39 84
62 91 62 20 100 71
44 60 89 94 40 39
15 78 55 21 23 48
43 74 60 37 52 75
54 86 14 47 98 18
85 56 24 49 62 32
63 74 11 53 69 69
24 54 40 39 44 73
45 35 92 80 24 31
43 60 15 87 65 51
62 88 46 26 78 39
96 56 20 32 56 78
84 34 54 97 78 53
31 95 64 33 39 43
49 53 12 90 85 26
72 71 100 43 68 95
13 83 100 28 92 23
33 81 21 71 18 98
89 60 63 55 95 78
83 35 66 58 40 66
45 82 34 19 25 35
90 52 50 87 65 88
77 21 15 95 44 13
65 74 55 67 11 17
35 61 60 86 22 64
46 80 16 80 13 70
66 100 68 42 59 87
45 66 81 66 61 30
30 45 16 52 46 92
70 70 75 51 45 21
87 43 58 36 94 74
77 91 71 13 22 37
18 35 57 89 99 67
33 58 36 42 21 31
81 24 69 23 40 89
78 18 57 30 14 38
76 53 30 64 63 66
80 61 57 38 52 40
55 33 25 74 56 65
77 17 88 95 50 85
69 19 26 60 33 44
46 19 29 11 36 92
41 92 19 49 59 63
72 22 92 79 97 84
62 75 84 32 99 15
56 84 83 15 54 46
36 98 14 60 53 67
96 54 12 85 47 44
81 55 65 44 72 35
11 16 51 60 51 75
96 66 46 37 26 41
23 20 58 44 64 94
92 13 72 83 54 22
43 22 31 52 21 63
40 33 52 64 78 11
39 81 50 71 36 49
86 95 86 70 11 19
67 25 54 57 17 68
45 43 23 44 32 27
59 96 99 42 13 11
18 81 85 31 11 34
70 53 67 66 18 21
92 27 74 86 82 37
97 66 78 58 91 48
70 27 17 35 83 77
94 97 68 11 69 17
95 26 31 39 26 92
37 88 27 67 53 58
79 24 15 55 69 90
60 28 97 35 54 51
19 24 19 90 71 43
24 57 18 23 19 68
21 54 19 73 28 68
24 20 41 81 79 97
11 30 80 57 30 13
36 34 64 57 16 30
69 33 90 42 24 44
64 67 53 23 36 11
79 80 41 57 30 27
12 45 60 35 90 88
96 55 47 48 48 51
56 55 60 39 63 93
80 59 22 70 55 10
18 13 40 60 47 55
66 13 17 58 68 90
0.000318229
0.000158996
0.000463247
0.000351667
0.000426479
0.000302761
0.000136943
0.000383084
0.000178294
0.000377654
0.000448999
0.000498813
0.00034167
0.000271081
0.000268668
0.000427202
0.000234872
0.000100063
0.000272059
0.000327148
0.000263798
0.000110868
0.000387974
0.000146042
0.000497264
0.000106281
0.000241937
0.000250986
0.000106358
0.000287524
0.00041211
0.000355353
0.0001487
0.000201496
0.000294527
0.000169872
0.000144987
0.000347059
0.00017033
0.000267313
0.000280708
0.000304694
0.000432907
0.000419549
0.000188164
0.000444744
0.000178422
0.000141186
0.000417656
0.000166895
0.000329001
0.000189035
0.000289271
0.000173472
0.000155161
0.000361544
0.000424663
0.000401067
0.000284744
0.000336912
0.00039975
0.000471618
0.000269416
0.000141398
0.000140713
0.000113199
0.000294245
0.000164734
0.000293626
0.00028968
0.000344533
0.000280782
0.000421658
0.000177885
0.000212967
0.00011349
0.000470038
0.000155945
0.000207143
0.000269251
0.000187715
0.000284216
0.000168081
0.000279065
0.000460146
0.000249565
0.000394214
0.000260493
0.000214274
0.000294204
0.000328236
0.000462874
0.000274223
0.000380454
0.000261336
0.000261789
0.000190926
0.000213688
0.000179539
0.000191639
138 431
59 410
457 146
50 0
149 26
192 198
157 9
336 129
141 450
247 167
465 178
369 377
9 488
81 222
317 112
151 444
219 122
106 136
428 45
213 271
429 139
20 149
208 61
261 182
443 322
436 167
299 399
170 240
148 125
440 287
432 392
484 384
185 251
138 363
438 297
369 164
234 98
349 256
343 489
342 207
337 55
49 446
59 344
112 242
83 59
45 329
496 139
112 444
189 432
238 176
302 291
131 415
308 260
185 481
446 276
304 383
179 85
172 188
225 272
493 345
194 42
426 443
27 237
475 488
348 77
476 346
335 75
62 43
374 406
197 416
206 210
375 244
347 406
245 22
119 99
3 427
401 176
136 66
187 389
186 312
481 0
208 109
171 201
50 184
12 344
148 349
381 0
86 208
337 62
231 415
331 297
408 33
87 287
324 385
185 380
320 409
296 453
229 13
240 185
382 228
