19
100
6
33 38 45 46 84 23
46 94 87 76 78 68
99 34 45 51 69 18
42 44 32 80 27 58
32 64 94 65 87 27
82 42 91 75 61 40
90 78 38 21 81 85
71 53 19 30 97 86
12 97 39 74 41 12
33 96 86 20 64 56
72 67 85 43 27 46
41 35 44 11 66 19
94 49 15 61 26 46
55 67 65 70 36 15
69 36 22 70 97 96
20 23 93 60 94 60
67 33 83 66 36 24
80 23 10 96 58 19
50 29 30 62 27 66
98 24 59 48 13 94
59 19 11 22 59 12
19 99 10 28 93 95
84 52 29 27 77 62
17 20 32 40 78 51
75 67 90 43 64 67
95 70 20 38 32 30
57 83 35 43 57 68
62 54 35 34 61 10
54 75 45 76 62 23
70 65 64 70 82 52
71 15 88 96 29 93
97 37 78 85 21 35
93 25 76 80 28 29
46 77 97 56 54 50
40 89 58 48 77 63
53 55 30 45 16 62
24 42 36 37 58 29
35 64 44 45 92 39
27 39 14 77 62 69
94 61 65 28 60 53
14 42 27 44 15 97
11 92 91 91 24 44
21 32 71 55 22 10
74 67 96 37 91 35
31 48 37 64 52 51
43 65 66 38 99 92
17 65 82 81 29 24
85 61 52 43 55 67
90 33 93 31 60 63
41 15 35 19 28 55
56 87 69 66 45 59
28 31 52 78 53 60
51 68 62 24 46 14
82 86 82 82 13 20
85 87 87 29 64 55
62 89 68 23 36 15
30 51 93 12 97 85
61 39 18 52 17 100
44 40 98 41 43 52
97 67 80 50 39 92
24 58 23 79 42 99
12 61 64 67 92 87
81 34 12 21 49 49
35 28 79 14 53 57
75 94 27 37 97 15
11 74 28 92 68 100
25 17 86 37 43 15
98 69 10 33 63 15
85 59 31 23 14 28
83 77 27 33 39 44
21 94 69 25 57 49
59 92 35 91 91 55
97 95 27 25 53 83
62 12 57 24 44 19
14 19 73 46 30 66
70 52 90 48 64 39
88 98 81 76 41 62
29 88 33 61 62 17
77 84 64 46 89 69
73 45 87 75 40 70
43 11 93 46 92 97
51 50 85 73 60 65
49 72 11 12 30 72
92 89 19 44 74 28
54 89 87 52 99 99
63 55 88 54 51 43
38 83 13 42 100 12
60 96 20 98 70 100
68 90 75 41 25 76
30 31 90 56 68 92
95 43 76 86 17 83
27 61 69 29 69 26
68 65 10 95 26 50
20 32 84 32 67 51
54 54 71 13 58 16
57 31 76 82 71 14
57 62 44 20 33 60
69 41 96 53 33 55
45 43 97 26 51 36
85 47 27 62 57 87
0.00012022
0.000161062
0.000478674
0.000496494
0.000378365
0.000420307
0.000474572
0.000215292
0.000165035
0.000189696
0.000287864
0.000358809
0.000492032
0.000205722
0.000355079
0.000207765
0.000153021
0.000269601
0.000400826
0.00011051
0.00045996
0.000390256
0.000350683
0.000484929
0.000413046
0.000199624
0.000386545
0.000201652
0.000493382
0.000222147
0.000172666
0.000433128
0.000320271
0.000481335
0.000120572
0.000120237
0.000143021
0.000166846
0.000322393
0.000442291
0.00042803
0.00036945
0.00027537
0.000301937
0.000307982
0.000444442
0.000373879
0.000163396
0.000145376
0.00022711
0.000375225
0.000296536
0.000124129
0.0002443
0.000249954
0.000242054
0.000420627
0.000247255
0.00045008
0.000192758
0.000468336
0.000283646
0.000267824
0.000148778
0.000127612
0.000262164
0.000266511
0.000116345
0.000163024
0.000264144
0.000116144
0.000195115
0.000260355
0.000354688
0.000187623
0.000215399
0.000253989
0.000368856
0.000254442
0.000400708
0.000422172
0.000146385
0.000148995
0.000410571
0.000371694
0.000243558
0.000233278
0.000152308
0.000171779
0.000421443
0.000494419
0.000115237
0.000248171
0.00044417
0.000381645
0.000283772
0.000120124
0.000339813
0.000263181
0.000352654
148 379
76 349
411 233
93 316
236 283
105 298
147 411
334 413
169 149
384 323
475 357
285 220
370 135
205 14
101 176
75 230
264 175
280 304
309 74
38 326
461 350
394 160
229 265
119 150
295 16
55 60
337 384
474 314
271 67
265 23
188 144
20 461
297 271
352 136
384 126
40 295
104 310
334 116
184 66
297 424
347 299
187 102
187 279
290 174
452 383
78 55
352 243
153 235
427 323
241 436
153 378
358 374
328 41
421 386
413 150
132 226
234 121
434 141
127 472
193 90
302 152
234 159
360 88
349 79
377 334
350 210
281 292
426 477
67 153
10 388
295 317
482 474
128 23
454 223
357 376
90 133
466 5
482 379
183 235
59 268
437 257
49 380
429 294
211 148
154 315
154 202
285 17
472 207
265 55
378 208
484 64
276 490
6 461
27 357
482 307
21 187
101 423
172 192
42 413
209 234
