43
100
6
34 43 93 82 80 91
87 74 95 64 84 40
31 61 24 40 20 73
46 44 72 56 92 84
37 58 51 69 16 87
50 85 87 84 45 39
20 29 56 93 15 17
62 22 41 93 22 37
74 90 61 73 71 91
83 19 90 55 11 13
42 21 71 51 70 72
75 93 73 36 22 17
31 44 77 43 27 10
45 52 27 42 77 62
29 42 73 71 46 12
92 76 41 11 11 46
100 69 29 11 82 26
37 68 14 56 65 90
41 88 100 64 91 70
59 41 93 15 25 81
57 55 40 13 92 28
64 85 26 60 35 51
98 74 20 48 18 77
60 23 52 77 75 64
71 15 76 57 69 79
58 63 37 94 23 86
43 55 29 73 93 53
27 52 18 13 85 45
78 46 81 40 54 50
46 23 52 34 57 81
79 20 68 49 35 54
86 36 84 78 33 44
48 84 65 69 10 82
62 76 92 53 86 20
18 51 60 16 51 43
66 86 45 50 37 57
72 80 41 84 52 68
92 21 51 76 23 68
26 63 54 60 39 92
51 96 17 25 88 25
66 24 87 66 21 26
94 80 90 71 43 33
16 29 25 22 83 57
73 90 88 26 35 26
29 94 14 64 98 49
16 93 56 19 30 36
95 45 76 39 92 64
92 31 37 73 51 98
24 21 57 70 69 85
29 93 70 46 17 17
59 97 97 88 91 78
69 54 89 18 65 25
98 35 77 23 29 73
59 18 85 61 98 83
40 23 88 51 45 61
86 53 80 39 47 44
20 28 71 93 34 14
93 90 24 97 77 24
91 93 33 74 69 83
74 99 52 21 29 22
94 29 58 47 76 62
56 61 59 53 51 17
38 59 15 16 20 13
20 46 41 50 42 76
89 27 95 72 38 42
44 23 31 23 95 17
27 58 33 66 80 23
87 49 94 12 14 18
71 91 53 26 70 89
38 37 64 12 32 83
92 60 21 48 92 46
35 78 27 65 14 47
94 65 15 25 47 51
44 46 33 24 41 79
32 96 84 56 30 30
28 79 77 52 39 35
36 90 88 98 26 41
13 71 56 99 80 13
25 22 10 20 90 92
19 52 79 88 11 19
22 28 23 37 82 75
60 91 50 57 83 63
52 40 81 17 61 30
66 32 29 68 51 50
66 50 38 56 58 74
89 33 97 58 81 50
10 31 35 80 75 34
14 19 70 85 48 97
29 63 34 29 33 85
68 88 73 46 67 72
34 68 11 15 43 17
95 20 78 64 92 28
66 74 64 39 85 65
73 66 80 23 10 85
49 87 44 50 59 45
17 81 63 54 19 17
54 18 28 100 22 83
71 91 41 26 21 77
88 26 84 13 34 22
31 50 50 40 66 27
0.00038169
0.000465479
0.00033058
0.000297376
0.00044886
0.000403749
0.000274681
0.000262315
0.000252414
0.000495693
0.000369685
0.000352714
0.00030918
0.000432015
0.00028624
0.000300315
0.000134413
0.000183181
0.000270906
0.000299983
0.000256487
0.00029061
0.000151132
0.000484111
0.000379527
0.000443292
0.000481614
0.000271366
0.000209901
0.000174458
0.000174275
0.000296271
0.000210685
0.000214172
0.000125406
0.000337642
0.000277611
0.00020547
0.000324074
0.000172446
0.000307564
0.000157492
0.000218704
0.0001928
0.000278675
0.000406232
0.000230359
0.000434983
0.000303029
0.000222949
0.000294991
0.000226524
0.000363496
0.00044155
0.000493981
0.000375141
0.000157161
0.000276508
0.000281022
0.000341312
0.000373995
0.000250342
0.000147067
0.000356797
0.000356589
0.000135767
0.000290293
0.000385825
0.00048577
0.000457029
0.000274831
0.000454765
0.000443537
0.000320745
0.000397942
0.000230075
0.000350504
0.000168868
0.000322629
0.000373776
0.000435197
0.000278849
0.000122483
0.000177767
0.000190065
0.000455241
0.000132856
0.000307126
0.000214039
0.000479336
0.000201627
0.000355626
0.000343364
0.000196911
0.000205207
0.000155095
0.000477155
0.000369223
0.000334882
0.000205226
464 363
266 231
225 205
124 480
81 434
341 427
70 367
311 474
119 273
193 176
498 396
269 420
328 465
292 422
95 58
177 337
468 71
485 229
187 334
19 259
141 51
496 265
477 332
446 333
147 1
423 328
413 24
111 93
320 74
112 233
345 337
113 307
242 415
344 386
482 475
205 432
17 69
198 104
307 150
350 325
78 438
108 321
420 380
248 132
3 327
16 187
175 254
135 159
402 195
302 456
248 0
413 494
255 424
320 186
365 293
212 37
459 202
210 210
107 5
220 163
159 95
38 464
47 141
137 426
239 132
94 386
309 346
154 385
262 75
427 451
1 457
281 384
3 334
126 310
450 242
459 357
16 187
8 231
38 415
482 474
278 418
360 357
286 467
297 41
292 151
353 421
342 127
104 40
216 219
41 244
56 109
1 168
466 93
88 14
347 415
77 83
27 239
75 90
268 169
214 44
