54
100
6
92 61 35 76 99 48
43 69 97 89 20 65
81 80 33 62 17 89
62 100 92 94 28 53
61 98 45 37 20 52
19 83 38 96 99 39
22 81 84 93 15 66
96 66 21 36 18 62
66 19 76 49 55 53
14 69 82 83 92 96
12 64 44 40 88 22
89 79 95 23 49 69
48 52 66 85 84 20
32 58 67 10 70 89
13 52 51 60 42 54
71 45 97 61 43 64
68 93 72 57 50 80
57 52 66 67 20 96
24 16 48 33 40 34
13 62 90 23 27 10
31 70 14 80 18 28
73 49 24 38 71 31
50 56 93 55 25 74
32 57 86 80 25 33
33 72 11 90 71 92
40 29 90 59 72 98
62 94 49 23 19 57
49 12 74 20 64 81
90 89 61 61 61 13
40 81 61 44 72 28
42 51 30 34 24 94
77 83 97 62 25 97
17 71 37 62 64 50
29 18 38 53 84 52
53 91 88 79 15 43
15 57 59 64 26 33
95 39 13 88 19 62
89 84 10 69 68 30
71 97 33 75 65 12
23 21 85 44 18 36
33 13 14 84 24 11
95 98 28 34 90 89
18 62 23 72 50 30
20 77 94 42 82 51
74 86 55 40 78 42
33 60 37 47 64 21
34 26 34 52 49 40
80 68 14 24 27 27
24 63 30 88 93 20
21 81 25 63 73 37
54 97 92 65 26 48
33 46 88 73 72 97
16 28 65 27 39 82
66 76 70 40 87 85
16 58 81 80 88 88
73 20 73 41 88 37
99 48 51 42 94 70
61 57 20 47 12 83
44 69 86 24 62 32
33 84 58 73 13 51
41 28 74 95 38 33
44 69 45 72 26 67
16 69 78 95 100 31
47 53 66 52 15 67
62 10 55 99 60 90
37 58 26 89 47 88
56 81 60 32 57 86
59 84 16 36 45 96
44 76 96 90 48 93
62 14 58 46 22 66
10 57 39 97 86 48
14 89 59 70 48 59
52 75 39 51 92 84
95 63 86 39 32 84
12 46 75 79 30 49
23 41 81 31 13 32
58 67 16 74 91 20
75 74 93 41 36 40
77 52 51 95 35 93
41 50 61 76 29 25
31 41 67 37 10 78
81 21 39 71 38 44
43 59 85 89 10 16
45 31 25 68 87 75
90 96 32 75 73 54
23 62 52 83 52 10
70 38 19 31 100 85
51 51 61 66 54 43
37 78 87 32 60 61
76 67 41 76 45 49
55 33 89 76 10 83
86 14 42 82 96 58
16 57 74 23 22 12
16 39 43 65 100 30
37 58 88 81 47 59
68 88 60 83 46 18
79 62 39 41 14 50
85 93 28 33 30 35
80 62 98 13 25 45
73 23 63 45 15 70
0.000224712
0.000219385
0.000105144
0.000356372
0.000191471
0.000479486
0.000450093
0.0004597
0.000431862
0.000399135
0.000451003
0.000136999
0.000147579
0.000345036
0.000104435
0.000245926
0.000162343
0.000219849
0.000175624
0.000109951
0.000238205
0.000249419
0.000128346
0.000306093
0.000257722
0.000491397
0.000158377
0.000110012
0.000333858
0.000193377
0.000467426
0.000376212
0.000495118
0.000323948
0.000273192
0.000172134
0.000302266
0.000465251
0.000391506
0.000172952
0.000498102
0.000133269
0.000210476
0.000153057
0.000278087
0.00020008
0.000439388
0.000377635
0.00024223
0.000484853
0.000317953
0.000261728
0.000430967
0.000136885
0.000326075
0.000339565
0.000189943
0.000322621
0.00028676
0.000313029
0.000494173
0.000230052
0.000276485
0.000261071
0.000335124
0.000131185
0.000197497
0.000394843
0.000290334
0.000350149
0.000280081
0.000247908
0.000175509
0.00048585
0.000363246
0.000322012
0.000385014
0.000388167
0.000106502
0.000485422
0.000115407
0.000103967
0.000201634
0.000134186
0.000493245
0.000438621
0.000228364
0.000289898
0.000125099
0.000203576
0.000284027
0.000127734
0.000192771
0.000223204
0.000166026
0.000182606
0.000243928
0.000375563
0.000274058
0.000103853
169 2
270 112
35 249
386 203
340 156
400 25
110 15
413 434
252 256
312 402
288 284
477 415
416 122
241 103
109 275
200 465
290 127
391 401
32 69
329 428
216 485
307 149
487 365
8 125
150 410
196 398
364 417
336 254
484 350
44 340
3 416
178 490
3 486
196 183
329 230
207 307
93 64
71 385
157 398
299 107
395 148
401 373
82 147
230 443
14 118
64 277
102 499
260 297
98 151
282 477
160 83
142 263
4 184
121 477
199 78
409 456
376 181
72 190
242 257
92 396
183 276
397 50
106 319
303 332
343 372
86 13
426 84
55 277
72 178
243 325
280 411
401 156
387 118
351 265
490 191
366 30
427 490
256 307
303 257
306 64
389 192
205 312
328 120
464 458
383 491
55 108
334 244
300 215
368 233
495 447
393 392
174 197
495 403
71 291
148 137
66 468
16 22
400 37
439 19
339 222
