42
100
6
16 71 46 48 57 51
32 51 66 38 47 84
77 57 15 59 25 92
78 50 96 94 22 37
32 47 84 63 94 98
33 94 26 38 34 87
54 88 99 20 34 61
80 14 86 68 72 47
42 19 59 16 67 97
89 17 58 77 58 92
52 82 32 37 23 21
61 41 56 47 21 15
91 17 56 26 33 35
38 87 75 17 46 39
35 28 15 31 33 28
22 38 23 96 54 48
76 51 86 64 81 83
31 88 91 14 74 18
42 28 95 35 26 14
88 39 29 97 16 100
25 82 72 18 100 99
31 98 83 16 96 77
34 70 99 73 79 94
85 15 11 65 82 88
96 72 29 36 61 100
18 32 19 81 82 78
64 85 18 23 48 68
65 66 96 66 20 74
25 91 94 84 51 14
82 76 49 37 46 86
95 64 61 83 11 92
33 58 32 85 95 11
45 31 87 47 58 75
35 14 14 81 24 62
91 100 90 59 85 34
30 89 16 12 67 71
78 34 93 37 56 62
16 72 75 20 17 12
39 47 49 76 26 34
42 35 17 34 40 65
34 27 18 56 63 43
64 43 48 53 24 35
53 22 90 56 64 63
61 27 63 96 79 61
88 35 94 58 70 25
87 91 66 39 52 98
96 16 47 43 59 31
32 74 44 82 58 77
98 19 43 79 80 67
17 22 60 59 29 80
29 80 11 53 66 83
42 41 10 67 10 14
93 62 84 40 72 36
14 81 75 55 23 15
21 22 10 23 86 25
48 71 51 48 24 77
17 18 67 43 100 26
22 28 56 97 84 75
81 99 39 16 13 73
46 69 38 42 21 31
47 93 80 45 61 94
87 35 98 12 85 16
48 34 24 78 25 73
77 26 18 23 88 96
73 87 95 32 16 96
97 67 67 64 10 86
99 21 95 69 60 44
68 85 25 60 57 33
87 61 17 68 80 94
20 39 88 26 36 75
29 54 91 60 60 76
87 87 92 33 31 40
100 50 39 42 81 19
15 70 61 15 23 10
52 61 89 45 64 43
29 99 78 50 51 30
51 80 59 26 34 80
61 70 42 48 99 33
25 22 92 57 55 73
79 84 48 40 31 57
55 17 21 79 37 65
70 79 56 57 44 15
29 50 62 96 74 87
10 80 21 40 43 70
73 70 14 50 48 27
36 45 40 91 66 34
73 64 98 75 66 11
49 40 65 51 85 92
24 75 82 13 93 21
98 93 44 72 11 100
74 90 37 69 75 82
54 95 36 61 65 83
29 90 52 12 62 48
52 16 97 59 82 31
29 30 85 40 82 79
14 55 61 14 77 12
33 95 20 26 24 73
71 15 27 12 48 60
75 88 47 49 57 35
11 13 71 87 53 61
0.000401051
0.000288106
0.000141385
0.00046446
0.000377827
0.000449865
0.00015757
0.000402412
0.000283795
0.000383135
0.000211318
0.000368998
0.000378077
0.000466433
0.000255789
0.000148111
0.00016893
0.000287548
0.000345968
0.000468434
0.00026164
0.000199504
0.000225405
0.000238316
0.000237644
0.000412118
0.000116409
0.000223706
0.000213948
0.0001999
0.000460852
0.000482014
0.000297902
0.000200954
0.000147952
0.000219885
0.000352154
0.000424975
0.000193477
0.000357245
0.000332916
0.0001284
0.000349874
0.000496191
0.000477965
0.000382616
0.000322226
0.000206431
0.000209896
0.000165063
0.000135792
0.000357733
0.000293219
0.00046546
0.000364259
0.000196654
0.000380394
0.000298372
0.000299081
0.000280875
0.000407693
0.000239437
0.000181892
0.000223606
0.000100972
0.000261534
0.000137064
0.000327313
0.000125833
0.000483743
0.000440344
0.000430964
0.000279373
0.000223212
0.00013853
0.000231699
0.000284934
0.000342459
0.000389866
0.000214873
0.000191998
0.000471142
0.000260525
0.000424083
0.000122877
0.000230843
0.000243065
0.000124712
0.00036456
0.000242814
0.00035862
0.000192233
0.000495894
0.000492339
0.000256813
0.000320636
0.000296636
0.000117415
0.000163085
0.000152294
77 345
405 495
173 150
426 305
161 362
434 398
273 394
66 270
400 322
27 79
397 168
454 142
25 32
235 389
349 29
329 137
208 29
155 300
26 116
469 250
391 251
477 231
426 250
191 456
303 162
492 399
221 500
340 368
120 214
120 356
496 72
375 60
276 214
412 273
116 105
255 66
9 161
162 263
241 465
34 266
185 427
181 453
192 110
24 428
41 331
189 135
149 432
394 452
473 216
267 458
331 395
57 109
182 303
155 89
27 227
409 446
25 293
201 321
307 315
331 114
417 243
251 20
139 374
17 198
169 336
213 251
467 12
127 321
187 282
276 309
48 6
71 79
38 292
233 319
411 359
187 354
321 172
85 495
187 130
42 179
19 46
361 202
477 423
74 89
375 146
442 485
115 378
299 282
241 390
476 234
423 362
458 219
254 442
437 170
256 381
299 436
437 95
152 124
264 472
378 223
