63
100
6
63 29 38 14 12 64
52 45 34 65 68 45
74 60 57 73 71 76
57 67 98 32 36 80
62 26 43 70 83 42
92 68 24 96 18 87
27 58 97 64 38 77
28 31 18 20 27 65
25 67 48 77 73 81
59 51 68 98 21 76
48 26 53 99 43 93
93 25 15 62 97 61
22 16 97 33 49 22
92 18 28 10 62 51
41 27 37 15 56 89
52 97 14 56 57 10
70 96 62 38 95 92
69 40 35 72 53 78
90 84 93 65 57 37
90 40 71 57 49 61
79 87 66 69 98 64
52 37 57 92 82 20
59 81 23 66 15 30
75 18 35 80 99 47
62 69 90 63 25 22
68 33 11 67 20 26
73 47 86 64 12 19
72 58 17 33 63 16
61 95 25 96 48 31
14 42 39 74 19 84
55 25 50 44 58 64
46 48 49 68 64 49
38 18 63 42 78 43
34 41 21 91 42 33
24 78 88 82 33 81
93 71 34 80 52 90
53 92 63 45 50 41
52 26 95 55 22 35
38 46 94 34 11 59
12 24 12 91 55 91
40 75 50 86 97 30
54 52 44 29 37 49
62 23 29 42 28 19
83 88 63 100 30 39
34 21 76 46 73 27
49 55 100 27 44 56
77 81 48 17 40 31
15 57 63 52 47 13
17 83 45 56 33 37
86 73 48 33 40 53
49 11 80 67 10 93
64 100 85 86 43 32
49 75 73 17 55 56
44 37 59 12 75 28
30 91 62 25 84 16
80 84 90 97 97 86
34 96 76 51 93 80
32 67 71 25 42 22
51 84 35 85 14 10
89 32 48 96 38 100
57 37 14 57 91 68
85 25 95 58 77 100
71 64 99 80 59 55
26 90 84 49 18 66
41 50 21 51 69 62
33 73 90 27 32 27
33 44 24 99 38 88
14 76 71 54 42 76
64 41 82 39 88 87
36 51 91 61 39 36
71 67 23 70 96 22
38 74 18 77 95 78
74 51 99 76 60 12
71 52 58 50 44 10
69 47 63 22 13 82
24 73 28 41 100 21
60 56 38 82 38 73
30 87 17 80 98 82
93 94 57 47 73 33
16 49 100 45 22 86
62 84 83 15 83 84
31 76 74 63 76 96
62 28 58 33 20 11
39 33 59 68 36 23
27 29 53 50 55 65
21 44 28 18 36 36
84 26 88 57 29 35
86 82 80 26 10 42
56 93 99 83 40 76
70 91 15 68 79 38
54 50 77 22 63 56
52 75 11 95 32 92
80 28 29 12 95 74
78 30 33 87 29 87
43 35 12 41 52 29
80 57 65 59 31 66
24 39 59 35 82 84
37 50 90 36 74 98
27 70 40 42 14 80
95 58 26 70 84 17
0.000188183
0.000253459
0.000262387
0.000482651
0.000418938
0.0003612
0.000422212
0.000318485
0.000149331
0.000452702
0.000207455
0.00017488
0.0004509
0.000312468
0.000357018
0.000345751
0.000103311
0.000131861
0.000361136
0.000148094
0.000435617
0.00015366
0.00049812
0.000405238
0.000331425
0.000139578
0.000275396
0.000222479
0.000137176
0.000305799
0.000431097
0.000210124
0.000266059
0.00043974
0.000493887
0.000145571
0.000484962
0.000484665
0.00032991
0.000391226
0.000169528
0.000262311
0.000175088
0.000130496
0.000391335
0.000361735
0.000351578
0.000472753
0.000467069
0.00049879
0.000140214
0.000283266
0.000143393
0.000234422
0.000325876
0.000131813
0.000322704
0.000201851
0.000182889
0.000419343
0.000313892
0.000296068
0.000165803
0.000283659
0.000424013
0.000403253
0.000248275
0.00036502
0.000427157
0.000119599
0.000401728
0.000429843
0.000161939
0.000182859
0.000143238
0.000351801
0.000383168
0.000145958
0.000484604
0.000162781
0.000443609
0.000421638
0.000433792
0.00027331
0.000225358
0.000357729
0.000491405
0.000316265
0.000415718
0.000367297
0.000411098
0.000184171
0.000154293
0.000173608
0.000165981
0.000160605
0.000305884
0.000364763
0.000414567
0.000407351
163 73
70 405
219 370
152 350
308 69
65 242
196 53
267 31
164 216
468 77
92 206
265 152
161 343
283 416
255 273
171 348
301 141
453 170
165 427
201 235
27 500
71 6
212 317
438 173
483 311
2 435
272 355
235 3
480 353
89 391
474 322
345 136
403 104
201 356
500 45
23 282
260 176
283 424
301 375
85 356
33 399
435 462
257 68
353 481
245 386
432 323
103 378
127 326
460 69
16 440
74 290
193 492
235 385
321 240
282 371
436 351
135 342
378 481
292 228
2 217
150 98
93 101
301 69
455 335
286 329
316 224
148 428
284 385
168 110
389 119
364 356
474 90
407 365
347 118
48 473
265 26
47 98
193 200
399 387
283 430
444 433
313 239
348 314
245 228
391 436
218 4
115 333
39 144
189 17
415 465
89 188
9 394
137 375
429 39
54 18
35 51
87 78
429 433
321 301
215 237
