88
100
6
27 76 58 13 36 81
14 51 48 28 88 25
12 62 49 69 34 52
77 45 90 55 56 92
76 88 73 85 68 90
70 60 41 39 57 93
67 40 49 30 35 49
46 88 47 29 16 32
23 88 80 13 72 42
59 63 39 69 14 99
50 61 93 47 54 23
82 27 54 30 28 28
50 51 16 79 23 74
71 88 86 68 95 19
38 27 86 53 26 83
23 53 74 80 63 40
94 42 11 53 16 12
70 87 60 85 86 65
49 26 28 27 14 26
15 57 96 24 16 77
24 47 71 97 59 32
41 27 37 72 20 11
93 14 62 43 33 47
56 14 36 56 76 13
100 30 60 86 51 44
82 86 97 51 74 86
78 88 21 40 98 12
62 79 25 22 62 45
16 76 20 82 76 87
79 87 66 76 18 76
52 28 48 69 47 32
96 79 86 26 21 52
70 51 90 39 51 11
16 39 11 45 17 22
92 80 83 70 96 99
22 77 71 57 43 77
88 53 90 85 88 69
32 21 82 38 64 56
75 87 42 98 97 74
55 22 79 40 39 94
17 58 26 19 95 74
75 16 55 75 15 18
54 19 31 69 11 33
11 36 79 52 33 96
34 49 20 88 79 46
46 84 73 89 77 40
65 28 42 15 23 19
82 22 31 90 67 76
40 16 48 74 67 31
92 95 98 63 25 12
75 71 69 70 42 69
43 22 65 21 10 48
26 11 35 61 90 18
70 77 84 14 77 42
70 70 32 33 35 86
72 89 85 65 77 74
46 21 18 85 55 22
55 94 60 13 45 66
92 62 40 61 47 33
14 53 32 96 89 35
12 65 94 94 47 20
17 33 98 65 46 51
13 39 77 64 20 84
42 84 45 24 49 14
21 56 87 21 46 55
89 12 20 99 40 43
70 53 12 19 90 97
41 13 51 16 20 14
79 27 29 72 56 51
28 45 85 31 62 90
86 44 32 30 91 76
31 41 31 24 38 22
27 61 76 20 63 32
50 39 77 41 46 73
68 78 52 48 21 64
15 93 86 59 96 82
14 85 25 51 88 69
41 95 39 18 77 72
50 73 68 77 69 79
23 63 93 30 81 10
84 32 92 84 100 39
66 44 57 88 19 32
10 30 86 97 23 63
82 46 38 17 16 97
85 66 17 44 32 67
28 41 75 39 20 74
46 25 12 51 100 83
36 36 12 71 56 88
69 98 15 87 40 38
100 57 41 91 34 25
74 64 70 60 98 83
67 28 17 19 24 13
97 69 15 18 68 87
71 30 40 59 41 10
89 45 81 67 53 61
47 39 26 27 47 91
33 32 95 12 35 56
99 24 21 96 32 11
57 74 51 42 80 23
36 95 51 96 100 54
0.00046801
0.000273043
0.000483381
0.000400783
0.000254016
0.000456084
0.000302898
0.000143107
0.00040746
0.000229597
0.000408218
0.000346943
0.000137398
0.00027731
0.000117465
0.000499077
0.000321073
0.000373793
0.000270301
0.000320139
0.000226581
0.000334794
0.00032873
0.00019995
0.000263718
0.000186101
0.000448703
0.000116136
0.000269631
0.000235254
0.000205223
0.00012856
0.000481015
0.000305805
0.000191262
0.000217258
0.000420017
0.000206614
0.000156898
0.000428794
0.000118458
0.000268998
0.000370575
0.000103144
0.000172439
0.000129004
0.000170855
0.000275665
0.000431842
0.000305892
0.000483597
0.000402473
0.000455628
0.000125342
0.00032686
0.000318348
0.000189282
0.000372514
0.000405145
0.000479963
0.000218337
0.0003676
0.000260243
0.000274192
0.000476586
0.000393389
0.000262447
0.000378743
0.000497686
0.00048039
0.000328074
0.000400422
0.000390086
0.000304122
0.000150448
0.000258934
0.000294047
0.00027216
0.000493731
0.000181461
0.000205246
0.000161514
0.000371574
0.000171208
0.000345174
0.000273387
0.000114548
0.000106556
0.000394884
0.000373926
0.000391522
0.000226044
0.000184518
0.000499677
0.000296172
0.000221741
0.000304412
0.000185826
0.000261065
0.000475759
83 261
349 306
29 375
54 150
27 136
489 387
258 369
22 261
423 211
234 231
231 22
400 416
145 237
409 459
220 172
233 118
114 422
51 355
286 397
128 169
306 345
360 71
452 61
281 54
28 224
210 280
97 73
149 339
359 85
230 404
154 382
109 265
189 31
252 439
55 261
203 72
55 484
314 233
208 188
293 370
319 221
323 90
126 385
48 262
123 247
410 26
324 251
287 367
439 348
280 198
483 135
352 136
36 88
369 382
321 72
314 353
118 427
4 54
90 290
365 406
120 53
460 244
220 174
493 195
309 220
402 148
177 11
208 216
227 32
201 355
318 158
95 28
58 470
278 403
372 98
362 173
130 357
483 124
213 437
347 207
244 278
412 386
371 4
412 121
141 69
161 441
255 377
257 180
49 167
331 189
19 242
282 278
386 111
412 418
416 127
424 300
223 254
367 61
15 102
465 237
