7
100
6
51 43 82 37 84 99
49 40 51 72 56 37
87 27 44 88 95 49
23 33 94 64 52 91
55 95 56 45 18 49
12 15 81 28 88 14
32 19 99 46 59 82
20 85 28 96 58 68
17 25 61 47 18 40
27 47 29 73 98 53
22 19 41 37 33 34
59 51 97 34 39 98
100 48 98 13 34 27
35 60 48 50 15 11
98 47 10 92 55 26
88 69 39 89 72 30
33 29 83 50 38 50
64 45 74 15 83 76
22 14 16 98 79 62
30 55 80 56 32 25
41 47 43 72 80 48
64 73 43 32 98 66
22 26 44 51 100 63
85 14 96 31 19 44
34 12 66 74 41 73
58 58 42 92 99 49
39 48 48 14 42 12
93 34 57 10 53 100
50 87 91 41 86 22
87 43 37 52 65 68
79 55 12 31 97 44
13 37 25 92 21 65
40 17 45 89 72 68
34 39 83 56 77 27
94 80 86 50 84 44
36 93 48 40 10 45
65 93 69 55 19 45
55 71 26 19 39 54
18 90 70 75 42 84
23 24 34 19 58 57
49 93 40 72 28 43
100 71 26 60 15 28
55 83 14 18 96 76
31 95 94 24 94 25
57 10 96 35 89 50
45 71 89 99 36 21
42 40 69 35 95 50
60 58 100 29 20 37
61 52 87 21 15 47
43 31 24 44 58 97
94 96 67 42 36 66
87 86 74 66 57 45
34 33 79 17 50 18
41 51 38 30 93 89
39 91 24 70 28 19
26 22 54 52 26 74
84 26 16 97 31 81
80 99 40 87 20 86
21 77 72 78 67 68
82 59 18 14 13 23
24 14 64 66 39 29
51 97 50 11 92 35
53 99 68 15 63 96
55 87 51 90 17 92
21 49 68 54 22 12
31 95 70 21 51 33
94 23 73 94 95 38
36 24 29 58 100 57
39 42 54 37 37 57
74 57 22 30 79 50
48 46 57 44 54 12
85 77 94 85 24 93
60 60 49 85 65 19
30 83 41 21 52 63
42 91 96 96 30 44
61 69 32 76 95 52
64 18 100 56 58 51
30 63 14 58 51 91
40 49 31 84 23 15
50 67 41 11 46 67
77 77 67 100 97 87
25 30 38 40 37 18
18 49 93 99 39 53
92 68 12 53 96 15
22 62 84 92 30 61
86 39 55 55 52 23
98 58 66 53 49 73
19 69 67 36 24 11
20 83 30 66 100 19
29 10 96 30 19 47
78 67 11 64 68 96
19 99 45 97 75 55
83 75 25 50 13 15
71 97 22 93 42 31
91 58 34 88 34 77
51 47 20 42 20 92
81 48 73 13 60 48
81 45 62 97 34 96
36 29 83 33 13 22
32 45 68 84 89 18
0.000234592
0.000359573
0.000219144
0.000179581
0.000328985
0.000473457
0.000207018
0.000206365
0.00028365
0.000121577
0.000156994
0.000167197
0.000234685
0.000456384
0.000487656
0.000499193
0.000117988
0.000409441
0.000419134
0.000311991
0.000493171
0.000284985
0.000120344
0.000206564
0.000359406
0.000435074
0.000187236
0.000302334
0.000457228
0.000231595
0.000150009
0.000164149
0.000139036
0.000413907
0.000487884
0.000129305
0.000333624
0.000297714
0.000400954
0.000245064
0.000431317
0.000199524
0.000251197
0.000354466
0.000180984
0.000181144
0.000434937
0.000224408
0.000343763
0.000160595
0.000390762
0.000144433
0.000253594
0.000224344
0.000203084
0.000108128
0.000410787
0.000448718
0.00017945
0.000405082
0.00013143
0.000332131
0.000440772
0.000368705
0.000135381
0.000452451
0.000448466
0.000491924
0.000176228
0.000287692
0.000394545
0.000466718
0.000202589
0.000239162
0.000325417
0.000496824
0.000383478
0.000365852
0.00014673
0.000154641
0.000451858
0.000318852
0.000222961
0.000338581
0.000348882
0.000203091
0.00036199
0.000184693
0.000376558
0.000473905
0.000156938
0.000497218
0.000313749
0.000113582
0.000351688
0.00017732
0.000159377
0.000248825
0.000446083
0.000414167
73 487
276 47
222 166
296 217
342 75
209 313
139 348
456 368
381 146
113 251
465 255
279 425
159 410
390 374
189 196
351 60
195 486
176 60
100 344
382 365
139 319
236 130
139 157
196 487
285 402
498 469
85 413
93 67
309 190
51 235
152 132
499 460
311 365
496 79
61 438
482 390
55 457
451 203
70 26
109 157
262 279
402 66
252 496
206 199
460 415
478 386
380 416
143 11
374 262
62 231
461 214
348 25
197 494
48 264
490 251
7 484
221 247
259 495
424 381
206 172
122 318
380 278
351 354
342 4
68 181
194 65
47 341
216 41
397 201
132 451
265 90
76 123
371 452
469 405
290 305
172 180
334 318
269 250
94 466
424 494
338 154
43 48
134 79
219 447
65 36
318 197
203 282
458 283
356 412
49 364
462 321
430 234
453 224
481 206
127 435
5 270
482 208
150 366
301 36
348 20
