60
100
6
61 35 87 20 82 61
60 100 33 58 58 61
42 80 30 29 95 59
23 48 17 54 75 45
46 66 69 72 47 66
67 50 94 51 46 24
71 81 95 11 41 58
62 63 62 67 91 13
53 27 13 50 87 52
50 12 95 44 16 55
16 34 80 23 40 32
31 79 74 39 28 22
90 38 60 99 71 60
75 23 48 22 21 74
93 81 52 61 49 31
34 15 81 22 88 85
61 69 51 91 74 83
41 85 48 60 91 72
82 99 89 91 26 27
13 15 20 62 91 45
13 23 35 84 32 78
78 46 25 51 29 70
25 36 10 94 35 46
32 65 78 73 10 62
100 21 95 80 87 52
22 68 74 91 29 80
58 96 74 83 18 35
38 64 69 37 97 56
16 55 22 21 11 55
41 76 47 98 12 100
64 99 36 100 84 41
59 80 63 80 38 84
52 37 69 93 39 44
93 99 66 53 10 66
71 23 53 27 50 31
58 59 42 58 84 69
11 85 80 33 78 95
81 86 46 10 77 23
94 72 93 36 82 19
55 12 92 87 25 99
11 33 85 70 15 69
21 74 89 62 89 44
41 84 34 42 96 69
55 70 14 47 51 79
24 91 88 92 57 16
93 22 84 33 23 56
46 28 37 64 80 15
90 18 14 60 54 83
32 84 26 56 95 51
77 37 68 31 60 32
54 45 47 37 75 29
79 24 14 61 80 83
82 24 78 89 94 13
83 100 77 100 23 14
59 70 67 39 84 83
100 39 63 98 91 75
26 65 91 47 28 12
81 51 52 69 25 79
34 54 78 79 31 86
57 28 44 55 74 15
58 67 44 69 61 83
79 38 84 99 63 27
16 97 95 39 60 93
54 75 12 77 29 44
28 72 53 83 10 68
21 10 39 98 92 52
24 98 47 84 99 33
84 29 44 33 94 78
69 30 90 70 54 35
63 95 82 46 31 30
82 32 32 50 52 96
38 57 53 61 32 97
25 39 41 44 39 57
47 27 27 88 18 53
50 32 53 99 48 55
18 91 51 49 85 68
57 72 87 53 43 82
53 86 30 47 33 19
38 42 82 92 53 81
48 73 61 28 60 98
95 47 63 75 93 43
22 38 74 10 84 15
23 18 13 58 48 14
16 48 71 60 23 55
47 50 17 59 97 21
34 45 13 55 73 13
78 15 86 33 85 68
11 50 60 83 49 76
38 18 52 80 31 25
56 85 40 49 34 16
96 54 44 81 29 33
100 95 11 74 27 19
49 91 45 76 10 19
30 93 15 57 34 61
56 58 26 35 82 77
94 52 74 37 90 66
44 79 59 56 75 54
18 81 20 73 35 88
54 32 79 62 62 52
50 47 73 45 12 26
0.000245456
0.000437478
0.000280591
0.000320689
0.000114507
0.00034058
0.000377562
0.000290816
0.000257411
0.000357928
0.000146108
0.000337187
0.000301977
0.000236679
0.000463636
0.000425673
0.000484999
0.000251324
0.00040342
0.000221056
0.000422909
0.000482252
0.000469477
0.000404097
0.000355412
0.000398612
0.000333428
0.000432127
0.000405151
0.000145691
0.000300328
0.00018997
0.00019149
0.000385775
0.00020204
0.000326955
0.000423299
0.000425833
0.000464498
0.000413409
0.000392629
0.000128767
0.000354546
0.000211253
0.000498136
0.000302563
0.000428703
0.000157436
0.000112949
0.000359783
0.000363505
0.000137102
0.000122481
0.000497406
0.000247161
0.000263696
0.000318786
0.00018565
0.000339785
0.000203736
0.000142661
0.000257274
0.000298081
0.000177035
0.000120112
0.000314703
0.000313716
0.000329034
0.00017114
0.000388939
0.000424823
0.000262641
0.000156658
0.000363929
0.000435112
0.000451871
0.000404837
0.00015512
0.000290704
0.000245372
0.000382714
0.000112276
0.00022646
0.00018208
0.000373351
0.000478668
0.000438789
0.000149592
0.000418472
0.000154826
0.000336994
0.000152322
0.000198017
0.000186474
0.000470709
0.000448391
0.000151629
0.000271154
0.000321833
0.000141839
186 96
318 115
109 472
482 301
24 76
289 432
201 292
68 24
155 500
255 190
163 199
20 267
294 157
136 315
327 124
435 325
54 237
107 410
52 72
25 163
130 294
273 192
83 284
444 260
48 406
188 492
92 114
338 237
418 350
309 153
50 74
13 399
173 194
496 87
188 426
167 403
35 263
417 401
464 395
146 51
12 458
29 228
268 384
327 398
329 232
44 138
391 376
375 334
209 212
300 91
237 396
452 490
86 153
178 478
313 30
34 463
183 153
402 348
234 35
83 203
394 157
196 499
216 204
372 364
273 265
340 165
218 470
426 125
230 105
276 226
128 351
474 15
52 48
250 230
115 204
224 399
157 333
18 129
3 232
43 280
95 164
496 14
154 202
181 458
42 424
478 215
91 50
428 240
222 219
208 323
91 485
240 85
8 269
59 448
91 411
76 186
252 38
34 46
164 335
486 251
