17
100
6
29 17 86 63 99 53
63 25 39 86 92 96
50 75 47 76 79 93
46 32 59 18 86 70
62 58 35 94 65 62
13 46 46 14 17 66
29 74 96 77 52 58
23 55 78 18 78 67
95 39 42 36 13 15
19 48 62 46 82 12
91 28 61 74 20 45
29 44 36 13 12 72
62 78 50 42 92 91
76 32 88 91 37 72
33 55 19 73 34 63
32 54 33 68 45 56
34 80 36 57 61 37
63 31 35 48 87 99
90 67 82 12 24 32
26 69 74 23 89 96
100 70 92 35 19 17
15 76 44 49 49 84
71 13 77 82 71 49
44 27 59 33 97 92
28 62 31 25 87 74
52 19 34 26 44 59
19 16 26 43 28 67
53 96 43 83 99 77
44 11 46 92 27 28
58 77 41 21 24 57
29 16 76 68 63 84
34 39 39 100 55 54
91 42 26 76 98 19
52 58 53 77 57 25
21 46 69 51 45 96
84 34 37 76 79 45
56 34 60 88 57 84
59 30 65 20 20 98
58 63 93 38 74 17
22 82 53 12 55 14
65 57 22 56 54 54
89 73 43 14 90 18
48 15 29 51 26 12
40 76 28 75 73 16
78 57 27 86 80 88
81 83 90 36 27 61
87 58 44 50 37 70
80 50 44 16 19 96
37 77 84 15 98 94
30 54 18 88 64 92
12 58 19 31 13 26
77 42 35 22 100 68
46 20 33 13 46 84
24 36 45 39 19 10
23 13 97 50 98 85
56 44 56 13 24 54
88 81 58 16 98 91
77 32 70 67 94 44
100 88 95 45 89 37
90 62 42 65 99 28
14 21 10 75 39 29
43 80 52 16 69 18
44 27 100 15 30 42
72 51 40 79 30 29
20 66 28 19 50 82
91 78 55 16 46 10
20 49 94 12 19 12
49 59 57 72 10 30
49 45 26 18 74 30
23 11 35 95 70 73
73 64 42 37 47 81
18 94 94 77 66 34
93 26 16 93 25 94
10 91 99 96 49 21
60 31 68 25 98 19
64 70 44 12 66 66
45 46 51 37 52 17
23 54 42 68 33 86
86 58 33 56 25 42
24 78 62 38 35 59
37 88 79 89 77 87
38 92 59 68 83 58
53 95 90 18 42 76
91 73 15 82 68 94
38 77 90 62 79 18
73 35 43 87 44 94
26 61 100 90 47 16
44 84 53 52 48 74
26 69 84 36 93 47
83 84 79 71 73 70
25 94 35 99 51 71
94 33 32 40 63 78
82 19 72 46 99 12
59 20 37 44 84 82
21 11 90 45 36 18
75 44 94 30 89 41
15 82 76 67 39 62
35 46 38 93 75 45
78 72 19 29 70 63
96 94 84 53 56 41
0.000376377
0.000184076
0.000470449
0.00042045
0.000118387
0.00044609
0.000173792
0.000423691
0.000340193
0.000437721
0.000279531
0.000271785
0.000140719
0.000232082
0.000189923
0.000186851
0.000282731
0.000203203
0.000166945
0.000339318
0.000216939
0.000171115
0.000436994
0.000173222
0.000124913
0.000285873
0.00028998
0.000305841
0.000374078
0.000394807
0.000221856
0.000489
0.000291073
0.000304041
0.000145896
0.000385732
0.000129108
0.000203478
0.000220572
0.000168958
0.000264447
0.000483687
0.000221332
0.000453236
0.000140918
0.00022527
0.000426736
0.000422462
0.000107898
0.000486492
0.000111585
0.000155389
0.000412495
0.000479066
0.000494814
0.000394862
0.000287647
0.000470861
0.000190482
0.000183377
0.000421031
0.000198303
0.000267133
0.000488037
0.000410142
0.000135046
0.000155605
0.000439031
0.000255249
0.000285306
0.000422824
0.000420583
0.00042606
0.00032283
0.000130322
0.000268447
0.00047276
0.000205818
0.000222905
0.000442603
0.000135062
0.000324759
0.000328891
0.000437301
0.000440478
0.00010518
0.00029713
0.000453671
0.000463607
0.000465694
0.000197121
0.000225828
0.00029809
0.000144547
0.000234283
0.000450662
0.000185757
0.000188317
0.000270808
0.000274704
96 444
299 249
317 414
432 260
460 453
166 150
347 358
212 394
482 303
274 475
168 199
169 329
54 332
114 327
214 469
207 298
76 423
374 380
413 190
296 293
263 144
181 312
32 184
186 123
81 500
439 56
335 187
399 165
42 444
343 55
189 178
138 348
458 432
425 447
288 467
433 132
213 442
320 412
169 146
471 413
478 137
395 389
353 176
380 486
451 382
36 168
352 327
277 23
33 477
206 454
447 489
307 103
452 264
114 450
101 260
207 200
107 100
474 53
223 450
210 26
65 352
44 360
268 251
272 117
124 350
126 294
324 21
468 182
360 188
5 346
43 291
212 218
61 379
135 488
136 57
150 13
94 435
401 476
90 236
59 0
455 314
135 142
380 216
136 223
106 21
313 200
320 276
427 347
14 28
72 376
151 113
184 170
402 50
43 23
182 433
438 370
189 460
422 70
332 376
118 229
