8
100
6
32 83 41 11 80 72
87 32 22 47 27 36
49 95 35 93 13 46
17 68 64 84 30 37
38 57 47 66 10 87
93 37 72 64 24 87
93 11 44 74 33 88
65 23 12 80 39 30
54 49 44 60 43 83
39 93 45 41 95 16
92 89 71 52 40 96
37 55 59 38 17 94
87 49 77 73 13 79
12 33 23 84 61 35
29 98 28 51 14 81
72 93 83 98 18 34
12 42 87 16 79 15
58 75 13 31 70 59
73 62 85 42 60 80
94 58 11 56 96 38
95 30 60 43 13 72
89 91 88 84 43 91
77 14 87 96 12 75
25 50 30 92 15 88
99 69 60 47 15 36
33 50 15 52 27 20
72 62 62 76 84 65
92 23 99 35 52 27
29 24 94 26 19 55
66 85 31 15 27 87
72 26 36 10 82 88
40 58 16 76 59 58
99 90 99 17 85 83
92 10 31 72 13 91
90 71 20 61 12 32
22 11 14 20 93 50
86 50 98 24 10 25
90 83 59 97 48 15
51 60 27 87 32 47
34 30 34 12 87 99
23 34 83 14 79 12
41 12 58 86 51 87
98 77 65 40 22 53
66 65 66 81 50 20
39 76 90 34 71 11
77 91 50 85 62 22
32 49 73 52 49 15
68 74 63 22 13 98
56 52 99 64 26 87
14 53 56 14 71 39
45 87 45 23 52 15
67 94 66 14 29 43
27 57 35 64 83 21
41 62 24 94 93 10
68 58 97 78 98 82
55 91 60 38 34 94
33 19 42 37 45 48
17 63 57 68 36 73
25 46 12 77 38 93
10 26 84 86 39 42
58 80 51 92 82 94
51 91 91 20 16 19
32 79 62 53 17 13
20 84 46 27 37 78
21 25 81 26 73 97
12 50 59 50 63 92
13 79 76 66 91 60
27 88 35 70 54 21
20 96 94 86 61 83
93 97 65 15 100 14
11 86 37 77 53 47
21 98 87 100 22 27
16 49 40 26 37 27
38 100 56 63 92 59
81 88 58 71 44 59
69 49 32 27 39 86
65 34 18 20 14 95
94 49 51 32 95 100
79 46 76 85 47 15
49 99 81 56 82 14
54 76 86 86 90 73
56 49 94 84 70 21
48 70 83 97 96 64
62 11 86 29 10 14
66 68 98 41 21 52
70 63 78 71 56 66
16 86 43 18 31 26
31 84 53 57 84 45
69 46 28 58 38 82
60 50 40 32 82 23
73 55 17 21 46 69
47 66 38 54 16 53
52 64 33 71 10 50
40 16 37 15 71 88
85 38 98 51 11 78
37 36 52 63 33 30
70 17 65 65 92 68
68 71 65 47 94 10
77 48 90 94 82 33
26 55 27 85 10 11
0.000339907
0.000337982
0.000359086
0.000367562
0.000430899
0.000242366
0.000186316
0.000228941
0.000134984
0.000288316
0.000131933
0.000337036
0.000211836
0.000482877
0.000271074
0.000178548
0.000387579
0.000105549
0.000276194
0.000325347
0.000133584
0.000302715
0.00042672
0.000352326
0.000425431
0.00014196
0.000157327
0.000302042
0.000300967
0.000463812
0.000108349
0.000223071
0.000471561
0.000194079
0.000185038
0.000148498
0.000462828
0.000361659
0.000472461
0.000246367
0.000180559
0.000295288
0.000494504
0.000369637
0.000388669
0.000138333
0.000257852
0.000456233
0.000416723
0.000147345
0.000400914
0.000360388
0.000127791
0.000139208
0.000347682
0.000446087
0.000228301
0.000112674
0.000280835
0.000394366
0.000458412
0.000434457
0.000357285
0.00032408
0.00042287
0.000187019
0.00028435
0.000209563
0.000101296
0.000415359
0.000192496
0.000311358
0.000173478
0.000414887
0.000381045
0.000262341
0.000338501
0.00043368
0.000207455
0.000373325
0.000157078
0.00027105
0.000103814
0.000275793
0.000341923
0.000210137
0.000174336
0.000444221
0.000217626
0.000171272
0.000154673
0.000163795
0.000248568
0.000159581
0.000103227
0.00030514
0.000174265
0.000106461
0.000184977
0.000275922
139 231
426 166
64 215
495 27
360 172
486 191
8 183
329 240
58 33
498 34
114 219
459 54
90 193
407 261
253 480
181 312
488 387
427 382
465 302
239 274
129 87
110 391
273 492
113 112
383 143
435 290
216 85
239 412
396 135
246 145
263 45
174 263
236 134
134 371
437 350
371 73
286 337
196 44
138 93
497 268
213 476
456 94
373 138
297 97
94 186
171 398
430 177
208 492
432 255
207 124
231 500
114 93
436 74
468 5
490 371
258 102
311 394
355 435
333 71
31 15
459 442
384 112
303 442
68 489
388 342
411 403
166 289
224 394
356 208
281 132
153 401
170 30
268 92
350 85
54 90
62 328
117 62
110 88
398 41
193 287
323 432
49 351
191 32
413 217
173 54
467 483
117 211
202 495
444 247
283 132
303 462
17 33
465 207
43 230
35 1
207 232
309 299
489 41
471 432
5 440
