20
100
6
65 75 79 14 52 18
86 35 91 96 79 57
68 97 54 59 34 54
65 61 37 74 78 39
77 32 90 78 24 29
87 42 93 57 63 20
19 27 18 73 15 68
99 48 49 30 54 22
51 46 80 54 65 15
76 56 49 75 30 71
44 88 18 84 69 84
93 14 54 53 75 55
75 17 25 22 93 54
72 96 18 21 22 45
20 91 51 41 30 78
94 14 80 11 67 10
14 38 71 91 60 74
99 24 30 65 32 13
21 69 69 87 33 92
32 43 89 13 43 41
26 21 56 100 65 15
66 62 22 81 53 68
53 13 45 90 75 71
28 95 74 10 95 35
93 29 21 77 24 19
46 31 13 45 67 57
40 65 66 20 86 36
25 14 63 12 76 67
71 56 47 58 60 62
76 100 26 52 57 36
52 55 72 37 95 60
48 47 42 19 60 40
19 52 76 87 78 67
40 75 50 63 42 39
22 10 20 38 21 87
68 11 66 51 66 94
37 16 11 75 71 25
85 11 70 100 44 16
55 53 13 86 20 61
54 71 66 76 94 10
92 36 92 26 24 31
36 97 85 28 99 43
45 22 100 48 67 61
44 34 55 39 24 47
55 32 48 95 19 88
94 43 17 74 71 87
86 37 33 91 17 66
54 93 59 13 88 86
11 45 46 80 88 40
55 97 89 61 69 13
34 41 87 21 62 16
30 67 26 31 47 91
95 30 52 51 73 31
86 88 53 42 91 27
10 39 30 74 51 47
67 81 63 67 16 75
48 68 80 44 47 42
69 63 75 18 37 67
10 55 76 100 74 37
28 24 61 80 29 51
93 84 94 64 56 49
23 12 20 79 20 82
23 18 66 14 47 85
50 52 81 52 55 76
72 45 23 50 56 35
82 28 34 55 34 45
39 77 17 32 18 86
87 10 44 83 55 16
72 79 12 100 23 64
44 61 88 19 88 83
76 63 38 100 23 34
86 74 90 91 62 59
16 80 13 100 11 36
61 98 25 53 77 53
51 11 50 14 69 22
64 98 23 77 43 30
98 38 28 30 31 75
79 41 94 17 71 11
60 83 53 83 77 81
18 18 19 39 92 36
15 97 54 97 80 86
28 18 59 34 60 66
71 67 77 27 43 61
77 46 82 100 28 56
54 80 41 60 37 84
47 21 34 64 62 10
36 70 80 53 21 24
66 90 82 76 78 30
30 66 36 44 46 20
51 87 88 47 43 85
13 50 98 85 51 46
57 47 19 38 51 84
20 58 63 28 29 37
16 74 69 91 66 88
95 59 13 37 94 57
22 90 41 90 75 49
51 80 85 86 63 99
95 52 22 20 26 14
74 21 92 73 20 45
10 94 18 36 27 27
0.000401861
0.000190632
0.00019307
0.000113111
0.000240736
0.000252691
0.000203919
0.000335856
0.000151476
0.000159089
0.000272361
0.000364054
0.000467529
0.000403869
0.000253888
0.00047815
0.000227393
0.000302893
0.000265053
0.000137154
0.000274697
0.00033211
0.000484012
0.000270315
0.000308564
0.000432781
0.000143234
0.000276666
0.000191583
0.000438585
0.000366833
0.000353112
0.000155967
0.000160228
0.000306962
0.000247688
0.000143999
0.000303241
0.00022019
0.000317806
0.000369877
0.000333196
0.000470804
0.000406995
0.000143615
0.000165623
0.000377415
0.000208177
0.00043039
0.000439192
0.000135981
0.000495098
0.000237859
0.000302973
0.000265962
0.000195664
0.000178316
0.000237925
0.000358402
0.000298318
0.000185743
0.000359774
0.000421794
0.000366069
0.000444679
0.000106775
0.000400602
0.000404947
0.000225903
0.000306757
0.000316041
0.000358544
0.000180988
0.000389677
0.000374901
0.000454045
0.000167185
0.000252396
0.000399284
0.000405113
0.00037242
0.00021557
0.000242095
0.00043235
0.000378463
0.000468911
0.00044156
0.000432547
0.000493668
0.000150567
0.000203978
0.000416691
0.000389529
0.000222408
0.000193388
0.000262573
0.000172656
0.000264234
0.000119407
0.000265636
498 198
352 126
132 48
274 476
276 64
16 55
88 70
50 488
399 84
187 358
430 348
246 272
83 79
487 39
225 309
232 126
220 205
71 389
488 486
160 260
93 440
340 414
258 153
257 346
375 216
130 475
466 490
233 257
369 86
316 119
386 21
195 437
89 489
497 193
402 256
14 201
99 463
495 66
95 92
494 207
361 81
212 30
204 158
90 69
243 244
339 304
240 332
448 132
316 224
135 297
232 164
481 345
251 51
247 335
311 337
265 186
248 359
103 421
388 68
493 499
52 278
364 426
215 448
268 149
239 272
412 43
406 408
409 374
302 328
40 432
465 324
246 313
50 55
390 135
29 176
452 206
176 446
261 481
341 288
168 283
233 170
105 107
449 397
142 413
81 339
62 36
118 173
367 310
261 64
167 182
350 476
23 37
122 71
100 343
121 328
267 45
51 119
199 201
357 354
460 356
