53
100
6
25 45 17 62 91 44
93 96 86 44 97 54
47 19 80 70 87 71
35 15 95 86 42 69
79 93 16 79 67 83
13 83 23 60 44 73
78 80 22 67 97 59
16 62 56 83 21 34
21 85 74 75 79 16
23 65 84 73 86 85
37 91 99 24 22 35
100 27 50 75 89 45
17 11 85 38 49 22
87 48 18 26 40 41
51 36 10 90 70 73
67 92 20 66 84 27
10 89 81 23 66 13
58 85 23 50 49 22
28 51 34 67 26 15
68 67 38 88 98 16
63 60 68 52 99 75
59 49 57 67 80 11
11 62 23 54 17 18
70 80 56 82 52 97
74 92 37 80 85 31
46 21 85 20 62 87
73 76 22 71 51 27
65 64 71 82 81 13
47 17 42 33 63 50
94 84 35 56 35 95
28 90 46 87 32 32
76 66 55 72 20 32
55 26 35 87 15 30
97 81 48 43 14 11
85 28 99 90 81 58
92 60 53 75 62 58
53 23 36 60 29 28
21 30 98 83 94 30
44 44 90 47 34 35
49 83 88 85 34 79
18 43 91 83 71 56
43 91 35 48 27 96
52 63 12 92 92 23
97 67 41 55 73 64
34 52 57 51 89 72
26 57 54 72 36 96
77 46 17 97 31 43
66 58 65 63 68 39
29 22 65 30 30 73
97 81 55 94 14 48
86 42 62 24 67 21
42 52 78 30 39 72
52 55 20 65 81 27
52 43 31 87 69 13
66 41 31 91 89 86
16 49 26 71 31 27
88 82 79 89 41 94
43 44 26 88 18 79
60 18 63 34 22 45
63 59 99 80 63 79
79 69 85 24 63 51
20 26 93 70 50 67
36 91 65 31 91 65
83 14 20 99 59 15
100 76 44 95 31 92
46 67 24 49 31 26
65 42 41 68 45 49
29 100 82 24 93 78
77 70 48 21 62 47
60 11 15 92 57 91
36 24 12 28 18 75
27 64 58 55 44 27
65 92 76 72 40 33
56 65 90 28 72 52
27 53 14 27 39 42
86 79 20 11 85 16
70 88 26 16 85 34
78 94 62 43 89 34
45 61 66 22 92 71
95 15 44 57 99 69
51 99 100 22 83 33
82 62 41 69 51 90
79 52 20 35 40 80
21 59 22 78 52 29
50 16 87 12 41 77
46 27 39 32 33 19
71 32 73 85 73 62
69 26 66 67 94 54
38 52 21 73 28 13
97 38 62 61 42 22
100 89 84 13 78 44
66 18 56 59 93 21
72 98 70 50 33 45
98 10 41 58 95 41
18 38 52 46 53 99
81 56 77 76 53 51
37 31 87 50 17 97
12 25 24 99 34 25
47 43 59 32 54 40
14 38 11 55 45 92
0.000437926
0.000146046
0.000386264
0.000352033
0.000114693
0.000491575
0.000200791
0.000301692
0.000224882
0.000468272
0.000148536
0.000262027
0.000123124
0.000235919
0.000269164
0.00049387
0.000412361
0.000212777
0.000272548
0.000398365
0.000465744
0.000284645
0.000215109
0.00047592
0.000327678
0.000232993
0.000203164
0.000294191
0.000177665
0.000315095
0.0003165
0.000123683
0.000454419
0.000477281
0.000489167
0.000118957
0.000452419
0.000166999
0.000395382
0.000222895
0.00048382
0.000362327
0.00031469
0.000269707
0.000295439
0.000497972
0.000273873
0.000123702
0.000442569
0.000399703
0.000384033
0.000152041
0.000190256
0.000146725
0.000264344
0.00013735
0.000212228
0.00042858
0.00030482
0.000428751
0.000139738
0.000190124
0.000441519
0.000137132
0.000170612
0.000285073
0.000246828
0.000120475
0.000426541
0.000214327
0.00018161
0.000430627
0.000394064
0.000333988
0.000332024
0.000375309
0.000189863
0.000366077
0.000324972
0.000139637
0.000439329
0.000197478
0.000104009
0.000394497
0.000493716
0.000474797
0.000132524
0.000125951
0.000451325
0.00035773
0.000246627
0.000364946
0.000400207
0.000303887
0.000197391
0.00038565
0.000123067
0.000457869
0.000214785
0.000227322
486 111
263 131
351 364
495 140
138 316
371 368
173 124
194 152
195 125
118 446
271 373
360 206
355 19
479 322
338 377
87 107
345 136
6 291
460 107
274 277
414 479
139 477
167 474
266 305
139 464
364 290
250 430
373 159
417 287
260 310
296 472
288 38
265 247
392 91
332 397
192 142
425 237
207 4
217 125
237 436
115 414
93 342
141 469
229 56
411 420
444 459
400 468
261 359
120 5
54 154
164 161
93 291
487 113
341 434
229 45
261 15
405 122
195 498
69 252
20 482
212 251
329 99
82 163
332 203
400 428
61 431
487 429
92 497
489 253
87 299
200 442
331 297
195 76
193 74
220 346
95 200
401 244
61 445
458 258
173 123
379 151
286 283
414 323
201 461
62 367
387 380
248 119
373 354
30 310
214 225
130 284
134 484
43 32
208 494
380 417
258 399
477 43
244 434
134 436
74 394
