96
100
6
55 75 88 54 92 31
45 45 31 79 69 90
28 46 56 94 14 12
46 12 28 96 38 71
21 89 41 28 96 19
38 65 13 37 64 32
33 99 12 87 31 51
87 37 38 34 56 55
70 94 94 24 59 51
66 20 24 30 70 33
81 76 38 81 37 38
29 78 41 47 82 33
13 43 43 21 59 51
54 78 47 76 14 23
21 44 69 95 24 33
38 92 41 48 33 67
91 27 47 66 22 38
14 55 98 30 30 40
26 52 79 76 21 31
66 49 27 94 77 20
89 28 80 69 79 69
79 69 76 23 69 82
69 69 57 19 100 72
27 75 54 42 91 11
62 72 53 38 80 35
49 30 68 59 41 27
56 59 84 29 95 61
52 27 68 33 73 17
61 37 28 52 77 42
95 55 75 59 87 93
68 100 85 87 85 20
63 78 33 11 31 62
12 13 11 93 80 27
82 16 36 66 78 67
66 52 60 70 12 15
36 91 40 26 14 17
15 86 87 96 35 73
90 81 94 78 55 94
44 38 46 19 73 22
24 43 73 74 54 49
13 22 23 90 13 45
57 97 68 26 25 34
80 91 95 18 90 78
65 45 85 60 99 32
53 47 60 95 77 26
28 50 15 62 61 52
80 74 96 45 52 53
54 10 40 32 88 52
47 21 57 59 47 83
25 38 59 88 69 66
81 51 19 92 22 42
31 39 21 35 90 28
96 53 43 61 75 77
35 46 94 34 10 100
54 92 65 64 28 97
77 25 45 81 68 28
53 17 57 69 90 60
32 30 56 61 27 40
77 98 57 18 91 26
100 32 56 84 22 45
61 83 78 59 42 33
66 27 18 91 92 58
87 69 82 34 89 67
19 30 64 75 74 45
84 58 45 15 79 63
61 17 43 63 11 100
63 12 97 45 82 99
18 79 68 59 11 21
98 67 94 27 87 94
69 11 26 61 53 13
50 47 52 12 31 38
13 56 47 60 79 33
39 93 10 25 26 50
64 64 26 27 71 93
25 41 35 52 26 62
82 22 47 68 59 80
53 73 39 94 46 34
83 97 82 81 10 13
88 11 95 53 94 20
81 51 21 51 16 57
44 54 58 28 78 50
10 100 97 27 16 30
39 73 13 61 53 52
13 73 100 76 34 71
96 93 31 34 63 40
14 39 23 26 92 37
40 51 15 46 73 74
17 89 17 81 83 78
94 80 27 44 63 14
94 27 99 56 60 47
10 83 57 63 61 69
41 93 85 96 19 32
84 61 10 90 31 10
100 58 90 83 51 22
87 93 95 80 74 95
92 93 55 47 57 14
48 63 36 19 36 42
60 47 69 50 23 39
16 79 76 15 34 52
11 40 69 83 50 71
0.000390318
0.000467053
0.000400393
0.000109491
0.000211915
0.000339731
0.000103111
0.00041278
0.000247831
0.00019489
0.000497806
0.000462944
0.000370457
0.000202732
0.000269735
0.000111307
0.000236597
0.00029644
0.000371379
0.000184384
0.000449564
0.000101512
0.000358726
0.000171076
0.000198377
0.000345695
0.000149193
0.000387835
0.000340822
0.00041683
0.00011375
0.000234935
0.000248591
0.000485261
0.000163081
0.000263218
0.000143457
0.000240695
0.000488371
0.000351039
0.000431998
0.00041919
0.000459459
0.000375671
0.000360641
0.000353064
0.00020994
0.00038275
0.000381725
0.000392658
0.000478316
0.000249654
0.000160552
0.000141723
0.000411341
0.000106431
0.000359808
0.000481507
0.000265472
0.000140319
0.000274972
0.000357125
0.000381467
0.000206045
0.000328697
0.0001447
0.000209983
0.000205202
0.000480491
0.000489508
0.000483985
0.000166918
0.000191415
0.000202604
0.000227184
0.000402787
0.000224495
0.000162733
0.000469583
0.000495346
0.00010808
0.000178793
0.00041616
0.000163526
0.000464161
0.000163555
0.000450758
0.000442417
0.000394186
0.000285869
0.000284818
0.000493341
0.000168858
0.000118747
0.000114659
0.000286491
0.000349415
0.000135629
0.000194829
0.000249958
362 35
254 354
374 166
260 238
390 126
343 118
298 161
54 183
339 163
92 120
246 385
390 332
239 277
337 158
428 189
444 99
325 233
445 431
219 414
254 166
326 444
435 314
144 435
321 331
190 101
144 329
83 33
239 497
393 415
130 313
347 496
43 314
136 188
187 428
152 5
123 173
462 31
400 178
367 226
200 92
255 171
478 324
450 452
178 23
250 286
276 271
302 68
240 422
235 408
81 276
31 335
216 339
21 153
228 331
160 134
374 471
436 28
353 133
174 279
330 1
440 416
297 206
185 172
65 146
278 328
199 393
135 197
334 343
313 139
80 134
442 188
459 443
175 73
27 0
132 273
221 234
287 125
170 144
386 437
365 140
326 274
383 310
281 201
103 415
408 111
86 114
398 204
463 234
122 478
124 424
181 461
433 374
310 259
89 173
321 40
489 96
356 92
455 307
264 13
199 49
