31
100
6
62 25 46 24 11 69
40 53 23 39 98 74
83 86 98 30 27 15
76 77 38 48 16 89
59 12 24 47 59 43
50 95 100 90 50 65
71 81 26 84 22 70
86 38 79 22 96 40
89 30 96 26 10 83
59 92 45 96 60 13
64 89 38 17 67 82
61 87 15 85 11 59
44 14 40 64 15 54
23 46 23 44 28 79
92 13 97 36 21 24
92 82 34 14 44 17
77 12 30 74 45 94
49 63 18 24 71 25
51 85 44 60 40 45
21 46 66 35 59 99
76 32 63 29 20 99
73 21 29 91 49 100
98 29 33 13 100 17
11 12 75 27 91 44
83 83 39 98 98 12
69 86 79 13 86 88
73 55 22 15 94 55
93 95 43 78 19 80
15 28 75 34 77 24
42 81 28 10 14 96
29 73 93 97 20 25
62 40 75 11 51 64
69 10 73 70 63 71
61 100 26 80 49 60
25 86 12 21 28 62
33 25 94 12 28 80
82 46 95 98 42 85
46 20 73 60 45 88
38 90 75 56 14 69
71 57 10 26 66 31
27 76 99 11 63 52
94 38 88 71 52 39
16 80 65 73 64 15
48 99 60 69 75 82
80 48 25 31 59 36
92 42 96 20 40 35
46 100 75 17 65 90
73 88 79 24 40 19
51 14 10 68 92 12
88 60 25 40 45 45
66 59 81 61 32 31
49 55 14 23 85 36
64 99 77 55 60 39
15 46 99 88 32 65
73 88 76 39 37 85
70 34 82 82 98 65
50 14 78 55 93 16
50 47 43 49 100 76
56 47 11 70 62 61
77 22 20 26 53 46
80 51 88 83 51 53
15 87 64 86 35 25
42 13 86 55 56 76
96 31 16 94 91 71
49 59 77 77 57 82
28 12 53 17 88 70
72 45 14 14 43 67
28 35 53 41 30 33
72 51 50 10 87 52
87 36 46 10 100 70
58 31 41 66 43 47
28 43 99 18 84 21
57 60 55 78 68 53
34 35 18 68 70 90
60 58 94 48 99 73
64 51 80 60 76 92
65 57 76 65 57 27
19 23 84 20 29 35
32 15 14 21 10 10
70 83 87 31 80 42
77 87 28 76 46 64
60 55 12 59 33 43
68 76 71 57 51 70
43 70 39 57 12 58
75 34 10 48 93 32
29 49 55 87 52 78
35 23 64 76 74 34
73 79 52 52 70 21
67 81 80 49 85 92
79 40 50 97 60 73
70 16 56 100 14 23
11 35 98 65 88 58
34 53 27 24 33 60
87 89 99 66 15 20
71 34 48 86 10 16
67 77 68 98 77 14
81 87 86 67 91 96
86 59 44 62 100 67
71 81 48 20 35 73
37 74 13 55 32 16
0.000294812
0.000306733
0.000424235
0.000384336
0.000157816
0.000210794
0.000167925
0.000444125
0.000248048
0.000293749
0.000148464
0.000248263
0.000239701
0.000441454
0.00040727
0.000450837
0.000227268
0.000410671
0.000348526
0.000286412
0.000493612
0.000459666
0.000131357
0.000380579
0.000172353
0.000261663
0.000198867
0.000190203
0.000226818
0.000190783
0.000235695
0.000438233
0.000454636
0.000422146
0.000183474
0.000229415
0.000356308
0.000340301
0.000273708
0.000307378
0.000235965
0.000386157
0.000329205
0.000323499
0.000242156
0.000422744
0.000184926
0.000277293
0.000397553
0.000204794
0.00024529
0.000477354
0.000163371
0.000254108
0.000145842
0.000455478
0.000232565
0.000413922
0.000243271
0.00040026
0.000430297
0.000342003
0.000291972
0.00014135
0.000197109
0.000275094
0.000479246
0.000130097
0.000298828
0.000273011
0.000104505
0.00045984
0.000210924
0.000151825
0.000326588
0.000223017
0.000196534
0.00036611
0.00032946
0.000337282
0.000101538
0.000478106
0.000344864
0.000320711
0.000152716
0.000118721
0.000480703
0.000197465
0.000348471
0.000481581
0.000378267
0.00015692
0.000345188
0.000368312
0.00024152
0.000369296
0.000476534
0.000133018
0.000279215
0.000477281
472 60
157 265
454 389
266 195
371 31
169 354
319 333
425 138
1 445
182 148
350 62
470 20
2 148
348 231
250 217
261 177
430 193
291 286
485 439
191 74
82 338
408 42
368 348
128 184
292 356
199 417
346 159
473 355
345 346
9 132
340 417
366 464
240 409
77 448
133 341
405 140
249 78
128 184
53 108
322 382
175 189
361 424
456 450
442 49
43 294
158 327
317 454
241 50
172 156
313 3
226 243
264 251
58 451
127 96
57 46
392 60
474 6
397 82
500 428
458 327
168 274
334 445
184 368
483 12
191 423
241 273
273 353
218 352
89 453
221 461
136 12
433 354
237 165
136 1
438 192
28 22
488 29
376 376
349 333
409 12
437 447
237 410
43 355
43 94
283 125
420 399
466 329
191 283
437 422
359 466
129 276
252 151
116 374
399 347
395 336
370 246
481 146
218 349
195 200
2 23
