2
100
6
39 77 94 63 88 60
94 38 99 48 54 93
32 86 69 65 80 66
20 83 71 13 46 16
49 51 25 87 40 45
34 72 39 43 62 78
10 68 45 21 89 93
37 59 47 31 86 78
85 45 47 69 35 32
87 58 54 100 99 53
82 83 54 17 46 33
18 31 10 49 75 50
84 85 36 48 82 20
34 68 33 12 52 18
18 54 14 14 44 26
57 37 67 80 66 39
45 25 22 31 39 78
40 91 39 72 48 93
76 17 30 51 86 59
29 30 67 57 65 45
77 66 97 41 54 21
75 12 55 52 10 98
65 88 23 60 84 29
11 21 62 86 78 78
71 43 55 54 65 95
21 95 72 70 79 75
57 23 39 15 50 36
99 100 46 33 20 10
64 96 64 88 75 27
96 67 50 56 84 96
78 15 11 20 63 19
15 16 25 88 10 43
83 95 100 56 55 64
29 20 96 82 98 58
89 60 70 76 28 31
63 75 91 60 60 37
31 35 11 74 71 87
72 12 46 70 42 32
56 56 21 25 37 28
72 18 35 25 15 23
80 16 67 53 68 17
92 93 43 45 28 43
86 76 71 64 19 74
41 77 54 45 77 66
51 69 27 66 29 82
46 24 68 21 64 29
55 48 87 30 37 42
49 99 97 83 70 68
86 26 24 32 90 83
31 71 98 99 19 86
51 36 32 65 51 63
22 55 70 80 68 64
12 16 69 59 56 48
77 56 35 48 32 58
49 76 95 83 29 93
95 34 71 69 60 54
34 81 18 45 23 61
10 44 47 27 44 68
77 71 65 27 81 17
98 44 36 82 36 50
20 51 55 97 14 44
80 67 79 96 40 48
49 34 92 98 78 58
14 26 98 42 91 66
99 43 84 42 31 36
99 91 16 53 93 58
19 36 27 63 50 72
57 54 78 11 64 30
22 16 73 46 43 17
74 37 63 85 63 78
12 36 43 52 92 83
31 18 45 72 38 56
15 90 36 85 63 16
28 82 97 65 25 19
87 93 63 96 38 100
69 61 41 82 63 35
61 56 97 16 28 43
23 80 77 58 28 21
35 38 44 95 31 67
62 60 43 61 82 39
26 82 28 94 21 48
17 83 95 56 20 74
50 38 70 23 55 84
68 79 44 23 79 30
74 54 41 97 100 64
21 55 84 48 44 26
26 78 97 84 83 28
62 64 92 19 50 39
85 93 53 68 42 64
39 48 46 69 92 48
92 88 23 55 78 97
22 73 88 60 41 16
17 68 12 11 14 96
49 63 13 63 17 77
90 25 38 97 75 15
31 61 40 70 39 37
100 40 65 30 74 37
29 96 58 89 52 58
47 65 61 73 28 46
50 37 50 73 38 81
0.000335915
0.000408519
0.000270852
0.00013463
0.000385562
0.000237211
0.000432869
0.000134121
0.000228599
0.000393025
0.000134253
0.000276313
0.000140808
0.000280781
0.000122558
0.000268471
0.000350333
0.000191313
0.000475833
0.000144969
0.000330852
0.000336331
0.000314504
0.000168611
0.000465672
0.000464211
0.000385264
0.000176744
0.000126887
0.000250945
0.000371622
0.000117291
0.000410075
0.000481761
0.000355282
0.000496881
0.000225587
0.000416252
0.000289724
0.000405209
0.00022756
0.000450104
0.000459454
0.000434992
0.000328159
0.000382543
0.000369492
0.00023007
0.000128397
0.000170699
0.000349693
0.000487002
0.000334812
0.000402269
0.00047003
0.000476903
0.000163042
0.000394219
0.000403249
0.000243198
0.000114545
0.00037941
0.00018915
0.000116975
0.000386334
0.000490519
0.000340517
0.000191834
0.000170565
0.000153859
0.000266065
0.00047529
0.000445297
0.000134713
0.000482569
0.000374988
0.00012016
0.000400621
0.000474972
0.000226674
0.000129028
0.000248799
0.000161284
0.000138485
0.000140686
0.000404728
0.000393202
0.000479195
0.000321647
0.000479765
0.000360037
0.000138276
0.000317686
0.000183242
0.000427317
0.000217338
0.000199785
0.000217827
0.000142428
0.000448421
139 489
433 100
498 476
212 299
114 346
18 209
182 183
4 206
73 440
318 234
247 377
479 24
457 403
170 163
315 276
159 82
461 383
80 355
119 471
63 292
132 386
305 273
24 116
421 4
29 313
313 445
474 173
37 254
80 40
327 325
464 110
129 7
415 429
233 104
96 420
312 160
377 406
0 14
264 38
328 99
376 171
177 162
20 320
396 335
191 450
269 211
9 42
186 409
68 127
144 194
373 325
272 267
251 465
158 71
283 335
308 243
59 83
400 357
53 36
242 66
62 37
184 475
175 235
360 333
19 287
84 418
345 146
455 20
118 283
192 150
189 183
389 289
496 121
486 415
110 300
167 33
172 79
69 395
277 483
403 494
113 489
482 241
398 81
122 279
380 253
351 448
55 62
469 66
261 473
99 53
295 105
324 328
168 170
143 78
256 348
329 125
192 193
266 480
449 93
247 116
