34
100
6
97 98 85 84 90 86
38 81 22 17 19 63
14 63 25 25 94 93
55 14 90 65 31 49
91 14 39 42 58 37
42 18 71 93 70 34
26 81 33 55 44 73
83 100 90 64 71 31
16 90 90 10 63 80
39 19 74 15 10 67
83 51 30 31 90 100
80 61 44 67 74 37
87 60 53 24 87 21
18 48 47 60 80 34
81 18 27 53 17 38
74 56 36 87 63 31
76 59 70 37 89 76
47 22 42 77 17 34
47 28 64 84 26 100
59 61 33 15 22 55
31 48 35 61 57 60
16 43 57 93 19 60
12 36 84 82 42 55
52 24 87 60 59 43
78 83 46 11 13 93
59 63 36 42 37 98
18 85 22 32 51 19
40 73 95 94 10 62
75 49 96 43 13 61
56 73 93 96 83 60
70 70 27 71 37 30
35 97 52 62 10 67
54 17 93 87 39 98
99 83 49 86 17 66
25 100 45 14 65 26
23 28 47 68 60 49
17 20 93 46 25 72
41 11 10 94 37 65
92 82 92 35 57 50
16 23 14 66 69 37
91 24 76 88 10 60
48 56 50 100 80 85
45 68 38 93 36 30
45 71 43 56 45 41
30 74 32 34 12 79
68 47 10 23 83 94
36 90 85 10 76 73
68 51 14 97 31 15
99 46 26 100 93 39
53 66 31 26 33 67
33 80 20 90 21 63
82 80 43 12 80 43
51 46 41 47 86 75
71 20 28 45 98 56
62 75 84 92 41 14
30 64 59 31 69 90
48 42 55 26 55 95
96 55 27 47 68 94
64 54 12 68 49 87
96 26 54 48 82 75
91 34 88 79 66 11
22 55 87 49 66 56
18 20 93 84 73 56
66 34 72 100 24 20
90 58 96 41 91 14
21 70 43 47 79 21
18 10 17 84 78 69
82 30 50 47 64 16
38 34 45 63 70 52
42 87 13 87 69 70
26 43 29 26 44 81
35 72 57 52 83 34
59 100 70 50 92 51
50 27 24 14 79 23
86 15 78 56 47 89
26 32 23 81 97 50
61 82 73 70 40 42
13 64 81 81 24 90
89 90 92 80 13 68
33 94 68 41 31 14
74 81 30 95 80 17
54 27 72 60 12 51
82 92 85 95 89 78
59 27 49 66 11 51
34 74 75 46 99 72
15 27 14 19 51 92
92 11 68 58 71 28
23 29 18 54 99 27
10 49 30 16 77 65
23 13 50 38 34 26
52 43 65 45 99 11
12 40 62 71 33 92
15 87 30 36 53 93
61 57 32 46 47 91
26 19 47 41 44 94
60 61 94 55 18 15
56 18 11 73 82 36
51 70 70 100 99 83
24 81 92 84 14 11
60 47 12 30 68 51
0.000393893
0.000306582
0.00017637
0.000242438
0.00041623
0.000379491
0.00010338
0.000146577
0.000185281
0.000359456
0.000416378
0.000323887
0.00036519
0.000318871
0.000348488
0.000433514
0.000161255
0.000181454
0.000105237
0.000192762
0.000159515
0.000165622
0.00039645
0.000434659
0.000495149
0.000140213
0.000221529
0.000300211
0.000282336
0.000173734
0.000472478
0.000437825
0.000377299
0.000411968
0.00028189
0.000298949
0.000140025
0.000111783
0.000204377
0.000272223
0.000361725
0.000324632
0.000359513
0.000162747
0.000195362
0.000279411
0.00012307
0.000232162
0.000292077
0.000155349
0.000250294
0.000244379
0.000391951
0.000357789
0.000285803
0.000298351
0.000438882
0.000491116
0.000401126
0.000132839
0.000171422
0.000295097
0.000164542
0.000366903
0.000469491
0.000432615
0.000170854
0.00034071
0.00031547
0.000422461
0.000212616
0.000422582
0.000398224
0.000345843
0.000236644
0.000409308
0.000236702
0.000481051
0.000374252
0.000237431
0.000345742
0.000405033
0.000421221
0.000100992
0.00012739
0.000143083
0.000257209
0.000403716
0.000403689
0.000465362
0.0001275
0.00036165
0.000197844
0.000148083
0.000167093
0.00014893
0.000388697
0.000440257
0.000146228
0.000460859
428 430
248 388
232 485
292 225
247 272
437 239
24 175
257 106
323 147
486 383
288 215
368 500
226 222
89 458
461 21
44 21
399 194
241 452
476 160
466 123
323 48
68 177
413 330
362 154
131 120
408 138
202 139
314 366
384 19
484 237
491 351
241 31
354 500
353 267
461 27
372 57
202 460
173 391
22 97
322 308
36 295
388 267
10 381
53 73
415 319
354 63
488 252
277 366
224 313
428 327
483 329
108 122
25 198
95 408
163 369
397 217
305 137
68 361
235 451
442 392
434 432
47 256
294 180
355 404
149 386
137 255
149 277
388 373
145 120
121 20
421 428
426 483
400 356
451 299
323 197
77 451
485 48
247 324
311 262
49 214
494 323
415 161
97 384
447 147
85 349
162 275
493 36
219 488
68 378
278 125
399 128
294 328
121 368
54 211
338 302
164 216
445 475
359 235
492 367
480 248
