1
100
6
13 34 75 66 48 99
69 33 93 56 85 45
78 18 49 76 57 41
24 89 61 92 92 24
51 26 37 83 48 11
28 47 66 41 67 57
56 23 38 57 51 60
38 75 75 19 85 80
49 11 64 60 23 39
36 64 61 53 90 77
66 18 31 72 67 99
97 37 97 65 40 37
97 90 93 10 81 92
22 19 38 26 33 78
24 21 20 46 23 38
70 29 31 87 81 60
55 58 47 64 49 63
61 34 64 68 58 74
24 13 48 26 45 33
12 80 36 13 52 75
21 75 98 86 96 98
27 95 56 36 70 18
57 15 72 52 59 96
94 53 55 92 71 41
87 43 56 18 88 46
52 11 12 39 19 21
73 27 68 53 89 62
36 61 26 84 33 97
89 75 24 60 12 96
41 83 99 32 91 74
90 33 74 63 67 89
99 79 57 79 81 62
21 71 45 73 71 97
87 64 93 44 43 45
30 19 36 90 24 82
85 32 33 30 70 33
65 58 68 78 75 68
98 64 54 55 58 86
16 32 27 49 25 39
27 24 69 34 39 72
33 76 91 26 67 58
39 44 28 62 57 56
83 61 79 91 39 23
17 96 78 68 23 17
62 29 34 55 26 63
11 64 30 72 57 92
26 58 33 88 98 37
19 100 77 38 42 97
37 28 12 52 98 66
16 81 40 36 16 70
62 66 80 85 84 12
52 15 25 34 41 92
48 18 60 80 96 29
24 98 41 57 54 28
65 11 35 21 86 29
61 65 83 66 79 95
31 46 51 26 87 52
40 48 48 37 16 92
31 78 90 29 36 96
25 35 72 74 78 50
25 18 87 92 69 85
58 58 14 24 48 42
87 68 20 60 80 41
79 38 70 56 72 45
84 51 70 43 69 56
45 32 84 56 64 87
92 36 38 68 55 53
54 72 17 38 66 61
70 13 42 86 82 92
77 57 36 69 98 20
21 48 100 78 23 22
29 37 81 95 93 99
35 61 67 21 23 58
75 83 99 50 53 73
51 43 66 94 90 23
15 92 83 88 10 69
43 50 18 31 60 69
99 28 91 84 19 90
12 27 46 33 13 29
44 39 16 96 37 74
63 99 42 22 76 30
55 27 20 20 48 90
16 95 11 63 57 65
50 69 44 48 14 86
87 100 24 65 37 59
42 10 69 33 71 24
69 91 51 69 62 80
11 96 45 83 55 13
74 94 43 97 11 60
88 43 16 39 17 50
52 82 43 55 89 16
96 100 39 38 10 91
69 15 58 41 97 42
56 97 86 53 27 61
12 51 35 89 24 35
23 42 64 54 93 76
39 54 65 81 50 52
25 95 52 35 25 62
46 20 69 29 42 16
47 61 41 22 79 54
0.000328109
0.000157561
0.000166564
0.000465
0.000373308
0.00034055
0.000470909
0.000369429
0.000329983
0.000226056
0.000470397
0.000132546
0.000302743
0.000302444
0.000336233
0.000344256
0.000238659
0.000497683
0.000434701
0.000306913
0.000215889
0.000414049
0.000410968
0.000238858
0.000209545
0.000249592
0.000375212
0.000230159
0.000199767
0.000259337
0.000177925
0.000274201
0.000281085
0.000187625
0.000434566
0.000352493
0.000319005
0.000133404
0.000271766
0.000461917
0.000341724
0.000239208
0.000324185
0.000211398
0.000102986
0.000488929
0.00036663
0.000444465
0.000350411
0.000158718
0.000458741
0.000310115
0.00016014
0.000163705
0.00015675
0.000328431
0.000442173
0.000330491
0.000103485
0.000365148
0.000371781
0.000259565
0.000164555
0.000357355
0.000463823
0.000379849
0.000169064
0.000378481
0.000141375
0.000274418
0.000172918
0.000292565
0.000104361
0.000497177
0.000205897
0.000186702
0.000259101
0.000401384
0.000396652
0.000297599
0.000277888
0.000315483
0.000366359
0.000479867
0.000112157
0.000484096
0.0002972
0.000382572
0.000354394
0.000295511
0.000305016
0.000271954
0.000359089
0.000244346
0.000408335
0.000353762
0.00027242
0.0003981
0.000391698
0.000488582
200 163
273 357
307 123
155 41
195 110
213 127
71 317
34 191
469 42
182 131
412 332
141 470
152 311
160 142
157 246
324 164
189 315
307 359
225 432
253 462
31 390
146 171
499 387
31 253
338 389
99 3
251 429
201 224
36 294
204 114
144 145
72 462
329 35
430 271
13 362
249 134
341 146
306 121
209 219
368 412
402 79
12 470
221 242
324 161
218 219
243 44
186 208
56 385
336 389
295 261
74 460
195 292
495 368
435 245
219 93
154 292
19 267
147 232
45 264
103 290
416 356
58 63
47 415
275 398
452 364
353 214
399 192
146 374
317 337
320 432
261 240
21 428
481 215
150 394
374 438
393 267
445 173
245 39
180 20
72 131
111 183
10 80
451 452
469 461
126 480
306 322
63 105
121 170
227 294
469 348
475 459
465 47
240 118
175 322
179 155
447 251
237 241
214 237
132 18
200 288
