72
100
6
89 58 58 50 11 33
19 35 50 75 80 29
71 11 88 70 32 54
59 25 16 56 87 100
92 50 26 97 46 83
13 63 60 61 81 27
71 37 45 56 67 65
33 82 49 29 49 100
31 22 32 47 60 92
82 64 67 40 67 67
31 95 89 76 37 15
63 96 70 70 73 23
12 100 40 92 76 43
39 13 16 55 19 44
99 83 44 21 70 98
76 50 30 15 97 64
60 98 86 13 34 72
75 78 56 73 90 83
75 44 60 29 27 88
100 64 99 38 37 83
35 54 81 88 95 50
74 27 76 85 37 52
46 52 45 83 62 28
75 66 23 18 98 65
61 63 16 94 77 94
31 90 15 90 12 66
17 84 66 40 54 65
68 82 66 81 31 49
36 42 67 51 91 15
54 97 98 97 28 36
67 82 94 51 15 18
87 90 78 64 96 86
64 98 62 48 58 70
24 97 57 83 58 79
98 13 67 49 92 80
75 84 30 66 95 67
13 78 35 65 63 23
58 22 28 92 86 39
94 38 28 45 92 53
45 80 83 92 26 18
85 46 52 86 84 43
86 30 81 20 30 13
34 66 93 47 63 95
57 69 86 54 53 22
71 70 46 62 38 86
10 79 86 63 31 100
55 35 63 51 97 45
49 66 71 64 45 50
26 57 96 34 91 88
74 35 85 48 89 94
35 85 97 35 40 60
64 91 57 90 42 93
87 84 80 54 16 70
91 24 98 82 52 57
68 47 64 18 45 54
42 80 53 80 63 72
74 22 84 35 22 61
72 46 20 98 83 13
48 81 79 81 50 72
54 62 63 96 20 36
98 82 41 97 86 33
49 89 54 16 83 88
46 87 64 46 80 58
58 67 17 18 80 22
42 17 56 26 58 17
98 59 14 78 62 31
11 61 72 100 63 24
61 74 85 40 64 93
49 83 97 76 37 36
68 62 13 27 15 28
89 87 45 33 65 30
36 37 58 73 36 87
69 64 100 41 68 83
29 98 91 81 74 48
68 95 75 66 34 47
74 33 78 27 23 46
29 84 82 27 59 20
32 70 89 87 69 48
46 62 12 18 63 60
24 29 25 38 74 53
59 63 57 69 42 80
43 58 63 10 38 64
79 13 44 81 48 100
43 60 28 12 75 72
40 31 69 17 28 66
90 76 48 21 41 75
16 79 20 13 12 87
81 13 15 54 15 65
31 30 63 79 41 37
48 89 85 35 82 24
98 27 61 49 38 29
48 93 33 42 96 10
73 69 97 64 13 25
55 47 22 22 79 58
61 96 59 25 76 15
30 21 79 27 47 13
76 79 91 70 66 65
59 11 31 26 27 22
17 86 90 76 24 45
15 18 94 36 43 84
0.00026633
0.000229884
0.000234799
0.000372859
0.000305475
0.000376737
0.000119335
0.000354007
0.000137528
0.000390508
0.000306637
0.000331677
0.000307203
0.00019825
0.000219708
0.000317587
0.000367587
0.000161161
0.00022011
0.000202788
0.00033052
0.0003857
0.000283679
0.000467733
0.000495758
0.00023229
0.000296682
0.000220835
0.000452789
0.000183274
0.000456922
0.000425948
0.000134497
0.000415743
0.000226347
0.000412499
0.000391143
0.000253926
0.000387438
0.00024616
0.000359505
0.000101458
0.000155317
0.000124107
0.000311276
0.00026165
0.000376794
0.000355123
0.000194779
0.000434652
0.000302311
0.000107511
0.000294735
0.000424762
0.000161296
0.000225703
0.000112667
0.000121105
0.000383821
0.000316622
0.000136358
0.000263753
0.000176351
0.000144694
0.00019094
0.00036722
0.000159925
0.000262801
0.000407966
0.000280205
0.000308525
0.00026526
0.000435447
0.000105285
0.000344194
0.000311287
0.000240073
0.000149122
0.00031601
0.000134726
0.000469578
0.000481181
0.000362052
0.000497108
0.000244973
0.000237155
0.00016217
0.000246236
0.000134007
0.000418773
0.000343431
0.000219738
0.000313579
0.000165112
0.000374074
0.000415482
0.000296905
0.000115416
0.000116563
0.000303566
375 142
287 365
477 260
218 261
466 344
187 482
483 324
57 66
151 113
71 253
436 305
21 269
428 49
127 202
113 429
159 3
423 156
492 10
480 246
273 378
206 139
479 153
483 291
473 399
118 65
380 368
97 214
284 126
111 355
0 131
400 262
141 456
117 26
118 270
264 39
75 41
357 388
494 360
409 382
348 363
171 33
263 491
139 1
304 142
78 247
251 178
427 424
387 280
322 311
458 365
149 60
318 335
309 475
403 352
32 130
298 45
414 263
229 327
391 74
42 361
227 464
169 276
119 177
34 128
495 444
116 425
278 274
333 250
398 330
62 333
241 197
201 304
162 377
148 481
493 224
65 302
51 332
405 243
471 480
174 145
67 9
359 449
453 281
6 314
80 125
330 262
13 228
272 329
115 478
418 388
395 26
407 55
420 373
216 158
477 276
264 110
77 40
360 273
104 202
148 3
