53
100
6
35 82 46 70 31 87
39 23 56 90 74 37
57 63 74 34 44 22
59 41 24 82 17 96
37 69 76 82 66 84
69 49 22 51 17 85
10 11 27 58 41 18
76 23 68 85 60 25
86 65 56 41 90 65
76 34 12 60 16 58
81 91 46 18 97 43
76 25 82 62 53 59
36 26 26 33 49 68
59 55 70 73 70 88
38 82 74 64 79 100
26 90 66 93 66 93
49 27 83 98 100 53
79 82 90 80 85 56
35 11 49 35 67 81
62 100 81 81 54 89
86 83 26 43 71 77
77 51 10 66 23 90
98 58 45 58 58 23
74 45 50 73 38 63
96 22 42 73 84 41
35 86 75 58 94 23
97 72 91 61 44 80
19 38 93 65 87 33
80 38 77 15 74 57
98 70 95 49 13 92
65 27 59 83 100 19
78 32 92 20 14 45
28 18 94 18 62 60
99 62 73 60 96 86
33 64 49 77 29 33
94 57 71 67 50 79
99 19 48 45 27 31
95 49 43 86 57 26
13 66 44 70 68 80
30 22 14 94 15 47
38 97 71 73 86 74
68 48 88 21 26 88
45 87 85 61 51 46
17 10 44 59 18 86
46 39 71 96 17 20
77 80 42 79 23 12
88 13 31 70 32 49
74 47 47 33 33 25
29 100 80 99 61 30
14 68 73 38 40 62
73 83 29 100 85 53
40 28 58 98 18 49
64 15 43 41 48 54
20 36 57 32 55 58
23 16 67 78 89 35
79 44 60 64 42 77
57 38 31 30 41 90
30 88 12 52 71 97
82 51 20 79 36 34
93 14 53 31 42 65
55 87 12 18 43 58
48 21 67 42 59 46
15 73 25 32 53 27
73 32 61 69 21 48
23 51 93 12 72 66
81 57 82 69 70 82
79 33 93 16 77 60
69 100 75 91 74 48
90 85 88 53 62 79
51 27 21 22 57 56
65 74 32 84 81 26
88 41 100 63 23 67
51 52 78 54 69 53
14 77 97 72 86 12
10 95 98 67 54 80
41 88 39 75 17 85
47 26 16 49 35 27
23 76 57 74 99 54
54 80 83 79 33 21
96 45 36 79 68 54
58 72 21 26 15 23
74 85 36 84 17 35
68 75 26 61 68 46
55 49 48 52 79 40
77 95 92 77 61 81
46 25 75 86 19 24
43 12 27 98 61 60
72 70 55 43 86 87
94 44 54 17 73 77
82 83 74 96 83 78
96 34 95 57 65 56
45 82 13 37 26 81
89 79 82 63 50 70
60 84 21 49 64 45
83 85 27 39 34 29
39 54 12 60 79 47
35 10 40 36 10 57
90 29 25 37 95 85
18 43 91 100 90 26
40 90 19 75 82 74
0.000184301
0.000112088
0.000159063
0.000137375
0.000320621
0.000442615
0.000432136
0.00019985
0.000374094
0.000147925
0.000282445
0.000135611
0.000403092
0.000463798
0.000451308
0.000309136
0.00036537
0.000193696
0.000459151
0.000244629
0.000144732
0.000403164
0.000345349
0.000184428
0.000110553
0.000422223
0.000483465
0.000232755
0.000317182
0.000278907
0.000271415
0.000367208
0.000172471
0.000366961
0.000488482
0.000406226
0.000427337
0.00039308
0.000473665
0.000184382
0.000129686
0.000358988
0.000107795
0.000485856
0.000167651
0.00043512
0.000114029
0.000232801
0.000327556
0.000150068
0.000410865
0.000121071
0.00039264
0.000147023
0.000391862
0.000184528
0.000359759
0.000256135
0.000160429
0.000387471
0.000181399
0.000124322
0.000209142
0.000437145
0.00033432
0.000158815
0.000430925
0.000446522
0.000417137
0.000219359
0.000181175
0.000185797
0.000277437
0.000285059
0.000378683
0.00011785
0.000464675
0.000104667
0.000105153
0.000252267
0.000142788
0.000453997
0.000147665
0.000474369
0.000421236
0.000330938
0.000477683
0.000404748
0.000450315
0.000426615
0.000123148
0.000440686
0.000169353
0.000336419
0.000177098
0.000401564
0.000262287
0.000430415
0.000176039
0.000252101
435 12
104 55
380 362
97 394
20 81
417 393
475 84
400 243
218 236
248 487
256 117
378 102
10 484
386 450
389 326
401 23
459 454
110 186
52 360
205 461
453 231
378 300
237 8
114 27
452 9
485 85
349 153
137 416
369 381
288 408
17 149
81 205
268 149
43 171
476 157
272 128
117 90
326 369
131 210
11 137
220 154
458 192
128 409
274 185
109 191
482 112
435 17
349 228
68 113
311 347
393 322
128 65
464 13
211 114
310 455
22 100
331 438
422 121
306 94
25 328
333 326
357 364
109 97
195 500
288 111
360 82
498 179
58 325
60 364
332 11
100 239
423 287
489 350
166 104
344 377
494 60
253 273
333 249
488 236
185 366
51 90
448 286
357 53
406 173
343 207
374 126
24 216
158 140
353 229
474 368
174 404
196 36
368 189
18 429
424 350
355 24
340 364
197 273
161 112
458 295
