35
100
6
62 46 37 96 46 70
67 63 83 14 30 79
44 70 81 43 41 90
59 80 66 63 61 25
96 98 39 71 73 58
62 38 55 27 26 22
31 87 17 60 94 16
99 59 67 29 53 53
77 84 54 11 35 41
79 93 62 68 62 58
94 12 33 34 60 29
45 16 68 98 14 13
43 73 76 32 55 52
87 51 24 74 90 77
86 21 89 98 46 23
44 48 25 55 37 73
64 49 43 91 47 89
76 48 43 83 62 18
14 47 53 30 86 83
61 65 25 99 73 49
63 88 83 36 56 57
86 57 25 56 95 79
32 69 71 95 37 43
92 78 97 17 69 40
36 96 26 41 33 99
47 34 47 13 21 15
19 76 58 34 41 81
42 16 20 61 54 20
18 88 78 74 83 90
58 59 35 94 39 43
93 48 64 72 57 12
50 11 66 57 85 40
89 33 90 56 26 86
16 38 31 54 32 70
21 61 98 66 93 75
54 39 12 15 38 24
53 70 90 86 85 81
31 12 96 98 84 56
70 28 53 34 53 20
86 68 26 86 28 10
47 84 67 31 43 77
19 41 74 43 83 100
71 20 48 43 38 68
78 64 18 95 92 49
29 29 78 89 45 87
70 40 52 80 74 63
91 96 39 96 42 76
63 81 25 51 21 32
57 82 36 90 66 41
67 14 38 74 61 77
16 66 26 80 64 83
70 11 16 17 28 71
63 39 81 13 52 47
36 75 60 27 22 20
24 61 67 60 55 10
54 62 12 91 27 71
52 19 80 63 32 38
16 25 17 10 13 90
41 68 58 46 100 87
70 77 74 30 95 93
27 51 19 37 60 15
51 77 18 19 58 15
90 74 40 67 11 40
18 62 18 93 77 69
44 28 64 30 83 99
39 34 27 75 23 54
73 74 36 20 59 58
91 32 82 49 91 26
44 21 54 18 41 93
23 74 31 81 46 81
21 66 60 89 62 79
76 58 42 56 92 21
88 49 77 83 31 93
85 14 83 60 32 63
77 16 73 44 56 80
46 84 72 91 96 24
67 53 95 54 72 18
27 11 77 92 55 91
64 53 89 42 85 24
79 36 55 44 38 91
83 29 13 33 29 91
51 81 65 18 35 59
72 38 93 28 12 20
32 27 48 48 87 60
61 70 86 70 13 38
92 17 37 58 85 63
60 17 85 28 60 99
15 93 65 14 18 39
49 55 27 97 36 82
21 22 56 19 54 11
27 53 22 22 53 92
92 65 69 23 70 56
28 34 67 29 73 75
52 46 98 11 29 85
77 67 91 80 11 18
40 61 47 97 77 18
79 95 75 55 59 35
50 42 70 43 15 78
82 59 69 16 24 78
13 11 36 63 67 15
0.000113649
0.000450245
0.00026026
0.000199269
0.000493643
0.000402398
0.000125875
0.000197567
0.000484734
0.000390864
0.000380301
0.000290282
0.000335563
0.000344477
0.000138866
0.000410804
0.000119255
0.000397145
0.000370155
0.000401535
0.000369767
0.000431684
0.000269211
0.000277412
0.000420923
0.000273163
0.000368184
0.000152381
0.000356627
0.000440179
0.000269791
0.000487578
0.000288765
0.000418918
0.000455071
0.000199387
0.00036705
0.000396339
0.000129314
0.000494678
0.000490725
0.000491041
0.00041744
0.000308836
0.000186363
0.000199839
0.00040745
0.000277768
0.00018888
0.000312961
0.000492662
0.000298184
0.00043643
0.000317615
0.00030748
0.00033692
0.000483499
0.000215083
0.000205234
0.000367318
0.000383387
0.000341349
0.000398196
0.000286731
0.000431099
0.000424819
0.000242301
0.000424299
0.000214286
0.000383089
0.000349055
0.00037493
0.00025557
0.000190541
0.000465584
0.00022989
0.000481682
0.000352349
0.000102427
0.000227659
0.000406275
0.000248741
0.000438946
0.000371554
0.000432041
0.000173671
0.000206429
0.000313936
0.000348161
0.000103385
0.000286987
0.000273942
0.000222271
0.000412667
0.000160777
0.000112828
0.000457713
0.000183907
0.000497724
0.000183193
230 418
151 425
187 352
238 138
272 386
194 381
386 10
32 312
168 293
415 11
290 257
458 434
216 389
320 85
256 452
31 273
254 490
392 312
277 485
298 3
448 123
408 283
7 362
112 490
364 393
68 155
260 428
308 179
461 379
389 141
205 456
70 213
187 198
358 88
78 185
339 254
221 277
246 45
174 263
310 394
487 282
172 316
493 172
72 253
472 328
138 317
288 250
441 43
369 169
349 287
260 347
130 176
59 182
280 36
12 196
370 35
360 495
314 359
381 196
233 319
181 390
353 15
244 117
184 171
131 472
470 226
318 271
91 168
110 143
308 302
171 397
389 232
37 243
165 427
195 91
459 13
26 140
218 469
143 210
131 213
494 4
360 189
16 207
300 350
325 189
208 248
463 94
73 260
239 85
442 270
95 271
291 239
439 195
258 177
400 178
361 324
184 4
106 458
446 106
268 381
