28
100
6
71 86 90 76 87 27
82 35 80 36 27 21
36 95 69 100 14 94
12 70 14 18 75 77
59 42 92 24 86 84
60 24 97 58 39 17
56 88 80 100 34 82
96 40 11 21 66 62
31 53 98 37 24 32
45 71 92 20 94 16
83 14 53 59 71 64
70 39 67 96 47 23
50 31 91 33 20 72
29 31 39 51 37 72
48 22 87 70 17 99
52 74 58 68 78 81
52 43 74 71 32 92
10 77 32 90 39 72
83 25 48 95 61 17
17 35 68 49 43 45
69 90 39 44 78 90
40 15 72 50 44 71
50 90 81 75 63 42
74 84 10 76 22 28
11 10 39 42 86 65
100 11 72 55 59 89
30 88 93 48 10 23
11 98 44 37 28 11
44 68 45 45 68 49
99 70 53 55 72 56
94 61 28 74 79 99
78 67 26 29 91 65
71 57 66 93 41 49
40 91 90 80 20 78
62 63 10 72 13 70
93 57 63 81 27 50
42 26 88 72 64 17
46 47 82 84 47 37
18 92 67 93 100 34
16 95 97 86 54 16
57 55 10 97 28 28
69 73 62 60 19 82
55 21 39 57 28 65
55 17 52 91 29 18
67 46 38 94 73 43
58 45 26 26 13 28
18 45 64 36 83 48
83 24 46 72 77 49
68 35 58 43 22 93
39 52 29 63 64 20
23 98 69 82 40 57
32 97 82 30 43 61
64 10 12 54 65 26
71 11 39 88 24 77
39 89 53 98 88 84
91 65 53 41 88 29
16 47 64 97 54 37
25 63 59 63 33 12
17 81 72 83 38 58
68 25 52 77 67 11
76 53 50 34 24 80
48 42 11 89 15 67
39 15 36 89 23 62
24 31 20 51 28 54
85 80 42 26 72 23
95 59 92 18 39 46
71 58 16 48 41 93
69 46 80 94 96 16
32 16 46 12 25 82
94 94 13 87 62 81
16 23 30 63 68 71
68 59 40 66 15 10
83 72 80 32 38 50
61 52 39 77 85 78
40 46 45 18 22 14
65 78 85 47 27 40
97 37 27 53 83 45
95 47 43 19 88 93
46 49 82 37 71 61
98 38 89 88 73 96
64 72 50 12 76 41
23 55 31 72 14 31
79 29 90 75 42 61
51 36 63 90 31 22
75 82 54 62 39 26
45 67 11 58 87 44
77 18 17 97 46 63
20 65 15 78 58 19
76 66 13 30 91 100
97 36 97 21 28 46
65 68 47 95 60 46
70 94 86 52 100 84
77 83 64 66 71 52
86 20 24 93 27 76
91 20 81 99 95 35
47 20 65 91 51 29
18 43 48 80 61 100
22 88 85 21 88 20
32 77 92 86 58 11
70 76 95 17 13 95
0.000337415
0.000451189
0.000422692
0.000336847
0.000192837
0.000441728
0.000294206
0.000280238
0.000182192
0.00031068
0.000112555
0.000293428
0.000195383
0.000255711
0.000468582
0.000272842
0.000172552
0.00032968
0.000450685
0.000324211
0.000226504
0.000192026
0.00018263
0.000229691
0.000419117
0.000198689
0.000243814
0.000358547
0.000383229
0.000153406
0.000186206
0.000239203
0.000339475
0.000205072
0.000258448
0.000406647
0.000462019
0.000261492
0.000472894
0.000295072
0.00011683
0.000131438
0.000379806
0.000424964
0.00023532
0.00020557
0.000217298
0.000427802
0.000333863
0.000164454
0.000262633
0.000158443
0.000497368
0.00041886
0.00046183
0.000386852
0.000278046
0.000161822
0.00024285
0.000363704
0.00014815
0.000283318
0.000346176
0.000212804
0.000204685
0.000307846
0.000237948
0.000113084
0.000225667
0.000273903
0.000284643
0.000410467
0.000111244
0.000223339
0.000144309
0.000163126
0.000265503
0.000483803
0.00020537
0.000201071
0.000498506
0.000213758
0.000184013
0.000391014
0.000270953
0.000451582
0.000280173
0.000157093
0.000166377
0.000360356
0.000380273
0.0002445
0.000402397
0.000492018
0.000252902
0.000340709
0.000152771
0.000376158
0.000481428
0.000293045
438 35
255 320
14 102
469 71
183 361
333 37
21 280
365 118
339 250
9 235
200 51
224 491
268 182
428 286
189 30
235 472
91 180
223 274
107 404
295 26
206 344
219 237
475 256
287 494
214 92
411 120
429 291
246 479
477 439
316 329
205 334
10 227
154 236
18 165
124 91
450 32
210 331
443 238
68 487
417 198
50 475
356 385
392 368
68 385
33 234
223 376
379 276
425 466
223 138
483 61
433 26
282 208
155 181
57 35
217 226
30 141
378 276
137 259
280 431
13 213
198 152
326 492
306 130
243 440
437 107
370 357
365 307
48 283
496 400
424 18
225 296
48 161
184 31
184 441
82 190
422 128
103 450
122 97
353 149
428 143
427 472
381 85
328 333
206 424
358 455
448 148
425 11
380 408
277 370
50 398
186 294
375 74
158 488
466 346
494 424
202 22
269 30
80 26
367 93
486 315
