45
100
6
40 32 33 33 52 62
36 63 76 15 84 45
93 63 78 11 46 39
40 29 46 90 27 41
51 61 90 88 43 67
21 10 32 75 79 39
36 18 30 89 25 45
96 21 81 41 56 27
69 24 47 61 21 19
44 41 54 86 43 69
31 33 36 26 73 70
85 34 81 87 31 28
47 20 30 52 25 26
97 93 64 75 59 97
69 53 35 34 36 20
34 91 26 34 32 52
98 74 78 45 77 47
96 44 45 81 45 66
55 96 17 14 77 95
82 97 69 64 28 18
99 93 90 15 85 99
28 84 96 69 97 78
38 90 19 47 18 74
17 55 53 47 55 11
27 26 77 64 41 83
79 91 39 84 80 50
77 88 15 65 24 56
90 97 17 48 63 91
26 67 60 96 87 18
71 93 48 21 13 96
22 21 79 63 80 92
47 91 17 49 100 46
23 44 51 47 13 65
71 79 89 80 30 62
80 50 63 28 87 94
51 52 66 36 65 54
76 46 27 55 96 32
77 68 28 93 16 36
55 13 22 18 25 15
73 30 67 73 19 69
55 65 77 15 70 90
16 98 85 87 50 94
51 98 71 44 34 31
55 90 46 70 89 67
61 27 60 12 31 75
14 64 82 38 18 36
49 18 81 30 29 90
99 35 62 82 35 64
57 51 91 15 52 77
36 16 65 93 35 96
98 41 47 60 47 97
38 11 34 57 13 86
59 38 78 94 70 24
48 63 72 66 94 53
15 23 31 45 42 92
39 16 43 80 87 73
74 51 16 63 18 16
68 40 59 72 33 69
11 59 39 80 77 67
95 47 20 78 95 63
47 57 100 73 68 77
39 12 54 75 25 83
73 39 39 87 13 37
75 48 31 84 88 67
15 48 96 46 45 54
93 88 28 18 56 21
63 84 93 27 35 87
31 87 18 57 78 98
67 64 30 85 30 77
99 86 86 17 96 84
40 18 77 65 20 24
91 12 37 89 17 76
12 34 55 28 57 75
20 18 50 64 35 20
10 62 32 95 79 40
77 40 13 67 80 17
56 69 95 53 72 47
11 46 74 63 11 62
15 14 60 43 30 39
58 36 35 46 44 45
26 47 17 98 59 75
71 52 18 86 54 79
56 77 95 88 47 42
76 92 68 56 23 31
68 51 63 42 76 79
14 45 25 77 87 46
13 61 83 54 23 52
14 38 59 31 38 82
69 74 79 34 56 94
21 64 23 23 50 40
18 29 17 40 92 69
10 16 86 73 21 71
57 92 61 16 82 79
30 58 59 55 59 31
76 13 45 37 55 12
54 42 39 25 55 61
23 53 98 82 42 69
36 50 63 47 48 50
73 21 37 81 21 75
19 87 63 37 62 86
0.000318698
0.000343443
0.000322127
0.000473639
0.00022347
0.000185086
0.000226267
0.000106084
0.000343846
0.000469849
0.000161521
0.000279434
0.000186423
0.000137891
0.000314394
0.000323347
0.000209616
0.000308875
0.000483339
0.000314056
0.000492452
0.000229905
0.000415395
0.000230893
0.000300712
0.000192418
0.000188671
0.000486625
0.000116303
0.000429063
0.000361086
0.000252664
0.000374598
0.000314078
0.00014992
0.000166138
0.000359056
0.000373075
0.000275796
0.000192535
0.000133836
0.000472041
0.000351722
0.000352916
0.000118095
0.000395804
0.000270351
0.00047554
0.000334754
0.000104636
0.000320256
0.000193318
0.000269804
0.00027873
0.00017981
0.000212168
0.000260525
0.00028241
0.000344608
0.000471831
0.000466835
0.000362986
0.000330357
0.000398593
0.000352971
0.0001284
0.00031062
0.000398314
0.000192823
0.00020171
0.000171503
0.000474787
0.00033681
0.000445596
0.000294329
0.000190983
0.000266441
0.000336269
0.000368989
0.000295599
0.000110908
0.000310683
0.000133803
0.000156108
0.000382016
0.000256288
0.000435035
0.000348854
0.000494214
0.000388799
0.000494583
0.000483465
0.000352324
0.000264597
0.000224422
0.000481392
0.000239031
0.000311756
0.000488979
0.000169645
268 222
450 282
236 463
346 494
89 21
31 295
289 43
33 293
231 295
309 420
465 40
93 144
471 2
98 92
194 257
92 363
233 37
328 372
143 221
235 99
358 237
454 304
17 434
354 237
121 476
403 218
208 224
207 298
201 194
492 335
150 300
333 168
383 7
10 38
28 105
25 321
46 414
277 47
198 314
378 350
152 90
56 166
92 396
91 325
467 400
494 172
400 362
479 391
18 422
123 381
206 132
409 216
271 277
253 323
276 313
308 336
124 430
130 34
347 326
58 46
93 105
395 402
120 222
99 345
181 68
81 206
388 414
228 478
413 19
475 333
83 24
449 66
453 371
479 264
20 221
160 129
412 333
74 343
195 99
166 361
261 447
396 2
492 61
433 216
256 32
353 373
275 403
152 33
68 208
170 101
33 226
396 269
314 322
146 46
114 127
187 140
137 358
58 295
95 197
281 242
