55
100
6
26 97 21 69 41 12
62 59 91 87 34 32
18 51 62 82 73 11
51 77 67 70 27 93
93 38 14 29 44 44
98 13 61 75 100 43
43 93 10 19 28 61
23 66 100 41 75 40
52 62 34 73 35 52
37 24 79 54 42 77
13 66 23 90 98 63
48 58 70 55 88 12
98 100 56 39 48 49
16 75 66 58 84 40
43 11 77 72 68 78
26 52 57 98 34 11
67 87 10 84 100 10
49 74 87 48 86 91
38 30 10 32 16 90
46 19 84 70 29 96
12 85 19 92 32 12
89 22 97 44 47 46
36 20 65 23 53 90
54 47 99 75 70 41
37 17 21 67 27 96
76 23 34 30 52 58
17 91 72 60 69 37
40 77 70 11 50 22
91 46 75 51 46 33
86 76 55 78 28 24
60 14 34 68 80 87
68 33 59 23 92 100
32 98 25 57 13 55
20 65 69 39 90 42
38 89 59 55 55 73
57 98 38 55 65 29
71 59 54 21 65 13
94 18 39 60 71 61
85 53 30 60 89 13
31 38 39 83 24 29
100 59 59 49 22 42
37 65 69 67 70 19
38 49 96 19 94 40
92 97 42 36 58 25
42 68 54 51 81 21
45 91 35 97 40 28
79 93 14 85 93 82
36 85 95 48 79 33
46 11 51 84 47 46
50 71 78 44 12 13
95 31 11 14 40 25
98 70 26 87 17 86
52 99 24 57 78 87
94 28 99 21 36 22
32 64 96 93 56 29
99 18 79 73 15 56
11 95 22 60 31 79
27 63 94 64 70 51
47 20 32 13 65 71
76 75 53 21 12 53
36 75 64 19 90 95
69 67 97 83 49 60
42 74 59 87 85 31
45 14 34 27 24 47
55 98 40 25 25 80
94 19 32 62 79 38
37 76 33 76 83 10
54 37 95 55 66 40
82 81 24 65 18 36
93 31 10 66 46 93
13 70 43 20 22 35
80 93 42 14 70 60
86 37 90 14 27 38
62 64 82 69 79 65
85 95 22 83 58 59
13 44 98 71 10 100
36 12 49 41 95 26
23 84 94 40 69 50
46 51 83 74 63 16
65 62 70 40 66 47
25 40 45 90 10 25
97 38 74 58 55 99
76 17 22 44 56 13
26 91 88 29 58 92
89 91 15 99 58 31
73 33 43 67 24 76
66 48 89 96 36 81
38 60 35 14 62 65
42 28 44 67 53 86
49 59 81 84 98 58
53 44 43 45 60 91
54 61 83 80 52 41
83 49 81 33 79 58
12 40 36 92 36 79
27 96 54 28 57 74
82 31 83 79 38 29
28 54 62 64 36 55
58 15 84 14 49 48
27 77 17 39 38 54
66 32 96 89 49 87
0.000424513
0.000475695
0.000411108
0.000210946
0.000317434
0.000363717
0.000122999
0.000343971
0.000393733
0.000492832
0.000181961
0.000473734
0.000426664
0.000220363
0.000148617
0.00019679
0.000199219
0.000382788
0.000353577
0.000311684
0.000334967
0.00031698
0.000322189
0.000163416
0.000378727
0.000412936
0.000422712
0.000300058
0.000355758
0.00018788
0.000416885
0.000403741
0.000403783
0.000270977
0.000406
0.000407818
0.000270365
0.000282677
0.000457731
0.000384132
0.000152232
0.000335879
0.000360584
0.000250782
0.000237526
0.000483972
0.000454271
0.000478622
0.000422761
0.000227896
0.000364568
0.000204587
0.000315388
0.000282565
0.000193538
0.000152105
0.000208024
0.000190091
0.000221242
0.000269913
0.000421732
0.000282877
0.000286032
0.000197819
0.000153357
0.000205311
0.000291653
0.000110707
0.000276653
0.000302469
0.000216339
0.000206545
0.000325002
0.000339592
0.00042576
0.000270253
0.000253433
0.000474032
0.000269523
0.000108116
0.000369511
0.000180257
0.000421944
0.000478705
0.000120511
0.000397841
0.000357009
0.000185338
0.000306434
0.000177308
0.000370217
0.000297088
0.000299691
0.000418558
0.000350039
0.000225291
0.000192822
0.000311296
0.000318187
0.000162037
122 85
359 94
329 168
432 265
185 177
58 453
101 447
66 340
134 463
366 491
491 316
76 377
219 357
439 274
388 435
113 28
423 194
36 162
179 269
1 80
5 429
322 319
421 37
185 222
413 125
443 144
339 143
99 351
364 438
258 418
260 316
348 95
353 404
78 394
285 309
51 204
400 296
326 395
130 78
115 49
462 194
134 431
165 242
450 345
337 402
162 84
479 147
154 321
441 440
205 39
196 203
416 309
339 248
462 190
17 390
312 185
11 27
226 317
214 479
380 142
79 495
195 266
287 78
153 292
309 82
417 106
25 419
254 176
165 346
478 27
58 474
121 48
58 444
102 33
43 466
74 447
408 70
399 196
7 47
306 86
404 245
82 27
401 55
263 105
345 176
102 93
368 167
344 248
377 93
35 125
203 117
107 369
72 47
35 390
298 131
233 438
11 413
364 294
93 82
53 223
