99
100
6
77 24 79 51 93 15
55 48 12 100 83 71
78 17 56 88 83 92
62 71 23 70 73 46
79 11 81 43 62 57
95 50 74 74 74 70
56 79 55 59 29 44
92 45 96 74 84 78
93 17 67 98 65 46
13 53 45 41 77 63
91 71 77 64 38 19
14 82 10 47 39 73
39 82 55 37 24 60
87 35 89 32 32 53
91 40 69 95 61 33
41 13 73 99 87 81
25 82 45 16 16 35
25 73 43 23 44 88
57 30 17 29 15 56
70 58 34 16 97 56
34 97 20 47 100 12
34 69 87 25 45 55
78 60 96 22 44 37
91 42 13 49 79 39
73 91 24 52 27 73
55 83 69 55 27 76
66 70 30 75 64 67
56 93 72 61 22 19
60 66 82 99 26 35
38 85 38 72 58 81
10 44 48 72 72 86
22 69 28 71 24 35
87 89 75 11 73 20
32 83 88 33 31 59
46 43 59 56 97 97
43 19 25 68 22 83
57 68 75 18 66 36
70 57 99 22 53 96
83 31 34 15 24 38
19 29 21 34 18 57
92 58 63 52 76 80
25 99 42 96 32 11
53 16 53 16 89 76
32 53 79 23 90 69
23 10 53 90 38 30
87 56 95 34 29 99
51 60 18 42 93 11
96 78 37 42 56 91
50 12 47 47 63 14
41 91 31 77 18 67
66 95 95 33 47 100
53 36 81 15 27 26
82 89 74 48 76 38
58 48 90 99 31 89
39 14 45 61 15 38
96 17 37 74 21 53
78 93 70 74 45 48
35 10 49 76 100 84
31 11 18 23 25 34
91 34 41 32 66 95
43 79 70 71 55 42
13 84 55 94 94 21
22 28 31 77 45 33
55 12 58 74 75 98
96 63 83 99 87 94
100 16 35 68 62 100
46 84 76 54 92 19
90 14 74 80 98 40
14 54 44 37 86 32
93 79 92 19 28 59
46 39 54 24 29 92
30 42 99 23 93 13
11 78 36 41 69 86
61 19 68 80 59 59
91 16 99 20 58 92
17 92 82 44 29 91
61 74 73 11 61 28
32 74 27 67 82 54
97 92 20 58 69 13
32 27 75 37 23 48
14 76 68 53 23 89
64 58 65 41 57 93
15 60 12 96 77 53
26 50 85 56 77 60
18 58 44 95 63 35
45 44 42 62 84 65
44 15 64 90 43 70
36 49 88 100 54 38
22 91 80 47 92 76
86 88 32 29 98 40
71 83 10 52 78 82
87 15 95 83 60 21
53 90 34 19 94 46
53 95 91 56 61 20
60 42 51 19 85 53
92 38 12 93 99 48
48 78 68 64 58 36
55 89 71 52 79 39
13 58 20 54 67 98
41 14 86 95 17 73
0.000356209
0.000148144
0.000195216
0.000376631
0.000349842
0.000202729
0.000338218
0.000100497
0.000335993
0.000331553
0.000375499
0.000359937
0.000114307
0.000169018
0.000350423
0.000241464
0.000269339
0.000495886
0.000231192
0.000414239
0.000491931
0.000270856
0.000222415
0.000372729
0.000471138
0.000321994
0.000497839
0.000242294
0.000324063
0.000499719
0.00019285
0.000286253
0.000499984
0.000286828
0.000226352
0.000108997
0.00048569
0.00019638
0.000182226
0.00033722
0.000337874
0.000191286
0.000439938
0.000223916
0.00010231
0.000474531
0.000325768
0.000134076
0.000495105
0.000223693
0.000396555
0.000371041
0.000460082
0.000498889
0.000312587
0.000442927
0.000326514
0.00035618
0.000256869
0.000225692
0.000150522
0.000262653
0.000455252
0.000300663
0.000330082
0.000301727
0.000390465
0.000418457
0.000360634
0.000215312
0.000124299
0.000347981
0.000323153
0.000224094
0.000175813
0.000495798
0.000272811
0.000342367
0.000158478
0.000344055
0.000120404
0.000479137
0.000404498
0.000344664
0.000485259
0.000215116
0.000374774
0.000243035
0.000427094
0.000238454
0.000421467
0.000348644
0.000402583
0.000383218
0.00030643
0.000128605
0.000487171
0.000333708
0.000291912
0.000122611
283 250
457 140
93 437
403 436
66 151
224 230
383 102
404 363
449 44
177 396
263 146
104 146
447 309
407 450
338 408
170 278
308 147
13 13
90 205
395 7
220 174
494 467
354 96
192 452
20 85
499 237
351 427
364 340
439 412
396 374
13 394
96 247
415 247
414 1
77 340
349 171
29 172
195 190
382 383
138 419
310 299
475 163
47 269
360 356
74 136
103 246
228 180
393 99
70 337
11 284
353 290
381 226
424 233
83 416
66 44
336 203
181 407
337 93
415 208
155 129
391 220
2 447
350 490
186 262
261 475
26 71
277 246
376 223
179 306
51 346
492 263
351 257
20 356
148 249
254 208
195 56
193 36
203 182
257 272
461 425
337 334
431 75
106 446
346 61
217 301
347 61
24 257
75 169
304 278
240 446
215 47
448 352
202 322
287 166
1 67
337 53
352 231
402 241
258 462
328 289
