6
100
6
36 73 62 77 38 22
75 38 66 54 97 62
89 27 57 29 69 67
53 33 47 49 38 80
22 41 72 11 26 36
83 20 43 16 91 24
35 46 51 86 45 96
28 49 33 71 71 65
68 51 53 86 48 66
68 99 25 86 59 94
74 59 54 21 51 27
98 13 38 39 59 22
20 52 27 91 78 74
13 11 36 27 80 60
25 37 51 95 34 33
10 66 64 44 45 47
18 47 16 94 92 89
46 54 91 60 24 56
38 91 23 32 82 17
59 36 41 79 36 11
87 37 41 12 17 80
82 27 16 57 30 69
18 28 29 43 34 17
41 21 40 78 68 39
16 23 15 88 67 51
46 65 25 39 40 65
95 89 96 52 52 39
92 90 47 59 88 11
17 38 77 23 43 14
81 39 44 27 46 27
48 90 39 96 49 98
38 92 75 29 52 50
80 15 80 96 39 43
100 69 90 69 96 71
65 57 82 41 25 50
48 43 67 30 84 43
36 19 63 44 30 60
51 75 76 80 72 18
29 49 33 60 62 30
77 68 57 97 77 19
89 42 76 41 49 50
66 86 35 16 77 62
23 27 79 93 15 66
35 15 64 71 70 94
78 15 96 44 20 26
13 46 75 69 48 47
37 66 48 84 44 94
56 47 11 56 57 84
83 64 82 12 21 63
90 88 76 29 16 13
23 67 12 73 20 81
25 11 13 63 96 13
94 61 14 84 54 58
44 94 100 53 86 89
42 26 26 67 21 62
59 73 35 71 40 16
89 64 91 95 32 65
89 74 71 30 11 73
98 36 82 82 64 96
59 73 77 11 66 69
95 75 79 18 92 42
51 74 95 16 54 29
22 99 51 26 14 36
36 91 44 83 96 38
30 52 43 17 92 56
84 76 72 24 68 20
33 90 55 30 84 74
37 84 50 36 64 42
53 68 18 13 39 25
88 51 86 62 10 37
25 53 36 14 95 56
83 41 36 69 97 78
75 16 98 90 36 82
54 13 37 88 60 70
55 58 91 73 92 66
51 24 28 75 97 78
94 67 78 43 60 99
52 79 57 74 17 47
51 59 75 77 74 44
74 15 62 94 22 53
46 25 83 35 96 78
16 46 100 37 34 34
51 94 31 27 100 37
91 12 66 83 26 50
75 72 64 38 30 36
77 70 82 84 29 65
66 54 84 84 76 67
55 88 34 77 86 99
97 84 40 58 89 44
83 96 42 49 32 63
27 92 84 96 77 49
69 36 80 50 57 11
72 72 21 53 95 52
92 64 43 82 86 93
86 29 50 38 98 90
14 42 18 36 67 97
81 30 36 78 87 53
76 23 39 28 45 41
81 62 81 39 55 80
79 26 71 24 43 53
0.000482431
0.000169432
0.000259997
0.000473323
0.000161696
0.0001355
0.000467296
0.000218912
0.000108414
0.00044235
0.000297981
0.000196503
0.000116316
0.000189998
0.000468883
0.000310417
0.000296946
0.000457761
0.000415988
0.000371509
0.000125335
0.000155352
0.000118936
0.000360827
0.000495954
0.000120989
0.000236045
0.000351488
0.000313077
0.000469076
0.000223178
0.000478155
0.000312852
0.00018106
0.000427208
0.000132141
0.000201852
0.00021791
0.000243442
0.000406258
0.000318985
0.000132701
0.000323665
0.000252127
0.000264663
0.000486292
0.000371138
0.000121115
0.000101437
0.000359305
0.000291788
0.000215095
0.000488542
0.000475308
0.000109632
0.000198336
0.000271799
0.000472002
0.000285679
0.000470346
0.000356521
0.000352805
0.000302329
0.000259627
0.000471322
0.000125551
0.000298929
0.000188896
0.000321971
0.000222618
0.000239868
0.000453804
0.000124994
0.000408321
0.000191532
0.000291013
0.000119926
0.000356002
0.000157231
0.000491836
0.000325273
0.000115559
0.000163592
0.000292278
0.000400354
0.000324339
0.000482657
0.000129551
0.000104241
0.000304931
0.000449584
0.000299893
0.000219273
0.000484067
0.000204742
0.000411581
0.000388806
0.000447618
0.000458114
0.000113018
308 494
5 242
159 368
10 195
35 31
270 161
440 433
339 151
200 170
119 42
316 130
29 55
112 181
291 48
196 126
182 117
319 500
447 13
449 373
92 311
485 295
136 267
425 464
439 362
247 378
435 99
365 118
436 1
78 344
148 53
10 360
127 352
338 19
136 216
244 279
376 229
60 460
423 358
108 360
466 319
285 437
300 432
362 329
6 284
421 89
28 50
57 466
114 287
372 480
463 194
475 252
381 261
344 457
309 189
244 138
441 189
268 361
137 432
137 464
397 264
326 178
462 118
124 24
22 286
359 50
150 82
176 192
347 481
457 430
58 363
115 23
92 284
328 45
343 195
201 212
468 371
323 206
475 243
469 19
304 111
482 373
375 165
299 286
100 322
197 18
388 408
228 375
327 361
358 492
401 245
473 304
413 241
251 219
288 37
294 385
74 124
66 373
24 255
177 298
410 440
