67
100
6
74 50 20 82 28 43
53 27 57 99 75 92
97 64 58 14 28 41
74 61 33 66 13 96
14 48 53 18 85 81
91 100 51 20 11 79
51 99 68 67 79 22
60 32 41 22 98 43
79 12 14 62 19 100
10 17 80 53 10 38
19 63 68 59 22 92
98 60 16 93 62 94
10 54 63 34 27 77
89 90 59 81 66 97
45 87 78 46 92 65
73 85 34 25 50 71
59 78 43 32 99 45
85 13 70 25 94 34
56 76 86 17 57 73
72 79 15 95 64 67
46 73 60 95 34 95
100 44 85 38 79 16
62 87 93 93 66 97
87 88 47 62 63 78
55 100 48 87 69 31
57 96 34 14 56 81
18 86 94 26 21 89
96 92 27 43 21 66
74 75 56 78 95 77
31 81 68 71 69 31
27 90 83 25 33 46
52 91 67 64 89 18
18 41 66 73 95 100
66 32 59 35 96 41
62 94 10 29 52 38
94 76 58 12 14 94
85 32 23 38 50 100
35 40 42 47 71 94
70 18 28 99 10 89
67 88 85 75 34 34
67 84 81 26 26 76
25 93 94 43 38 68
11 19 37 55 68 56
74 36 34 32 48 30
53 54 23 95 55 87
26 99 85 86 10 52
39 27 66 23 91 96
45 98 74 73 72 54
69 24 31 68 27 86
88 50 94 88 98 40
38 85 40 31 40 89
69 61 46 36 17 44
37 33 88 33 64 99
34 99 27 43 22 76
22 92 20 77 94 51
28 29 40 85 12 13
90 30 88 44 19 35
17 25 98 23 35 90
45 16 92 44 91 66
74 27 79 79 20 76
43 89 11 70 21 18
88 46 12 20 33 87
97 23 61 67 48 66
35 88 85 21 77 52
87 73 57 65 33 45
94 61 98 63 46 100
96 74 100 83 62 22
18 59 94 11 74 90
72 98 86 87 91 48
100 30 44 21 52 11
39 24 18 54 61 35
14 64 84 11 100 50
86 99 28 55 41 33
33 48 100 95 61 70
32 67 38 30 35 22
91 23 37 25 15 92
69 47 100 80 82 71
60 48 58 46 73 82
53 98 25 19 32 18
41 96 26 58 31 71
57 59 85 80 57 41
44 33 50 54 20 46
52 48 82 59 57 36
22 82 57 38 87 30
37 77 88 48 84 33
27 25 74 51 27 66
63 16 64 38 60 86
22 64 33 96 82 82
97 55 100 75 39 10
21 84 74 63 91 12
37 59 33 36 39 95
90 51 42 18 57 50
51 83 49 40 53 71
31 12 29 28 42 52
45 94 10 24 98 10
20 83 63 20 42 98
11 91 28 29 50 66
78 18 37 60 18 55
55 96 81 83 41 64
23 69 58 74 29 28
0.000386032
0.000304529
0.000195966
0.000496202
0.00023103
0.000114987
0.000109078
0.000136803
0.000218268
0.000411955
0.000481669
0.000318981
0.000313309
0.000255849
0.000116274
0.000424572
0.000100418
0.000105009
0.000283682
0.000444996
0.000176637
0.000200815
0.000152534
0.000489308
0.000390561
0.000263796
0.000235613
0.000234121
0.000429087
0.000175368
0.000352429
0.000203413
0.000220839
0.00042406
0.00049018
0.000141041
0.000232166
0.000242351
0.000144469
0.000261409
0.000142627
0.0004377
0.000122214
0.000228623
0.000361221
0.000150542
0.000204249
0.000390963
0.000311126
0.000357567
0.000152624
0.0003275
0.000378689
0.000131775
0.000268146
0.000456392
0.00031625
0.000152031
0.000426151
0.000161196
0.000259898
0.000459794
0.000220867
0.00024366
0.000128573
0.000268483
0.000483978
0.000163355
0.000173886
0.000249708
0.000364083
0.000151716
0.000171736
0.00032597
0.000438859
0.000316447
0.000485142
0.00015392
0.000440057
0.00037928
0.000102931
0.000376001
0.0002336
0.000486267
0.00040942
0.00039232
0.000424031
0.000155631
0.000261162
0.000385647
0.00031663
0.000245263
0.000340503
0.000492782
0.000445607
0.000441667
0.000262594
0.000159997
0.000267685
0.000145065
285 278
116 275
479 305
74 123
37 221
64 434
383 13
293 381
319 70
361 297
63 45
70 49
4 222
418 284
222 119
226 67
137 369
140 129
130 399
221 82
370 116
232 33
263 274
265 69
482 116
311 460
96 475
312 353
97 469
253 287
55 122
192 482
367 367
155 381
184 30
214 136
46 494
22 197
321 240
373 289
356 441
71 442
247 403
272 444
7 307
360 357
176 319
161 429
213 312
229 332
190 320
284 19
470 72
471 145
248 436
205 242
489 98
353 70
176 118
306 379
296 473
331 148
147 382
471 482
191 66
1 134
248 191
303 363
251 329
236 249
325 248
448 210
313 16
427 284
96 30
52 105
172 186
216 132
432 63
484 401
320 445
110 259
366 490
445 51
177 189
323 444
430 366
233 259
63 238
2 320
261 489
194 126
297 425
79 287
167 20
155 421
200 89
437 137
137 391
216 139
