49
100
6
63 96 71 36 63 56
26 70 10 28 82 78
30 12 28 32 23 89
92 74 84 99 22 93
26 65 78 60 70 11
28 17 11 72 23 61
71 44 79 64 83 25
98 78 80 78 11 45
70 50 34 87 94 70
71 66 46 71 34 95
53 44 27 28 72 28
53 53 60 51 10 91
60 27 72 52 22 50
44 84 25 59 66 11
86 35 42 69 98 14
97 61 19 28 90 56
82 25 61 66 76 26
27 31 69 63 58 61
80 58 99 76 41 88
25 16 14 78 93 47
79 79 23 27 52 24
74 33 13 57 33 29
95 14 14 66 72 63
73 36 46 80 85 20
15 64 28 70 35 94
67 22 61 69 87 59
71 57 10 12 65 37
42 46 64 51 93 52
32 68 42 66 67 77
97 19 40 80 76 21
48 40 51 76 51 34
36 85 91 32 69 20
19 52 71 17 85 50
20 29 68 29 31 39
75 29 13 48 17 42
18 34 15 16 39 59
99 24 39 90 37 61
42 67 28 49 22 54
77 29 75 16 40 20
100 89 83 56 29 59
51 63 22 13 51 59
67 57 75 40 81 62
46 78 15 59 48 25
74 46 72 22 88 42
99 67 36 44 82 83
40 51 63 20 99 64
74 73 85 25 35 84
39 72 30 10 43 100
45 26 33 89 16 29
84 53 18 30 50 70
54 40 39 96 49 69
19 37 10 88 75 60
80 10 18 99 75 69
45 84 32 27 30 33
54 40 71 21 18 93
54 61 70 27 39 41
30 89 92 63 49 41
51 59 25 86 61 81
48 94 97 27 83 13
74 52 40 97 96 68
85 68 56 33 11 13
77 80 67 26 21 54
54 73 75 78 40 61
93 98 85 92 44 14
77 39 17 71 20 71
83 46 46 62 34 59
14 62 24 51 36 65
19 79 25 39 79 84
79 78 16 32 46 46
64 60 75 40 61 13
100 96 85 88 86 75
33 27 31 27 100 54
99 34 97 83 91 44
33 30 45 74 34 40
76 89 34 49 65 56
60 65 22 25 41 28
41 58 98 94 41 42
17 34 66 16 37 23
22 61 43 13 53 43
42 72 11 23 96 53
56 92 30 43 66 98
32 96 73 84 95 47
49 54 75 49 63 45
58 76 38 71 42 40
60 41 77 57 53 58
62 36 40 84 79 47
17 74 56 67 90 12
62 44 25 74 82 71
51 66 29 100 69 70
32 35 85 99 20 31
86 60 22 89 57 27
70 83 88 47 53 80
23 26 39 84 94 69
58 77 50 83 31 56
86 81 65 64 79 87
67 14 49 89 87 16
33 50 19 79 45 66
25 37 74 95 89 91
60 28 58 30 55 100
87 87 91 29 26 86
0.00031593
0.000255122
0.000292691
0.000187206
0.000277319
0.000240143
0.000262409
0.000330738
0.000332979
0.000241441
0.000360375
0.000444611
0.000180255
0.00033312
0.000209536
0.00022704
0.000217686
0.000296636
0.000365632
0.000143955
0.000177743
0.000496309
0.000252443
0.000438744
0.000329037
0.000374365
0.000152838
0.000176611
0.000414315
0.000367868
0.00027181
0.000282292
0.000358118
0.000485491
0.000312854
0.000254818
0.000111827
0.000127627
0.000487483
0.000325143
0.00018204
0.000291179
0.000405386
0.00026859
0.000355227
0.000482684
0.000298684
0.000387219
0.000411212
0.000443067
0.000476479
0.000107106
0.000459021
0.000300792
0.000286517
0.000230295
0.000303677
0.000272494
0.000400182
0.000300513
0.000160495
0.000103478
0.000444048
0.00022848
0.00029853
0.000274002
0.000324696
0.000252658
0.000490787
0.000381994
0.000232501
0.000284204
0.000145264
0.000159822
0.000232021
0.000187279
0.000405497
0.000427638
0.000415229
0.000280086
0.000120853
0.000112952
0.000433831
0.000274376
0.000274743
0.000166739
0.000241809
0.000146369
0.000147574
0.000204534
0.000359438
0.000428369
0.000417075
0.000321505
0.000225323
0.000181009
0.000247101
0.000304769
0.000212602
0.00040727
168 30
192 427
350 210
304 257
331 425
386 352
334 359
149 307
137 161
133 380
44 139
314 118
456 182
268 152
32 207
100 329
179 259
275 458
414 35
153 309
372 404
223 168
443 125
235 482
205 374
373 12
60 429
361 369
125 5
100 407
452 415
36 6
85 357
337 494
59 383
373 52
289 401
62 117
334 499
137 296
347 22
226 132
107 352
479 339
243 182
117 326
292 53
1 207
462 70
305 353
438 414
372 20
65 258
140 303
118 23
337 73
29 183
500 5
387 163
109 362
492 324
345 464
129 497
345 389
201 332
17 141
321 19
472 354
459 178
373 272
36 72
52 445
155 253
68 263
0 5
226 295
371 464
339 51
433 300
81 450
123 318
222 366
331 452
53 410
449 458
203 188
96 212
37 273
164 135
90 455
64 358
175 55
49 337
320 446
417 109
346 2
303 384
344 296
452 111
62 216
