89
100
6
76 74 100 17 52 39
60 68 60 93 63 77
35 91 83 56 31 71
12 28 68 14 92 58
90 83 93 58 37 78
46 89 80 61 25 11
93 85 25 94 69 11
72 93 28 95 43 41
77 85 43 95 65 51
28 99 61 69 65 54
16 30 35 14 52 73
74 77 78 94 18 44
66 55 97 27 32 21
39 75 64 27 66 96
43 86 25 51 74 80
53 54 22 85 52 20
63 95 90 71 77 78
54 61 63 25 92 97
24 19 47 74 68 11
75 77 22 45 87 94
66 88 45 80 62 30
59 13 82 36 56 100
43 94 78 99 78 66
29 21 29 41 31 48
19 42 78 62 60 77
74 75 19 36 65 71
59 42 44 20 83 87
69 90 36 25 45 89
65 97 87 84 88 100
84 11 55 64 82 89
70 14 37 79 26 72
73 43 17 53 64 41
60 29 94 24 82 32
84 31 72 63 26 34
77 97 87 47 40 58
81 77 49 19 31 74
32 21 54 47 95 19
43 84 73 34 35 39
67 86 32 61 54 18
45 65 99 35 19 69
34 10 75 94 45 78
52 82 79 42 50 46
53 33 99 86 13 25
63 76 83 97 30 34
25 27 93 47 61 59
12 36 56 96 100 44
93 72 68 20 99 81
62 73 48 42 79 93
32 59 23 52 59 72
60 38 81 13 86 91
98 39 42 99 55 29
94 78 71 21 56 64
82 84 73 25 86 90
24 80 74 56 84 90
68 49 24 10 83 79
74 83 71 96 38 56
59 33 74 99 83 31
98 57 39 57 55 60
62 28 57 67 53 10
55 84 48 31 77 73
30 45 85 70 42 38
38 11 12 99 17 98
55 83 53 88 35 64
77 76 15 98 47 23
77 57 69 98 82 40
24 60 14 65 66 14
51 65 59 41 52 72
23 29 83 37 28 44
53 49 69 79 94 100
29 37 42 33 21 53
11 29 62 34 86 13
54 44 38 61 27 75
58 99 47 94 19 20
19 54 90 33 14 96
36 82 96 74 55 19
45 23 79 73 19 43
71 69 54 22 48 89
38 40 49 98 88 33
96 23 82 50 59 12
83 14 17 43 55 79
40 100 29 60 71 59
72 14 70 28 76 70
22 75 95 87 62 49
82 29 63 20 31 74
77 54 82 26 32 10
12 65 32 30 49 50
97 59 40 93 79 96
49 66 27 49 11 23
14 82 31 58 88 83
73 19 53 12 29 18
33 98 56 47 67 99
89 53 54 91 86 90
52 46 79 20 93 26
18 27 39 58 79 47
20 65 16 87 60 50
14 63 43 92 85 84
78 28 73 24 23 94
85 41 33 10 65 30
62 91 51 43 18 80
88 41 74 38 18 82
0.00040054
0.000254921
0.00010107
0.000439219
0.000381761
0.000382751
0.000451651
0.000465232
0.000325587
0.000431257
0.000389367
0.000387514
0.000289965
0.000359513
0.000200558
0.00023476
0.000459344
0.000449098
0.000276525
0.000123093
0.000347183
0.000315384
0.000156178
0.000413319
0.000184975
0.000385766
0.000347007
0.000326265
0.000321028
0.000432575
0.00031346
0.000306116
0.000253115
0.000151693
0.000164734
0.000327934
0.000102059
0.000215536
0.000314623
0.000161353
0.000188008
0.000483845
0.000262529
0.000142128
0.000285149
0.000463394
0.000199849
0.000466614
0.000404115
0.00034253
0.000275713
0.000363274
0.000295434
0.000380922
0.000255849
0.000127116
0.000461637
0.000308023
0.000403225
0.000204055
0.000208651
0.00042249
0.000291576
0.000210664
0.000486388
0.000418745
0.00032849
0.000430429
0.000467739
0.000443931
0.0004235
0.000273732
0.000239398
0.000307382
0.000323655
0.000497214
0.000364238
0.000138558
0.000112759
0.000315259
0.000216137
0.000247619
0.00038492
0.000226203
0.000273516
0.000260435
0.000244352
0.000376194
0.00030658
0.000349329
0.000345385
0.00021936
0.000391173
0.000147428
0.000452144
0.000456593
0.000492773
0.000288053
0.000334862
0.000228843
135 297
80 22
438 282
94 120
383 225
238 90
91 388
55 46
327 161
87 55
50 11
256 395
161 79
325 127
444 181
154 470
463 280
0 368
157 186
253 48
323 201
294 479
181 100
67 118
28 438
429 336
199 300
172 334
387 74
46 137
441 9
406 252
171 425
349 424
360 322
145 334
51 160
367 75
498 253
325 472
372 138
215 71
166 102
111 227
335 35
247 189
381 213
87 416
299 37
40 316
71 222
175 160
419 434
447 252
285 109
443 377
304 411
439 301
43 240
81 260
498 28
284 291
184 249
141 50
85 327
464 274
397 378
112 293
328 302
156 48
25 382
215 223
459 273
301 352
214 461
487 356
294 184
500 23
9 96
179 38
152 346
482 404
340 444
176 24
428 136
274 398
113 93
213 277
306 309
480 36
451 472
433 2
303 315
459 389
103 319
62 50
210 431
39 143
94 252
152 15
