44
100
6
99 62 54 92 95 81
93 20 90 23 93 46
25 35 37 53 46 27
15 91 18 28 84 53
85 18 98 24 39 13
13 55 34 58 52 43
41 59 86 49 62 92
27 24 20 72 55 67
55 29 16 60 59 87
79 59 19 40 82 43
71 38 61 68 88 23
28 26 83 94 23 49
66 71 45 78 58 97
13 49 93 16 32 36
63 47 94 68 39 42
50 67 37 41 57 12
46 59 55 57 34 34
85 83 76 70 42 27
97 27 70 66 27 14
87 93 91 17 41 39
71 89 16 35 69 84
17 26 25 87 28 88
29 94 73 50 96 37
12 60 55 68 40 90
67 31 10 57 20 23
24 88 41 35 46 51
66 96 38 63 21 55
89 58 63 98 86 35
10 57 54 100 84 13
28 68 52 43 48 92
58 43 34 34 18 44
43 17 13 94 68 79
78 78 57 28 96 100
20 45 72 18 52 20
29 30 32 76 81 57
50 51 53 37 50 48
69 65 81 25 54 11
54 35 100 93 41 94
60 47 73 59 20 45
98 30 97 93 90 57
58 86 71 26 49 46
88 61 57 87 89 67
52 76 81 82 28 59
46 76 36 22 45 17
22 16 26 18 60 31
89 54 77 98 46 27
55 72 28 87 29 48
80 75 28 58 78 41
18 74 51 68 73 33
66 36 39 15 59 50
30 51 45 83 68 93
91 97 23 88 46 98
14 35 94 62 76 43
37 55 66 88 70 30
94 13 83 40 45 69
41 52 65 62 65 14
78 95 62 27 52 25
60 72 97 58 11 73
53 48 84 30 85 21
98 61 41 35 96 52
88 98 51 90 97 21
40 71 53 23 80 24
54 72 28 39 89 19
84 76 12 66 52 55
80 54 49 64 58 24
42 35 85 29 62 96
65 41 87 76 75 80
65 94 47 71 47 31
37 92 82 36 30 64
91 19 99 10 74 56
97 48 62 98 93 52
86 79 17 82 32 39
96 59 10 97 15 61
88 61 32 94 59 91
31 35 35 89 87 30
67 79 83 96 31 28
69 14 100 33 35 85
46 23 63 58 44 21
89 89 13 40 68 12
52 16 54 36 41 46
30 72 67 68 29 70
28 18 50 21 16 41
87 12 28 12 61 14
46 85 72 97 77 84
80 38 72 72 37 99
95 43 76 37 18 37
26 81 62 99 63 65
50 88 34 78 75 13
80 27 34 18 49 97
82 15 43 30 49 13
83 79 69 91 87 31
75 11 51 94 63 84
45 92 73 65 78 38
42 53 18 99 93 80
46 96 41 89 69 88
82 89 46 42 62 32
18 36 10 60 93 24
30 58 88 55 27 47
84 23 22 89 35 95
95 78 96 39 96 71
0.000264526
0.00023898
0.000140167
0.000387073
0.000280257
0.000163956
0.000191755
0.000359186
0.00020193
0.000385476
0.000101436
0.000265473
0.000474008
0.000384636
0.000459588
0.000464507
0.000174554
0.00044436
0.00023027
0.000462331
0.000475927
0.000419768
0.000335956
0.000145273
0.000258283
0.000140459
0.000229925
0.000467377
0.000310993
0.000409416
0.000490616
0.000126582
0.000103583
0.000246099
0.000480778
0.000411016
0.000423375
0.000120462
0.000110309
0.00048167
0.000200074
0.000291477
0.000494833
0.000299269
0.000419308
0.000483276
0.00043848
0.00043242
0.000404349
0.000456737
0.000279579
0.000252499
0.000481823
0.000105051
0.000289482
0.000128012
0.000424922
0.000265411
0.000307886
0.000357229
0.000349883
0.000347137
0.000430894
0.000117136
0.000315689
0.000432038
0.000498162
0.00013961
0.000421299
0.000386649
0.000373132
0.000175172
0.000198175
0.000264364
0.000280093
0.00038527
0.000318221
0.000240369
0.000345823
0.000326758
0.000182388
0.000437349
0.000115354
0.000435246
0.000453785
0.000424885
0.000321239
0.000439713
0.000497183
0.00036337
0.000329642
0.000353978
0.000300293
0.000150235
0.000332226
0.000430042
0.000488714
0.000126072
0.000222485
0.000487465
71 375
28 210
449 89
330 137
355 445
443 37
138 407
145 300
430 427
172 297
187 458
148 180
21 114
396 304
334 304
448 292
373 160
231 401
301 355
405 4
314 171
291 26
382 269
275 252
486 18
498 406
164 102
203 321
138 91
41 298
480 461
458 440
242 340
266 24
411 396
298 404
392 472
75 224
455 99
499 124
307 291
94 333
482 476
297 457
441 241
457 361
419 260
70 2
332 211
325 352
404 306
241 424
288 48
86 54
329 258
36 495
498 2
153 471
99 404
416 106
286 347
132 480
52 26
232 129
451 494
240 211
187 211
5 437
473 27
287 178
428 153
116 214
67 205
391 127
326 17
98 285
355 76
91 104
454 13
210 184
421 338
221 446
295 222
129 452
81 255
151 123
164 121
365 325
379 392
410 347
386 161
375 270
377 120
81 280
182 453
374 408
455 380
1 82
53 89
262 83
