33
100
6
53 76 19 73 61 97
29 100 83 79 76 88
92 95 91 99 71 40
95 72 51 59 59 18
29 90 77 91 66 43
61 65 11 67 30 67
95 36 51 90 60 42
74 77 51 83 88 92
79 40 40 50 89 94
61 27 10 21 18 12
46 18 70 86 78 80
77 86 65 21 96 48
84 29 63 26 28 66
43 11 99 81 60 77
44 38 48 16 93 95
100 17 32 13 52 95
14 37 14 37 94 42
93 38 71 88 31 38
79 82 13 100 46 87
29 57 81 48 91 72
67 79 41 69 82 51
41 57 39 26 83 11
53 86 16 17 39 89
69 83 72 77 35 83
18 29 42 99 10 64
64 38 30 88 32 67
35 54 69 77 76 89
54 91 78 86 72 23
56 26 46 82 68 20
65 85 68 28 91 31
31 57 17 34 67 36
71 61 66 15 67 71
56 44 24 43 85 31
41 78 17 39 62 50
37 32 75 16 34 50
20 57 16 44 16 44
85 84 54 25 24 15
14 31 49 69 37 77
95 58 77 57 45 56
19 23 84 27 47 31
93 60 11 59 26 57
86 62 10 53 20 42
54 55 60 29 78 68
54 46 96 74 26 43
87 26 75 53 72 84
65 35 16 77 81 90
81 89 93 80 24 42
53 81 17 65 70 17
83 69 80 88 83 55
64 56 47 15 56 29
24 15 77 83 15 48
30 77 24 94 43 94
93 94 53 24 43 68
22 70 50 78 55 56
45 34 100 94 75 17
76 12 76 72 44 13
93 39 64 41 91 48
52 58 31 66 14 44
85 53 13 67 29 76
95 21 83 23 32 49
48 81 14 21 21 97
41 53 69 23 37 45
76 50 70 15 36 76
47 81 22 79 25 55
11 44 77 96 82 43
60 63 25 53 87 15
29 81 26 62 81 50
34 82 74 88 92 97
80 71 95 79 100 22
96 29 50 29 32 60
89 79 28 38 95 39
38 54 51 62 46 51
52 39 61 96 95 49
45 49 56 29 42 90
91 70 58 72 37 43
99 33 68 73 25 30
95 10 36 72 40 26
73 82 59 73 11 55
81 38 16 64 59 47
64 40 66 10 56 91
16 27 14 98 25 79
32 12 49 94 99 14
38 26 93 39 85 42
88 87 69 79 97 44
48 16 20 11 53 63
63 60 95 13 56 73
87 52 72 31 68 68
39 12 62 42 44 78
19 99 54 82 96 31
24 94 17 84 36 97
29 75 37 66 80 79
43 82 62 61 42 53
34 28 37 23 25 61
36 21 79 46 18 13
99 88 77 93 35 32
81 41 68 17 72 89
22 42 10 50 20 35
68 70 19 43 51 96
26 25 39 67 44 84
93 89 84 91 97 99
0.000381345
0.00042119
0.000209803
0.000415199
0.00014802
0.000336554
0.000323927
0.000219304
0.000479665
0.000285793
0.000406759
0.000131628
0.000121375
0.00012345
0.000418554
0.000169451
0.000114983
0.000121897
0.000421298
0.000295681
0.000369842
0.000309489
0.000285165
0.0004175
0.000103903
0.000222108
0.000432851
0.000218915
0.000209309
0.000194119
0.000228201
0.000208088
0.000197267
0.000131739
0.000145218
0.000479458
0.000301974
0.000165108
0.000424531
0.000481778
0.000425928
0.000366671
0.000237717
0.00016852
0.000282572
0.00011592
0.000147212
0.000246385
0.000358099
0.000134464
0.000196638
0.000351372
0.000147109
0.000133983
0.000414768
0.000308414
0.000329773
0.000438061
0.000381889
0.000391465
0.000359621
0.000185267
0.000331088
0.000252013
0.000330817
0.000489365
0.000364407
0.000257607
0.000224571
0.000126826
0.000293334
0.000421659
0.000102962
0.000273648
0.000465182
0.000259505
0.000293327
0.000347357
0.00022904
0.000123871
0.00021815
0.000378268
0.000230517
0.000318167
0.000104559
0.000163239
0.000173287
0.000385331
0.000412491
0.000390954
0.000241061
0.000473738
0.000196573
0.000180234
0.000199143
0.000152786
0.000352103
0.000425458
0.000240731
0.000246739
85 479
81 251
271 216
489 290
387 323
414 479
334 9
124 24
248 77
26 389
111 185
134 475
34 264
385 110
495 345
393 312
147 478
164 27
158 441
179 474
171 6
101 49
92 206
248 242
144 348
347 43
22 430
116 285
356 493
329 485
365 83
347 159
118 79
113 298
371 365
371 155
407 258
401 19
19 479
426 359
149 406
443 7
84 318
11 4
381 240
398 323
70 488
315 383
66 154
424 327
316 109
106 96
70 405
0 255
292 232
479 112
438 177
97 77
351 111
319 410
275 155
359 478
325 254
229 197
316 152
84 196
267 500
340 69
420 105
199 421
417 284
487 117
165 249
201 163
252 158
447 295
267 234
260 481
160 192
181 479
447 478
357 36
241 270
154 430
411 426
311 214
175 4
361 252
378 228
355 78
178 73
196 195
181 496
19 136
214 40
445 349
294 87
224 297
152 300
455 268
