57
100
6
87 35 80 46 59 24
49 30 26 63 11 85
84 41 14 28 93 95
76 15 52 80 86 51
35 89 80 92 65 89
33 45 95 42 90 26
56 98 89 36 10 21
46 83 67 58 39 49
62 19 59 29 59 39
19 25 19 86 63 75
71 73 50 41 32 11
14 81 57 83 64 25
29 40 67 18 100 50
10 71 65 64 20 58
95 83 60 25 96 98
20 13 57 78 44 43
50 62 91 51 87 100
68 75 81 33 66 48
73 97 92 80 66 80
37 18 45 69 45 47
78 51 63 88 37 44
24 26 51 56 87 83
47 69 39 57 58 31
11 75 76 14 38 44
52 54 71 83 30 16
17 51 31 78 76 24
97 97 74 47 34 46
100 27 56 96 70 77
22 92 85 35 58 50
93 70 88 44 97 75
65 71 63 37 32 21
93 39 50 71 10 38
100 93 63 84 87 13
61 32 40 79 70 100
82 94 19 50 52 25
15 93 98 13 91 24
32 75 89 100 38 68
53 47 16 64 85 25
58 58 40 89 85 24
37 82 34 36 80 64
82 55 88 76 55 67
50 43 84 34 43 53
75 86 98 85 27 15
77 32 41 82 23 85
42 27 10 21 79 19
30 65 93 43 99 66
50 43 63 70 71 86
84 64 50 91 55 97
11 10 21 31 10 83
81 27 75 50 49 22
59 78 17 22 59 73
68 71 74 40 15 69
96 66 82 73 31 29
87 21 85 74 83 99
88 78 76 16 85 29
36 100 53 13 50 18
13 52 53 52 23 85
20 51 30 41 54 13
70 56 76 87 76 93
47 80 81 54 83 66
29 43 11 92 18 23
65 31 55 63 91 57
66 53 76 19 30 11
65 97 91 63 63 10
98 53 14 71 24 54
41 59 42 10 100 69
77 64 86 34 23 15
53 42 92 69 52 80
100 16 40 46 80 96
69 10 43 86 56 75
61 22 15 56 75 46
74 19 65 25 63 88
17 59 53 86 34 78
18 63 56 83 52 84
47 24 18 44 92 89
49 55 85 100 29 72
79 92 32 14 52 21
80 93 92 79 51 11
86 60 44 35 26 39
53 41 45 64 29 88
77 63 46 27 62 28
48 11 27 75 18 39
26 33 62 68 45 22
69 22 55 97 14 25
30 94 27 13 17 10
30 78 58 81 25 74
16 72 81 72 40 56
55 42 79 73 68 47
76 87 82 97 59 63
27 38 54 53 84 70
24 39 22 16 98 64
94 95 20 76 26 71
47 31 43 39 58 39
79 85 44 21 64 73
28 72 26 95 70 85
25 54 91 61 66 36
45 54 72 43 39 13
78 78 51 45 16 69
21 35 48 65 87 17
23 16 79 79 44 22
0.000402656
0.0002416
0.000403345
0.000116931
0.000403206
0.000325251
0.000291595
0.000126761
0.000383399
0.000355786
0.000120506
0.00010346
0.000202684
0.000416008
0.00049405
0.000280543
0.000365613
0.000110981
0.000319224
0.000444733
0.000122999
0.000459414
0.000371205
0.000173577
0.000213068
0.000121405
0.000159695
0.000470101
0.000237024
0.000351189
0.000329366
0.000136748
0.000364891
0.000223492
0.000375715
0.000126734
0.000181767
0.000485543
0.000242137
0.000273656
0.00029395
0.000429244
0.000254155
0.000435938
0.00015723
0.00029883
0.000356161
0.00049035
0.000246107
0.000180385
0.000282651
0.000288828
0.000165004
0.00036043
0.000295059
0.000449378
0.000482446
0.000449576
0.000331966
0.000347326
0.000456342
0.000313488
0.000320204
0.000156965
0.00043132
0.000405555
0.000105429
0.000102227
0.000482754
0.000111327
0.000304493
0.000224165
0.000310078
0.000383939
0.000289733
0.000226235
0.000485237
0.000458654
0.000157586
0.000254438
0.000124052
0.000331852
0.000448309
0.000306878
0.000123
0.000200745
0.000349792
0.000155462
0.000404505
0.000372806
0.000458785
0.000208675
0.000360827
0.00027457
0.00025878
0.000483897
0.000465139
0.000386405
0.000282162
0.000276903
290 372
363 117
316 136
446 493
94 322
214 408
38 355
39 207
251 489
287 253
420 245
120 500
145 432
461 446
372 12
294 289
128 162
44 396
65 188
353 382
380 58
302 354
12 49
387 456
74 270
310 102
321 228
332 237
131 12
121 262
145 401
430 41
86 18
480 33
217 222
36 285
258 479
113 42
46 104
258 493
487 117
462 245
113 229
313 402
360 489
351 244
450 460
158 133
136 356
76 289
55 325
254 5
9 144
38 114
97 114
68 435
292 301
356 283
492 252
27 321
185 101
344 105
345 472
1 491
89 152
483 342
203 114
168 290
381 90
445 72
265 343
240 459
151 443
144 279
288 232
51 155
322 91
449 28
118 465
358 479
35 69
231 202
285 147
406 79
345 21
302 349
103 227
402 132
31 267
212 298
371 225
132 59
148 37
474 137
161 287
260 430
395 461
309 10
181 39
7 433
