39
100
6
20 15 39 46 44 56
92 99 52 61 94 14
49 49 47 32 29 41
36 53 28 62 25 50
10 82 62 30 37 17
79 40 15 72 72 89
86 61 16 82 91 29
84 51 19 46 19 28
22 74 83 65 67 75
50 93 91 65 51 51
38 82 81 63 24 82
77 42 86 23 97 66
41 29 63 95 63 21
65 20 24 57 61 72
27 82 25 22 92 89
73 58 88 56 34 71
32 37 39 75 78 95
58 51 68 90 42 16
11 28 97 19 66 53
28 55 30 82 56 39
92 97 56 28 77 92
48 48 23 77 87 85
93 16 67 63 25 52
78 18 64 43 54 80
89 91 11 90 46 80
91 23 37 41 67 38
90 66 37 83 10 25
87 55 36 89 26 40
18 15 97 20 84 71
38 59 48 36 22 14
86 30 59 30 66 79
50 62 77 74 72 32
67 24 58 38 18 64
63 59 73 93 37 86
87 89 78 28 61 80
79 75 23 75 41 75
71 93 97 69 21 22
84 73 77 96 92 20
84 27 10 16 66 76
78 12 36 82 84 38
76 34 74 76 11 54
32 88 69 97 62 18
75 81 15 100 44 66
88 49 54 68 57 81
75 91 26 17 55 49
38 67 26 31 69 48
14 99 40 100 86 70
63 60 14 72 93 68
31 15 13 63 52 55
45 81 38 75 31 23
45 98 94 38 15 54
90 39 41 79 25 16
95 33 80 21 51 27
53 63 20 92 81 98
21 52 55 78 47 41
46 99 60 19 40 36
10 16 69 42 39 100
83 30 10 39 80 39
95 66 11 14 84 44
28 56 41 47 94 33
97 87 10 46 17 99
80 87 38 87 50 84
94 28 49 20 67 81
91 38 74 98 77 89
20 25 93 12 43 77
73 84 64 40 80 59
35 95 95 19 98 62
15 95 22 31 18 23
63 89 28 19 82 28
85 53 84 80 37 31
91 89 44 77 77 65
15 30 12 26 94 24
93 92 100 17 30 89
76 66 64 31 25 23
42 44 15 28 70 96
61 65 99 58 32 24
89 37 14 75 41 87
76 62 66 77 11 84
99 33 57 75 90 52
69 29 82 63 41 14
43 16 100 35 88 80
72 20 14 41 43 19
30 85 67 55 31 25
87 20 98 15 10 48
47 88 37 66 90 96
17 98 22 36 75 29
83 68 49 80 15 26
11 73 43 10 55 100
11 16 30 36 75 78
97 73 11 67 67 28
98 69 10 30 12 23
23 52 40 53 97 90
34 65 32 10 81 82
26 79 31 85 63 93
15 19 82 59 55 62
45 91 16 31 82 59
55 23 96 20 57 44
26 22 41 40 42 39
10 48 41 23 75 40
31 59 67 36 93 88
0.000346806
0.000461543
0.000113948
0.000149895
0.000167732
0.000298407
0.000314921
0.0002261
0.000232364
0.000331629
0.000244714
0.000133115
0.000256029
0.000105746
0.000199557
0.000239308
0.000296557
0.000257336
0.000443205
0.000382218
0.000483135
0.000483338
0.000324687
0.000123126
0.000132742
0.000231248
0.000408014
0.000236825
0.000226378
0.000499127
0.000168787
0.000260913
0.000333956
0.000397872
0.000185388
0.000153175
0.00039533
0.000263769
0.000120796
0.000418886
0.000240283
0.000393088
0.000296587
0.000374052
0.000293574
0.000271075
0.000480465
0.000408208
0.000337585
0.000195856
0.000454517
0.000443001
0.000158234
0.000147512
0.000437382
0.000481064
0.000382585
0.000389425
0.000149767
0.000109396
0.000353591
0.000158624
0.000390013
0.000136055
0.00043286
0.000326426
0.000462843
0.000221661
0.000483319
0.00035054
0.000109952
0.000149852
0.000370701
0.00029458
0.000201203
0.000281565
0.000300709
0.000314696
0.000280146
0.000360686
0.000220273
0.000310732
0.000228135
0.000214155
0.000303591
0.000389467
0.000172591
0.000322095
0.000281886
0.000224691
0.000251669
0.000319049
0.000308879
0.000475547
0.000464839
0.00013262
0.000219034
0.000386023
0.00041934
0.000357873
76 163
194 500
359 445
135 355
110 216
495 77
130 307
448 453
71 141
485 149
243 278
430 177
63 9
409 259
113 88
269 144
316 63
153 198
465 175
28 458
100 333
99 146
114 368
130 26
394 358
4 93
349 113
187 397
326 372
455 345
298 449
349 415
104 305
149 307
419 236
380 449
255 322
451 212
478 273
366 452
214 139
177 383
347 492
388 355
335 53
416 384
112 58
33 285
82 222
89 141
100 71
269 207
339 154
17 417
172 439
483 334
332 472
350 475
29 413
337 326
106 471
313 203
363 196
239 378
130 292
339 11
21 122
117 138
358 94
266 53
431 255
301 363
461 341
391 108
235 98
266 348
79 322
439 407
370 486
338 134
296 171
377 8
274 279
143 128
2 18
359 334
478 365
334 282
146 444
231 119
268 448
453 495
203 356
381 61
363 83
403 218
440 136
335 205
153 278
49 329
