8
100
6
13 91 15 67 98 97
78 94 18 22 75 58
71 71 81 52 94 77
81 26 62 65 64 100
78 87 38 39 49 89
85 31 34 84 14 20
99 95 85 35 23 82
70 27 42 89 24 71
45 80 91 74 75 63
63 95 19 21 80 46
96 10 24 37 89 73
67 93 89 77 49 91
53 24 16 19 87 85
64 17 84 13 76 52
24 60 42 34 72 78
74 96 38 59 24 52
26 76 44 48 68 95
49 48 64 54 98 78
90 70 96 78 91 58
82 23 89 81 75 14
59 76 55 92 39 39
50 38 83 10 82 57
18 30 82 82 63 38
93 15 45 70 38 93
72 47 81 46 53 38
66 51 32 82 62 77
36 89 61 59 13 88
87 55 14 100 75 68
13 92 98 39 37 65
37 87 55 13 81 14
57 67 22 96 72 50
75 10 37 75 53 29
78 87 64 86 83 55
89 39 95 71 21 91
52 19 27 70 74 48
34 80 58 37 67 68
40 93 40 96 64 75
66 58 99 63 68 88
75 69 76 45 12 64
53 87 92 11 94 93
79 62 47 88 83 75
46 35 52 93 37 82
33 58 77 26 66 62
39 17 73 16 73 26
68 89 78 80 85 89
18 91 28 72 20 34
97 100 66 85 71 72
10 75 44 32 73 31
27 15 68 88 84 81
76 41 98 36 38 35
63 35 35 48 14 83
44 78 28 55 86 50
52 14 50 18 50 48
37 22 97 84 39 38
52 68 50 28 95 26
99 28 57 89 99 65
72 67 43 32 49 26
90 33 92 67 95 61
82 35 74 49 72 77
98 27 72 16 95 89
40 80 62 22 51 50
46 50 68 96 97 97
63 12 54 39 80 72
48 74 86 55 51 59
51 81 49 26 83 11
45 60 10 20 84 21
32 24 62 84 78 37
55 36 53 31 50 28
42 59 39 67 75 41
30 22 74 35 64 90
72 55 10 23 26 82
13 40 16 22 24 91
73 41 41 94 69 15
77 21 55 38 55 39
60 39 29 40 46 20
52 35 20 24 11 72
45 80 21 100 49 56
14 83 33 84 51 69
100 11 56 60 74 57
83 80 43 33 20 28
11 94 43 44 99 66
91 12 38 35 71 52
49 39 14 60 66 68
23 85 39 91 46 98
49 66 12 24 81 59
57 21 36 70 17 92
86 62 33 90 94 20
44 95 64 61 38 34
59 84 15 74 71 85
92 30 91 12 36 52
54 83 83 55 31 84
39 41 82 87 80 45
17 19 46 64 45 34
43 12 14 51 22 10
32 83 64 65 81 80
37 75 75 45 12 68
30 36 60 41 52 25
65 68 38 98 100 47
86 80 33 17 22 71
36 66 83 90 55 56
0.000124001
0.00035191
0.000378977
0.000255652
0.000484901
0.000254013
0.000174977
0.000443517
0.00041469
0.00010603
0.000101404
0.000412165
0.000206345
0.000183691
0.00049025
0.000447944
0.000380087
0.000292498
0.000472481
0.000121881
0.000242831
0.000185492
0.000325745
0.000486909
0.000103993
0.000242217
0.000252837
0.000157848
0.000366612
0.000429203
0.000206003
0.000386047
0.000330944
0.000402808
0.000136106
0.000265557
0.000124889
0.00049261
0.000206178
0.000388213
0.000495514
0.000353358
0.000156511
0.000361976
0.000289664
0.000250899
0.000480549
0.00020303
0.000453159
0.000295859
0.00027551
0.000123868
0.000432336
0.000286614
0.000407632
0.000276989
0.000335096
0.000408915
0.0003137
0.00046124
0.000437562
0.00015329
0.000492479
0.000313806
0.000264834
0.000162417
0.000325371
0.000321786
0.000494201
0.000274606
0.0003083
0.000297916
0.000195769
0.000470167
0.000112666
0.000115666
0.000392018
0.000194268
0.000423474
0.000355683
0.000125122
0.000410136
0.000474967
0.000109639
0.000137625
0.000219437
0.000336161
0.000151462
0.000389815
0.000365293
0.000255934
0.00020136
0.000245619
0.000138706
0.00024872
0.000279439
0.000279776
0.000439543
0.000453823
0.000382807
400 421
400 341
1 456
266 387
296 402
31 445
86 51
125 302
299 313
162 354
206 359
353 269
378 500
226 334
288 111
322 353
262 133
156 118
253 491
269 238
166 212
1 350
395 77
297 290
392 351
393 331
149 114
103 52
26 179
85 166
122 67
442 336
141 251
46 319
388 161
182 247
174 343
145 476
25 376
137 327
215 297
418 399
48 380
214 224
223 138
117 52
377 124
263 215
253 371
461 371
201 445
452 461
182 344
246 398
91 480
85 107
385 489
293 326
259 452
100 52
92 237
316 246
368 261
231 167
202 392
328 101
240 1
395 18
491 411
6 467
449 273
12 500
258 118
480 388
225 424
230 409
275 473
123 261
364 247
14 1
269 493
162 251
393 355
265 40
340 231
220 267
201 479
457 169
292 167
353 476
71 475
168 33
108 254
59 83
243 305
44 444
280 143
431 455
341 411
269 156
