78
100
6
60 52 86 89 44 64
54 28 15 97 24 57
49 71 82 34 65 44
58 24 72 57 83 18
16 95 95 67 70 29
43 62 56 91 84 42
70 99 35 22 20 81
49 25 14 87 53 33
49 83 72 10 60 75
78 36 64 99 56 97
87 29 42 95 28 31
68 72 33 29 56 40
56 41 22 73 11 15
33 75 84 71 28 94
11 52 96 81 84 65
23 79 64 23 14 100
42 65 18 32 76 76
88 100 96 95 42 81
61 87 85 94 17 21
79 83 38 29 16 64
91 30 39 27 29 87
92 43 99 68 48 14
32 39 36 25 66 64
66 74 66 62 35 30
41 70 10 46 38 92
74 13 38 79 57 43
56 75 79 25 39 32
31 60 67 75 32 43
87 21 86 15 54 75
33 67 71 24 86 93
99 86 54 63 62 30
14 11 80 84 59 43
10 65 22 83 89 68
86 86 88 23 55 86
80 84 76 93 17 67
68 14 73 72 10 71
71 47 53 27 100 55
85 86 96 96 77 32
60 32 51 65 100 45
37 58 21 14 39 85
37 85 61 72 88 26
17 72 86 77 14 15
16 47 77 81 50 63
56 53 97 48 75 78
33 24 27 28 59 31
99 98 72 13 29 65
22 52 32 57 63 42
91 60 10 40 99 18
38 15 88 75 91 20
100 93 24 40 67 23
57 91 16 37 13 92
17 69 89 82 15 61
32 96 16 16 27 63
70 47 39 26 27 99
88 66 53 55 79 51
46 42 69 13 13 21
94 99 84 100 37 84
92 29 18 84 80 70
48 42 48 10 11 44
36 32 37 38 100 18
39 85 88 21 49 69
44 74 48 49 23 66
62 33 61 47 43 81
57 74 62 89 93 60
70 29 91 89 92 28
44 89 50 18 88 10
12 85 90 24 15 65
48 34 45 34 32 83
31 30 100 51 96 42
93 79 81 72 99 72
81 96 56 42 91 32
26 14 90 100 52 37
55 45 85 60 69 25
32 78 29 47 31 66
51 44 97 58 47 37
65 77 94 72 84 36
89 84 46 12 79 62
60 24 78 10 86 28
94 86 31 70 89 62
36 24 21 25 82 65
45 57 26 22 44 70
80 83 10 64 68 46
28 84 59 15 76 33
23 97 89 77 94 58
97 53 29 95 14 64
12 54 87 34 37 12
40 50 51 38 87 53
17 46 66 63 77 27
96 91 66 71 26 93
39 62 24 94 100 52
53 78 18 14 69 65
97 20 38 64 67 27
79 73 61 72 25 51
88 24 16 69 35 11
88 11 12 92 83 17
99 43 66 69 35 58
100 76 80 50 21 18
74 93 50 40 83 38
90 72 85 23 11 20
30 77 61 96 91 49
0.000178168
0.000474613
0.000319476
0.000365312
0.000286187
0.000162016
0.000364663
0.000346463
0.000349734
0.000128168
0.00015267
0.000458182
0.000432006
0.000212734
0.000124299
0.000239333
0.000478253
0.000491079
0.000223454
0.000459103
0.000385837
0.000256498
0.000319013
0.000174372
0.00047416
0.000105806
0.000188837
0.000464414
0.000429928
0.000291895
0.000150538
0.000306222
0.000194634
0.000128738
0.00026652
0.000104987
0.000271625
0.000430097
0.000411579
0.000297776
0.000112782
0.000394075
0.000270805
0.000149291
0.000305263
0.000180424
0.000275236
0.000455091
0.00037308
0.000268926
0.000427117
0.000465571
0.000478895
0.000393827
0.000366844
0.000135432
0.000199455
0.000334763
0.00014829
0.000150707
0.000353029
0.000358774
0.000468713
0.000389658
0.000461956
0.000108065
0.000147653
0.000387104
0.000223731
0.000343556
0.000311779
0.000329814
0.000128007
0.000307216
0.000410512
0.000289862
0.000126833
0.000386522
0.00035427
0.000406964
0.000172084
0.000201098
0.000442503
0.000101457
0.000471638
0.000191098
0.000343512
0.00030534
0.000481322
0.000302163
0.000300636
0.000265463
0.000447005
0.00012466
0.000245001
0.000266044
0.000297216
0.000437505
0.000316377
0.000211913
411 228
173 119
256 30
254 362
12 28
407 482
480 405
468 349
492 11
81 400
210 474
402 212
229 44
202 82
445 228
407 29
369 308
202 434
379 330
219 201
376 448
125 109
322 410
94 468
30 367
7 349
64 62
231 224
220 399
290 450
265 258
76 397
414 23
55 263
291 156
193 396
151 202
422 37
342 410
270 405
11 94
461 172
346 373
78 239
63 8
297 498
497 242
332 208
300 85
237 301
406 161
445 231
114 177
236 335
97 267
309 333
287 119
404 3
280 417
129 262
291 236
435 230
418 213
136 39
175 394
41 292
145 178
1 188
19 296
242 275
395 203
186 49
37 13
251 142
2 455
382 360
315 101
185 60
156 399
252 303
166 379
279 315
258 211
314 80
447 312
426 183
50 168
74 321
368 225
475 102
291 154
112 443
414 494
140 373
37 381
72 485
169 18
465 190
14 211
56 344
