8
100
6
92 71 41 14 58 77
39 26 48 50 60 47
22 46 33 29 30 33
100 21 93 44 80 99
65 67 17 41 38 11
92 48 28 81 21 46
34 17 47 85 67 75
34 24 62 78 21 59
78 44 27 86 85 100
33 57 85 59 100 46
20 52 62 100 79 36
53 14 51 52 73 63
19 40 19 40 63 12
46 100 80 60 60 72
17 49 14 82 55 49
77 15 81 53 74 54
44 94 39 43 73 36
57 77 37 11 54 43
27 77 15 53 30 99
31 40 10 72 35 64
35 25 41 36 32 22
78 97 66 98 99 34
33 12 39 17 34 12
60 26 92 12 19 97
21 58 20 100 58 19
79 22 18 94 54 57
77 20 37 63 58 59
51 61 32 40 63 40
50 77 35 65 57 27
58 56 71 45 70 90
45 52 86 63 93 25
59 48 60 84 73 98
88 60 87 12 69 71
95 56 57 16 92 48
76 92 61 34 29 16
38 42 29 65 81 90
73 69 76 37 26 71
10 53 63 83 99 44
13 44 55 61 76 42
17 73 47 35 69 21
37 35 99 87 66 77
55 18 31 48 69 39
70 22 35 28 11 23
83 100 100 71 87 13
32 81 53 37 27 86
36 41 87 22 30 52
56 29 43 71 92 90
68 12 58 13 11 67
98 67 54 39 22 12
28 77 66 60 68 14
47 84 67 87 46 11
82 64 69 17 53 100
77 80 42 61 26 69
76 48 14 49 62 11
64 34 21 31 46 31
75 63 88 40 74 11
14 40 42 68 69 93
42 58 57 23 67 50
48 70 12 48 18 91
10 39 41 55 89 86
45 22 59 85 72 70
32 99 70 13 27 16
36 51 51 49 24 53
89 23 41 73 58 14
16 15 50 59 79 46
57 52 19 77 14 54
99 94 82 93 93 18
97 20 75 78 45 40
37 61 33 73 47 69
17 69 44 63 17 41
17 90 81 66 28 51
19 10 56 48 41 82
21 18 69 29 99 50
46 46 65 38 92 30
35 72 85 65 39 58
72 73 19 61 37 58
49 95 39 42 88 51
86 50 70 36 56 56
61 38 30 24 28 85
86 94 57 97 19 47
97 47 16 43 56 49
49 85 22 91 17 17
62 70 77 37 68 96
37 22 93 40 87 66
40 77 62 81 45 100
20 83 32 17 60 91
40 83 73 80 76 43
24 81 21 97 85 38
34 58 47 95 16 11
71 62 42 40 50 19
96 29 48 55 57 47
13 40 59 91 93 62
68 74 75 32 94 97
13 90 15 32 57 17
42 55 55 54 26 46
50 61 39 41 14 88
28 88 58 82 100 16
53 51 72 20 25 40
98 80 10 20 95 76
13 66 87 65 45 29
0.000148271
0.000461725
0.00032721
0.000450037
0.000452769
0.000304879
0.000242654
0.000272861
0.00039947
0.000129099
0.000387847
0.000332317
0.000247941
0.000318836
0.000329967
0.000355789
0.000317521
0.0001463
0.000237256
0.0002496
0.000178352
0.000387451
0.00048936
0.00035712
0.000370945
0.000147498
0.000161169
0.000271974
0.000434346
0.000486552
0.000386634
0.000305818
0.00025334
0.000269871
0.000335625
0.000392751
0.000494423
0.00040122
0.000463656
0.000378439
0.000489017
0.000171324
0.000473325
0.00016957
0.000189742
0.000400721
0.000484199
0.000351445
0.00015351
0.00029633
0.000141372
0.00033762
0.000142779
0.000409725
0.000365638
0.000436314
0.000342767
0.000423089
0.000430509
0.000336909
0.000299205
0.000162677
0.000441976
0.000372053
0.000257809
0.000264049
0.000160486
0.000438927
0.000266458
0.000128414
0.000273175
0.000211082
0.000229875
0.000406368
0.000118344
0.000211801
0.000486654
0.000150918
0.000282751
0.00018226
0.000348045
0.000492094
0.000182471
0.000395572
0.000143308
0.000460465
0.000427877
0.000485582
0.000294466
0.000451215
0.000135931
0.00037403
0.000295882
0.000376736
0.000237105
0.000402842
0.000209156
0.000171682
0.000389131
0.00022364
9 392
210 239
370 223
231 269
81 408
387 427
309 370
374 171
288 375
274 291
144 289
8 316
452 76
238 282
235 300
335 436
161 466
284 390
13 50
340 494
475 400
335 373
423 203
202 66
351 160
460 289
269 267
467 412
267 462
231 422
34 105
495 492
329 398
261 8
35 124
172 76
423 78
125 290
141 487
108 225
298 432
353 129
35 495
67 478
181 157
159 459
394 468
137 451
386 55
325 171
186 350
173 423
103 154
129 396
484 336
308 314
366 338
423 452
103 0
408 16
495 361
406 168
9 54
189 186
13 411
386 330
488 62
373 191
387 339
286 322
317 150
258 184
438 83
91 296
329 1
456 97
277 345
372 11
100 216
44 371
485 204
472 195
122 483
49 118
190 471
437 256
493 55
426 63
382 352
209 79
3 278
335 207
295 348
95 387
442 152
79 390
350 249
197 25
391 449
106 334
