70
100
6
69 71 37 15 90 48
28 92 92 14 32 89
50 49 45 77 42 90
57 43 22 49 26 54
93 14 46 78 14 21
40 58 61 87 83 44
16 93 41 45 33 16
49 31 20 37 98 42
28 34 74 56 57 51
57 39 10 33 29 74
25 75 26 99 48 21
74 36 38 68 10 21
77 73 83 90 13 71
76 11 76 66 42 15
44 54 20 94 18 49
68 100 75 10 75 91
42 73 94 55 62 14
54 46 28 98 54 90
25 94 80 55 93 93
32 69 92 33 42 81
38 77 38 96 34 23
90 19 24 17 100 14
29 43 10 82 59 13
31 54 60 44 23 16
30 22 75 21 64 27
97 36 66 82 23 37
97 65 46 27 46 70
70 95 61 30 82 66
24 17 37 37 94 61
83 49 69 32 82 84
90 63 67 71 32 41
29 69 27 20 82 47
73 15 83 36 19 47
33 23 88 89 57 97
30 69 78 25 39 33
84 51 25 74 37 32
36 62 37 99 62 28
75 68 42 46 68 20
14 21 73 38 92 61
73 55 22 18 22 19
20 41 70 58 36 51
45 38 27 15 13 11
14 26 87 81 98 72
41 13 36 11 70 45
81 76 37 49 34 50
66 24 85 77 81 12
86 79 94 82 68 87
88 35 27 23 34 37
45 76 25 14 96 72
79 54 17 39 86 20
31 100 53 77 78 81
52 28 40 55 89 21
91 79 40 27 38 27
46 15 65 12 13 73
14 68 82 52 34 93
44 29 38 17 58 67
68 76 91 89 27 14
83 98 13 90 10 25
51 26 82 78 42 21
76 70 24 66 85 72
68 57 24 97 14 69
55 35 31 48 87 56
73 97 24 16 73 83
59 87 94 68 67 50
61 85 63 51 51 95
17 30 79 36 87 76
38 90 31 57 35 80
26 57 14 27 47 98
80 28 68 95 61 47
31 93 26 88 70 59
96 82 71 79 59 46
95 95 58 31 25 82
52 12 27 53 13 23
97 54 21 57 27 58
85 53 77 57 60 86
85 44 47 32 63 45
24 14 63 78 65 29
73 19 79 70 30 97
30 32 16 14 52 46
35 34 27 18 12 12
14 19 19 69 28 66
94 95 27 54 71 43
42 21 45 57 74 74
60 53 12 17 64 50
47 20 88 58 63 56
72 92 86 60 45 30
77 82 92 65 95 28
48 53 95 67 28 29
49 55 33 80 56 45
70 75 39 26 44 11
56 70 82 18 23 60
100 51 50 42 40 91
79 48 58 71 84 63
38 74 23 61 69 93
79 47 36 59 14 41
99 22 23 50 63 13
94 79 99 89 43 54
29 20 18 21 94 91
88 59 56 37 88 75
50 99 76 25 35 64
0.000463868
0.000232457
0.000328435
0.000244046
0.00043982
0.00023087
0.000375226
0.000206329
0.000437765
0.000452484
0.000281539
0.000416154
0.000478901
0.000343816
0.000327155
0.000459295
0.000491097
0.000174196
0.000155171
0.000358371
0.000455819
0.000127658
0.000287331
0.000210186
0.000103226
0.000222283
0.000201984
0.000410323
0.000187571
0.000182975
0.000190399
0.000451482
0.000482517
0.000223874
0.000246636
0.0004381
0.000358154
0.000402146
0.000230125
0.000133156
0.00034902
0.00015259
0.000459393
0.000307453
0.000127967
0.000392755
0.00036866
0.000158059
0.000122181
0.000409595
0.000453991
0.000411061
0.000269108
0.000142709
0.000104191
0.000158693
0.000304057
0.000488891
0.000361373
0.000145478
0.000468088
0.000294894
0.000484039
0.000123172
0.000201902
0.000428317
0.000404256
0.000261316
0.00048198
0.000212522
0.00011577
0.00043263
0.000279772
0.000384823
0.000148055
0.000494384
0.000332771
0.000147275
0.00011764
0.000355335
0.000318126
0.00036269
0.000227901
0.000256332
0.000126699
0.000424202
0.000481605
0.000439356
0.000312088
0.000235495
0.00020798
0.000274352
0.000347777
0.000287603
0.00049775
0.000458602
0.000337731
0.000440494
0.000367863
0.000190719
337 272
19 290
444 410
439 340
70 414
94 90
293 247
375 31
312 287
37 192
3 12
399 487
435 17
439 288
354 292
152 459
338 189
19 41
484 254
259 366
49 308
49 160
76 103
340 209
308 14
276 189
77 500
483 82
465 198
253 188
90 234
37 236
252 432
322 298
166 123
266 142
74 336
14 346
407 121
466 49
287 99
372 274
273 386
2 426
149 200
281 272
222 108
377 444
256 244
219 475
2 24
400 376
108 129
234 268
379 48
160 236
184 331
406 54
22 130
450 136
33 430
80 95
165 433
416 472
270 195
273 303
486 118
427 147
39 453
74 210
238 135
368 235
217 465
473 90
396 467
219 244
103 58
409 280
346 340
383 365
25 226
431 369
32 248
353 290
308 237
411 437
229 47
194 332
498 337
123 315
304 445
341 500
376 349
177 141
162 492
457 259
462 300
23 64
267 147
301 207
