97
100
6
61 40 16 35 51 56
27 58 52 48 84 12
52 18 67 90 73 73
16 24 81 88 100 35
98 39 85 60 80 89
21 51 83 44 99 27
66 96 16 60 26 39
13 86 58 81 96 17
37 39 87 18 40 93
42 84 69 98 71 31
60 25 58 18 24 84
85 63 30 32 100 45
16 20 29 28 34 100
68 11 90 65 34 77
47 39 82 91 67 20
72 52 23 35 30 13
42 48 92 78 86 64
30 95 91 79 89 87
97 64 31 25 18 61
10 81 27 61 93 43
95 82 47 61 34 28
87 45 23 23 25 90
53 98 76 64 39 67
26 85 11 86 19 89
23 43 38 94 25 30
66 97 58 49 45 26
95 60 15 64 64 98
38 67 33 32 62 47
65 48 49 50 38 14
43 81 64 24 18 100
18 26 50 21 18 31
31 14 64 27 28 72
14 10 22 32 82 34
48 53 34 13 19 79
99 68 35 74 63 58
75 44 96 60 90 67
92 70 26 69 46 44
66 57 54 29 51 52
76 42 22 31 51 27
13 80 65 43 69 33
39 81 80 21 97 33
88 34 58 32 50 21
13 52 87 82 68 84
38 58 11 65 36 58
82 97 89 48 53 59
91 43 92 63 93 36
73 73 50 100 55 14
94 74 29 27 15 82
63 26 41 35 62 19
65 18 53 42 88 93
87 22 34 64 75 88
47 89 69 51 87 95
74 46 86 34 17 55
43 27 29 100 91 52
74 11 60 41 25 15
76 58 32 32 35 74
40 32 38 30 88 33
60 44 92 75 22 28
46 34 45 81 15 28
54 41 29 39 36 45
74 70 29 100 58 15
57 99 55 53 97 14
98 37 57 99 97 95
14 64 13 81 26 98
10 40 85 89 89 85
94 14 20 14 55 85
89 64 93 12 27 71
45 23 31 81 48 59
45 83 95 38 89 87
10 88 17 73 44 54
93 20 42 92 36 33
53 83 59 98 37 46
76 72 52 37 25 76
88 31 10 100 53 94
81 11 46 46 79 15
98 31 13 73 50 16
68 38 87 89 40 39
66 52 56 80 32 50
15 18 63 92 60 83
93 40 96 29 80 50
62 66 36 76 70 93
53 61 78 34 87 32
73 67 70 46 86 22
36 28 76 63 23 72
52 28 98 78 100 59
98 97 55 96 75 67
44 40 67 48 38 45
18 21 68 26 30 29
85 83 13 81 81 87
17 30 32 80 20 70
21 16 40 85 42 86
67 93 28 26 48 52
89 82 71 74 24 95
32 32 46 13 29 81
57 17 35 69 48 82
26 67 88 11 70 52
30 95 40 55 37 47
74 17 64 10 55 61
87 37 59 78 90 94
84 20 16 63 24 16
0.000298367
0.000475942
0.000426826
0.000191217
0.000444281
0.000448982
0.000218255
0.0003571
0.000251343
0.000194929
0.000106083
0.000322199
0.000446043
0.000250561
0.000482114
0.000423381
0.000182804
0.000280519
0.000382138
0.000213374
0.000355343
0.000170761
0.000270854
0.000461163
0.00011581
0.000446951
0.000411538
0.000206441
0.000126076
0.000315565
0.000193137
0.000381448
0.000376243
0.000143428
0.000457391
0.000444282
0.000496905
0.000435269
0.000295273
0.000360544
0.00035326
0.000185207
0.000106921
0.000386632
0.000246348
0.000172996
0.000451791
0.000303471
0.000254297
0.000437896
0.000101957
0.000479956
0.000402224
0.000423883
0.000401832
0.000405114
0.000444165
0.000247931
0.00048427
0.000343178
0.000389695
0.000392652
0.000445475
0.00020669
0.000491961
0.000325172
0.000270893
0.000407911
0.000256513
0.000360845
0.000334174
0.000166669
0.000457362
0.000300367
0.000419146
0.000101278
0.000430688
0.000397832
0.000412289
0.000407064
0.00029809
0.000484881
0.000351144
0.000400488
0.000138298
0.000332592
0.000317905
0.000350588
0.000285619
0.000249092
0.000411636
0.000239213
0.000241983
0.000415618
0.000441931
0.00021585
0.00010696
0.000406345
0.000382986
0.00030414
322 260
260 448
109 461
140 416
398 488
417 25
350 201
12 243
243 223
270 55
40 170
41 414
64 143
272 433
400 221
236 138
49 93
104 209
119 379
284 140
251 83
436 455
310 327
97 61
468 275
169 128
403 266
328 280
498 222
423 121
218 3
103 56
10 43
59 294
460 176
482 296
243 429
170 86
264 65
13 133
358 490
454 80
414 154
84 338
401 366
243 345
83 16
401 306
343 386
192 138
231 46
350 79
119 276
206 228
236 261
334 367
86 442
224 65
73 118
74 30
404 399
20 123
133 224
323 498
274 118
58 311
145 429
191 21
255 378
333 158
475 392
156 437
280 160
272 395
172 115
485 147
109 296
137 110
384 193
258 57
150 389
355 252
470 141
42 192
101 334
13 400
26 217
124 347
425 232
400 41
475 470
101 88
205 353
115 439
60 358
277 267
247 163
153 282
321 293
436 435
