33
100
6
67 78 94 83 89 81
16 16 51 47 27 97
44 99 53 69 23 88
13 94 21 92 28 29
36 99 75 22 63 22
54 47 68 46 32 44
28 25 87 42 36 64
55 90 99 68 42 88
30 32 81 20 62 70
39 19 56 39 74 65
27 87 66 85 95 16
18 17 24 44 57 41
83 93 40 96 93 82
21 95 18 29 33 24
46 20 68 29 56 98
94 18 57 88 56 91
61 57 81 18 88 34
55 38 100 23 19 65
28 60 74 71 34 35
89 52 80 53 28 71
39 71 93 51 90 17
58 61 63 81 31 56
49 78 54 78 82 32
11 25 62 20 45 65
51 34 76 42 27 35
41 93 83 85 25 14
55 19 96 14 33 61
69 58 89 66 51 30
13 35 60 47 71 76
57 97 44 73 89 98
12 15 66 39 59 95
79 91 26 29 93 49
41 91 100 59 93 100
97 16 80 73 43 69
50 33 17 19 70 63
15 97 73 73 47 92
89 13 96 22 83 48
47 14 32 56 77 22
99 52 87 91 23 86
16 36 92 69 96 55
15 29 69 90 51 67
42 36 19 34 43 71
57 100 23 43 89 96
70 78 31 99 35 21
42 21 24 12 64 58
22 96 55 75 56 69
10 77 93 16 15 86
83 54 65 69 79 21
28 84 12 70 92 64
79 91 50 68 25 91
11 52 35 12 83 49
62 79 72 100 47 66
64 14 82 78 76 97
99 71 93 29 63 24
45 14 92 29 29 68
67 72 92 38 93 92
81 41 78 13 64 91
65 34 90 75 33 16
15 24 60 92 90 37
96 74 52 41 77 22
84 86 40 66 52 41
63 94 22 78 86 12
60 37 40 81 93 44
51 16 70 16 43 91
24 23 76 25 26 73
44 36 41 42 58 97
91 81 59 85 25 52
88 40 88 26 19 76
88 82 70 40 97 35
36 35 85 40 14 37
71 37 26 20 67 84
96 79 92 18 83 46
75 27 24 24 57 38
18 45 49 27 65 52
61 38 57 71 89 40
70 22 11 27 35 17
78 94 61 83 34 30
97 36 66 52 11 61
44 12 29 85 47 54
60 28 79 17 65 95
49 83 84 18 66 96
100 82 40 18 40 85
47 46 76 53 75 64
88 60 14 75 47 31
79 72 88 67 29 79
85 82 33 74 33 42
37 35 72 15 94 29
63 61 10 94 74 59
77 56 69 71 79 31
30 93 48 52 57 99
85 17 53 73 20 40
23 88 29 40 57 23
88 93 37 14 59 54
75 48 88 19 48 47
67 78 41 74 38 79
36 16 54 29 75 94
94 33 97 30 24 45
90 78 94 82 76 21
88 17 21 36 42 41
39 13 43 51 40 60
0.000286554
0.000443014
0.000356208
0.000196442
0.000387259
0.000216811
0.000354893
0.000390595
0.000177816
0.000179345
0.000459815
0.00048628
0.000358768
0.000114135
0.00040719
0.000171561
0.000162266
0.000478232
0.000373721
0.000273513
0.000282791
0.000165142
0.000284278
0.000310954
0.000252593
0.000119199
0.000133217
0.000450347
0.000443297
0.000216523
0.000145515
0.000219927
0.000462852
0.000313546
0.00017316
0.00023666
0.000224624
0.00046718
0.00043296
0.000214613
0.000461475
0.000345729
0.000274998
0.000455408
0.000306346
0.000480497
0.000271155
0.00048021
0.000378058
0.000175556
0.000174291
0.000363939
0.000442004
0.000411409
0.000330193
0.000180544
0.000129569
0.000301221
0.000206324
0.000128643
0.000118548
0.000404481
0.000331494
0.000449354
0.000340292
0.000166244
0.000336305
0.00045132
0.000210857
0.000429118
0.000274998
0.000376533
0.000341814
0.00015164
0.000106784
0.000136774
0.000408123
0.000474706
0.00021366
0.000264754
0.000465574
0.000288293
0.000106318
0.000237695
0.00028464
0.000493783
0.000269804
0.000254546
0.000102863
0.000332309
0.000239378
0.000154039
0.000159436
0.000193688
0.000463249
0.000388598
0.000404368
0.000193482
0.000374015
0.000160071
11 123
208 186
490 47
118 3
151 313
478 3
38 295
15 436
216 17
102 238
225 476
121 492
197 445
333 63
269 126
275 371
180 300
56 465
338 423
427 413
340 360
197 4
48 430
139 223
90 12
349 351
239 165
228 415
116 88
390 393
449 245
79 396
478 291
450 429
400 193
135 78
42 281
136 77
324 210
48 406
395 298
133 172
252 284
206 408
291 193
371 373
205 103
287 446
467 165
303 119
468 88
480 478
450 141
9 216
90 111
348 436
367 222
305 90
468 478
36 183
490 12
228 298
211 9
441 26
299 276
140 434
135 147
459 251
177 77
163 299
477 471
442 135
439 177
154 483
387 326
259 305
257 217
312 2
52 485
416 54
367 419
344 439
266 227
35 349
336 59
421 103
479 168
116 36
494 282
387 151
321 30
205 3
319 398
499 378
41 427
157 493
472 17
350 4
24 238
216 441
