90
100
6
87 66 24 23 31 49
52 98 90 25 54 71
22 17 59 14 39 13
37 79 36 74 78 27
67 39 21 40 58 73
30 60 85 27 29 29
33 71 94 77 29 32
39 33 87 91 75 59
82 16 32 53 72 65
70 83 71 21 52 10
34 91 88 85 46 84
71 57 58 41 19 100
64 11 15 21 21 58
89 45 77 47 28 46
80 70 69 24 31 57
85 29 73 96 84 19
34 51 71 43 34 38
76 77 49 64 99 48
22 49 62 95 53 45
13 35 80 87 57 33
50 16 85 49 19 80
83 58 70 83 23 11
28 65 37 95 17 56
25 49 15 30 39 81
55 25 64 71 56 36
53 18 19 60 47 98
93 37 53 30 42 63
66 90 70 44 45 33
16 20 50 30 100 12
96 95 98 71 40 92
73 10 74 55 42 62
29 98 51 90 98 31
28 79 70 43 23 48
67 44 11 20 71 72
72 49 76 35 43 68
57 42 45 96 84 44
73 74 90 19 35 16
90 28 82 10 78 10
37 13 51 23 74 96
43 65 13 24 15 20
86 25 42 48 64 18
13 62 23 26 37 22
74 12 84 27 28 42
48 100 99 32 29 29
43 32 86 54 33 80
76 54 19 70 40 19
33 84 98 96 40 58
56 66 18 64 32 38
29 48 40 38 42 54
70 12 94 66 37 42
75 20 25 78 61 48
46 93 10 42 36 57
12 66 75 53 18 70
52 92 83 12 93 14
74 80 50 15 43 22
32 35 70 93 47 35
46 98 57 59 83 28
48 93 89 30 43 99
67 25 27 81 81 67
68 53 90 25 55 88
26 15 35 15 89 19
33 79 45 72 76 59
69 53 65 94 96 31
85 84 54 25 65 45
23 47 10 17 35 97
89 41 64 71 73 17
36 47 53 26 35 56
61 24 54 27 81 92
62 58 94 15 85 67
42 94 85 21 62 21
62 43 25 83 51 68
12 31 18 63 44 10
78 85 19 93 75 43
55 53 84 78 93 80
68 22 23 31 24 52
16 21 54 16 67 33
98 33 69 41 71 83
19 39 83 40 33 75
84 100 68 23 42 37
31 87 89 52 55 48
16 74 32 16 51 76
68 90 76 71 73 51
21 19 37 38 39 55
69 59 33 46 46 10
81 59 81 19 63 31
26 100 65 90 27 20
44 10 89 90 68 23
84 48 83 46 60 75
31 22 40 60 31 52
28 95 31 79 29 63
85 94 60 41 48 10
95 10 12 68 87 64
97 74 20 61 55 33
52 56 30 26 58 90
66 40 11 30 43 73
18 16 29 74 67 37
97 75 42 23 94 90
60 33 33 76 36 43
94 78 26 13 78 76
13 100 14 60 20 55
0.000113286
0.000193415
0.000465819
0.000464948
0.000194221
0.000259853
0.000107029
0.000485203
0.000183367
0.000226974
0.00012611
0.000162563
0.000347996
0.000363664
0.000485068
0.000499243
0.000211711
0.000487271
0.000322737
0.000475428
0.000418556
0.000398331
0.000399335
0.000172027
0.000122421
0.000193988
0.000315349
0.000276225
0.000386354
0.000265493
0.000166919
0.000355007
0.000247241
0.000158413
0.000499131
0.000173922
0.000177265
0.000316668
0.0003863
0.000369514
0.000216642
0.000164093
0.000446198
0.000350147
0.000386349
0.000215472
0.000242021
0.000181539
0.000290258
0.00043254
0.00021999
0.000270939
0.000498027
0.000406017
0.000475883
0.000231211
0.000450018
0.000498419
0.000268415
0.000125781
0.000299616
0.000168913
0.000249641
0.000152904
0.000133039
0.000150832
0.000424404
0.000201505
0.000284249
0.000174041
0.0003863
0.000193958
0.000331602
0.000331241
0.00031454
0.000365432
0.000247428
0.000315027
0.000130292
0.000102156
0.000301594
0.00044805
0.000331347
0.000459801
0.00019541
0.000154961
0.000286313
0.000126229
0.000106547
0.000130384
0.000116584
0.000370716
0.000202094
0.000431264
0.000451427
0.000483796
0.000474264
0.000426222
0.000263271
0.000157863
396 427
344 421
36 482
339 350
403 234
392 89
177 117
437 106
125 356
58 129
39 335
445 428
213 39
268 135
182 392
483 296
88 373
161 320
411 328
112 344
348 38
397 333
38 311
285 342
2 218
165 407
252 105
353 159
67 255
149 214
342 476
243 135
190 234
176 172
314 269
7 303
405 335
15 312
322 481
139 313
110 464
385 47
81 398
235 108
47 132
300 407
57 301
123 297
331 314
494 381
413 474
400 481
356 119
186 260
459 268
279 453
376 24
319 59
309 314
80 491
373 279
116 389
107 116
404 389
208 308
57 364
198 117
322 248
296 452
436 273
28 380
84 455
87 273
163 343
195 13
232 394
294 366
307 241
386 394
80 291
33 258
95 236
422 302
22 135
292 156
302 41
265 500
350 497
409 321
403 349
168 363
128 478
154 31
471 359
439 111
85 476
294 426
57 482
336 64
328 295
