36
100
6
12 89 58 91 58 25
20 80 71 38 54 78
65 79 31 23 20 39
17 60 75 34 100 80
66 48 52 41 84 48
69 63 99 72 69 84
54 75 93 33 70 90
76 81 76 95 38 39
37 94 75 63 81 85
30 41 67 53 26 86
100 19 73 80 91 28
72 83 16 17 97 77
96 64 29 94 26 59
45 96 92 84 19 36
55 89 11 15 30 92
93 49 72 44 61 62
57 17 15 29 25 100
86 17 20 66 77 53
16 31 34 66 79 24
91 74 83 87 37 48
53 68 17 31 66 93
38 29 72 86 86 29
39 83 98 65 79 88
19 96 93 82 14 80
46 92 35 58 82 83
45 78 17 56 81 51
72 36 71 92 30 68
10 92 79 57 30 19
18 82 26 22 39 27
22 79 58 93 95 76
41 63 77 73 13 59
97 54 95 52 31 82
29 11 28 35 87 87
16 34 22 51 59 16
23 75 66 36 75 78
89 54 55 45 99 48
25 25 27 34 10 31
25 62 57 49 98 30
100 74 33 76 89 64
52 61 24 69 68 57
11 70 38 62 37 77
14 46 74 53 49 73
64 36 23 83 78 74
93 13 43 21 43 83
57 39 78 49 77 99
61 60 70 38 41 29
71 28 98 35 40 76
75 100 100 96 79 83
100 31 78 33 30 88
56 68 34 34 69 14
40 79 78 46 17 26
24 34 96 61 46 83
29 40 82 14 93 45
71 88 88 83 84 69
52 32 31 94 51 99
74 68 19 73 91 31
62 88 24 58 85 39
77 88 54 20 44 42
76 47 32 37 42 29
35 47 44 78 32 47
45 28 49 74 77 62
23 34 94 40 21 46
59 32 39 76 56 95
10 97 87 31 45 50
17 97 83 70 55 33
40 97 84 52 12 83
23 13 19 45 42 61
81 72 42 42 56 21
68 46 47 49 48 78
77 42 11 93 71 74
71 18 83 72 88 82
93 57 46 94 78 26
34 45 72 30 63 91
73 16 61 35 83 46
36 53 96 54 21 83
56 99 83 72 80 84
29 64 30 96 64 24
71 16 60 81 16 92
38 62 41 92 41 25
99 56 81 38 89 48
32 15 72 32 77 29
78 65 75 69 67 71
64 87 90 64 91 80
11 17 97 24 42 97
62 25 32 66 44 82
89 75 93 32 20 24
100 16 15 85 40 65
13 32 21 24 100 84
51 43 94 76 28 55
68 64 89 33 50 15
34 31 12 71 38 16
21 48 17 79 45 13
98 82 22 43 83 93
53 93 12 31 85 58
22 47 87 39 13 14
32 75 44 59 13 59
46 61 16 31 61 96
47 58 48 84 25 70
76 13 88 18 56 44
78 92 60 84 99 85
0.000331526
0.000243908
0.000372368
0.000102019
0.000131525
0.000256993
0.00027013
0.00010389
0.000232021
0.000109828
0.000336089
0.000149455
0.000166714
0.000375993
0.000217488
0.000128918
0.000199076
0.000411083
0.000170788
0.000230032
0.00024033
0.000132584
0.000135978
0.000404483
0.000146815
0.000211742
0.000447303
0.000102488
0.00014198
0.000306982
0.000302445
0.000142021
0.000198899
0.000237125
0.000208036
0.000439325
0.000249862
0.000105235
0.000234811
0.000155558
0.000466216
0.000104015
0.000418031
0.000496616
0.000476121
0.000224556
0.000356577
0.000148266
0.000441292
0.000323824
0.000100998
0.000165206
0.000485336
0.00015446
0.000497278
0.0004773
0.000116436
0.00013497
0.000303062
0.000418721
0.000383642
0.000285386
0.000133654
0.000455781
0.000294964
0.000337889
0.000226065
0.00022832
0.000473786
0.000414045
0.00017843
0.000302833
0.000486867
0.000442959
0.000350535
0.000224991
0.000427795
0.000118403
0.000384179
0.000387567
0.00049358
0.000115189
0.000375549
0.000237389
0.000313317
0.000358336
0.00031747
0.000430997
0.000170734
0.000398455
0.000371927
0.000334155
0.000370864
0.000468891
0.000363607
0.000430989
0.000118538
0.000138368
0.000499959
0.000436906
206 490
159 260
234 140
258 234
64 66
286 65
12 215
334 364
303 476
298 141
241 307
10 249
212 236
482 227
155 83
456 212
459 202
367 56
156 178
302 185
188 389
470 398
269 362
150 53
247 250
382 155
286 75
400 208
160 404
78 220
124 232
491 401
137 230
172 202
44 487
57 299
101 469
425 254
51 239
125 382
180 89
385 379
192 88
82 219
425 285
83 90
411 372
364 46
338 383
275 368
300 170
75 475
144 154
106 80
19 486
65 487
284 390
79 336
207 453
402 312
228 407
495 275
348 89
287 129
247 469
448 83
310 47
203 249
373 163
4 359
487 326
361 142
33 382
11 252
126 238
337 402
22 167
443 484
41 262
362 177
232 274
51 198
442 152
53 202
401 201
303 425
19 52
123 390
338 121
380 287
136 109
431 313
480 279
263 306
334 342
142 176
27 319
456 401
267 215
355 11
