47
100
6
30 56 61 48 98 96
38 50 63 16 73 58
22 59 82 11 26 96
92 17 48 99 39 55
27 67 58 85 16 68
17 75 76 50 32 64
45 48 30 57 43 77
29 24 32 15 69 44
60 13 94 49 79 59
69 87 67 47 87 10
24 15 91 82 83 40
14 25 62 76 11 65
97 11 98 35 78 50
67 17 81 66 74 10
10 10 41 47 65 89
46 18 47 33 68 30
35 70 78 10 39 79
15 94 48 21 91 79
75 84 75 37 26 50
93 93 85 10 53 30
10 33 50 61 54 59
59 73 64 93 75 45
19 23 86 64 39 47
67 50 13 87 95 83
33 78 99 41 83 60
47 19 85 83 100 34
56 36 35 66 34 24
39 13 33 41 61 56
75 91 77 75 88 16
29 78 93 66 71 86
35 96 64 88 46 96
27 74 77 57 79 98
99 11 66 90 50 50
64 46 85 39 33 36
82 60 61 48 23 92
43 71 79 89 44 53
34 44 28 48 52 31
72 82 40 82 17 24
75 53 26 22 36 78
92 73 97 86 54 15
64 55 81 64 67 59
37 26 47 32 26 47
43 64 50 41 51 32
33 47 59 28 25 67
100 85 49 16 66 95
69 50 40 91 56 34
30 46 74 57 87 11
74 76 66 41 11 24
71 38 84 76 89 35
50 94 83 43 76 98
35 28 14 54 51 83
39 43 40 95 88 82
36 92 62 79 12 33
24 21 53 68 83 46
89 83 36 82 69 55
72 98 30 86 69 49
22 52 19 52 30 62
63 16 86 54 95 93
95 91 52 13 62 63
87 26 10 78 34 74
94 47 60 98 70 46
63 93 56 89 52 49
76 80 36 26 100 85
82 87 96 88 82 95
26 42 77 52 41 77
87 79 29 10 88 23
47 57 27 83 42 53
32 20 18 100 62 14
51 94 13 36 84 85
67 82 39 17 92 75
61 22 62 62 47 50
41 67 22 57 19 86
49 38 100 58 95 49
18 27 89 61 36 75
56 29 58 88 29 27
23 72 53 44 31 63
36 28 30 36 12 76
56 23 16 14 31 32
72 39 88 93 55 39
24 16 38 32 52 90
92 93 68 43 21 47
17 97 36 38 94 75
33 96 40 33 56 64
94 33 80 28 34 47
23 17 39 92 78 100
84 74 78 88 12 52
28 51 83 42 52 87
35 40 57 95 68 54
43 31 89 66 11 17
95 45 80 34 71 58
32 93 83 49 86 29
35 97 26 92 10 45
37 22 82 41 70 90
13 22 21 89 25 19
49 37 40 18 29 19
46 31 79 43 44 56
41 50 71 62 73 81
11 90 35 11 44 19
26 64 92 61 35 48
91 27 54 29 84 39
0.000152673
0.00048813
0.000125861
0.000410905
0.000231341
0.000384615
0.000163153
0.000116112
0.000313415
0.000445733
0.000463229
0.000213243
0.000483694
0.000265409
0.000248144
0.000236412
0.000106559
0.000434548
0.000321293
0.000452817
0.000433101
0.000255828
0.000201275
0.000290995
0.000117412
0.000135101
0.000325306
0.000180923
0.000272486
0.00015233
0.000267644
0.000187194
0.000184323
0.000145197
0.000186299
0.00010992
0.000481097
0.00014256
0.000465802
0.000350254
0.000309273
0.000150738
0.000415262
0.000465849
0.000124837
0.000454587
0.000445501
0.00027072
0.000276828
0.000353434
0.000408057
0.00023593
0.000386124
0.000223271
0.000338192
0.000446136
0.000356656
0.000344412
0.000275134
0.000177638
0.00024288
0.000119105
0.000119574
0.00010195
0.000249319
0.000389632
0.000146547
0.000494925
0.000227414
0.000244751
0.000307964
0.000391304
0.000154904
0.000353599
0.000473061
0.000496561
0.00034501
0.0004772
0.000461379
0.000142874
0.000356177
0.000195706
0.000412071
0.000109519
0.00029552
0.000221352
0.000484506
0.000428717
0.000349169
0.000123784
0.000301215
0.000341877
0.000174819
0.000387731
0.000299647
0.000142549
0.000306416
0.000222725
0.00014561
0.000373665
371 20
200 88
150 430
115 112
495 236
63 175
257 418
234 434
435 388
23 445
223 73
358 295
9 112
438 384
474 383
205 319
481 310
91 100
442 135
485 39
417 185
309 202
176 372
255 356
416 325
324 393
279 75
123 56
141 433
143 445
31 392
275 382
67 135
441 110
4 364
402 161
174 399
267 312
392 83
280 206
383 334
173 406
134 399
383 300
28 11
484 3
454 27
388 480
67 325
26 367
24 477
200 105
293 373
481 33
19 66
372 332
404 145
311 358
405 231
290 129
264 72
386 1
31 204
61 19
197 461
77 358
55 130
181 124
360 77
144 226
497 430
314 379
270 96
134 144
379 228
480 46
178 54
342 498
346 317
293 236
144 232
465 42
288 319
84 156
238 276
331 376
463 194
435 429
153 342
359 174
319 355
53 487
397 276
327 487
402 8
302 348
204 424
427 174
191 187
217 383
