44
100
6
60 36 50 91 13 49
40 38 84 83 35 97
80 91 74 57 19 49
26 46 22 49 43 32
25 19 22 71 53 46
56 33 78 79 47 97
75 87 17 51 68 95
99 67 56 27 65 97
71 18 12 27 48 69
21 79 86 91 12 36
14 76 49 57 54 28
15 74 60 35 60 53
95 30 29 50 28 61
33 30 22 24 70 20
44 46 61 23 18 65
42 36 30 33 57 28
15 17 36 10 22 49
13 60 29 89 31 60
82 79 65 92 37 13
51 96 11 15 99 86
92 55 55 79 39 58
43 72 84 48 66 56
27 62 57 43 75 96
72 71 11 61 62 47
37 18 70 37 39 56
86 95 43 33 39 73
100 26 54 62 92 76
52 11 21 27 85 36
58 64 45 97 82 90
12 56 47 88 87 85
22 89 73 37 70 43
13 51 45 73 81 63
87 86 100 69 16 62
11 44 95 96 35 62
35 49 95 30 32 27
18 13 49 24 40 47
87 28 93 56 85 59
92 31 87 15 78 61
78 92 96 16 49 17
11 32 74 33 55 49
26 47 42 100 67 43
89 95 13 62 60 41
45 17 24 62 91 86
51 76 50 99 91 94
54 13 45 59 69 80
53 15 55 82 36 76
82 75 65 32 60 32
21 17 51 76 50 87
48 67 47 67 50 32
29 60 65 98 65 72
58 63 66 31 51 80
80 94 92 43 31 94
16 96 42 11 33 56
26 93 86 35 75 92
66 16 88 65 13 85
100 65 80 54 31 11
74 36 38 28 89 77
88 93 56 35 26 72
76 25 61 43 34 30
88 99 92 91 16 20
60 18 34 33 67 93
52 62 67 59 11 14
88 15 62 37 97 94
18 70 40 53 40 24
48 22 93 44 70 87
84 13 98 41 58 34
65 64 62 68 100 96
68 83 25 94 95 98
29 95 31 78 46 83
43 42 63 48 73 25
17 94 97 49 56 32
32 21 27 77 62 13
92 19 55 61 96 37
81 41 59 13 82 53
31 100 19 44 21 95
80 32 92 46 25 59
83 52 94 45 13 49
47 86 74 87 62 63
33 46 82 90 89 16
28 66 11 85 24 76
56 37 25 16 74 23
98 74 12 28 23 83
56 84 40 26 78 59
21 79 56 20 47 39
98 87 77 31 60 22
20 27 23 17 86 19
98 96 91 71 98 42
57 87 47 31 22 100
58 20 99 87 51 13
95 87 53 98 58 47
66 23 51 15 31 38
46 86 45 45 55 76
26 26 75 88 67 70
18 59 66 74 27 68
76 77 67 25 84 50
81 95 47 96 12 84
61 60 96 99 87 85
58 32 23 67 67 23
74 70 61 63 34 76
63 57 56 64 82 66
0.00041024
0.000250982
0.000426672
0.000423752
0.000135552
0.000325952
0.000105844
0.000281182
0.000312116
0.000416825
0.000177781
0.000304134
0.000337034
0.000250597
0.000499038
0.000268651
0.000461536
0.00049119
0.000216652
0.000194347
0.000131801
0.000287173
0.000274234
0.000294363
0.000394864
0.000162104
0.000312753
0.000115467
0.000428928
0.000425346
0.000109128
0.000175198
0.000161117
0.000426733
0.000451832
0.000279834
0.000230931
0.000483118
0.000458198
0.000344318
0.000125649
0.000201636
0.000283598
0.00047812
0.000428055
0.00010301
0.00020172
0.000386875
0.000433059
0.000186502
0.000429697
0.000200067
0.000129073
0.000357251
0.000369888
0.000243933
0.000381415
0.000319952
0.000216252
0.000226531
0.000210494
0.000291425
0.000159089
0.000255094
0.00036768
0.000473648
0.000116356
0.000466571
0.000372339
0.000159737
0.000377395
0.000195377
0.000389362
0.000292523
0.000261132
0.00015664
0.000354834
0.000186631
0.000476369
0.000487482
0.000333743
0.000337742
0.000141172
0.000485054
0.000452786
0.000160837
0.000394095
0.000178768
0.000366633
0.000456275
0.000122263
0.000371597
0.000221455
0.000296439
0.00026855
0.000221445
0.000263271
0.000417953
0.000254512
0.000215677
284 43
462 287
317 285
450 188
451 92
17 436
302 42
270 125
434 341
473 85
429 20
182 368
460 27
107 145
118 213
145 411
218 479
115 438
51 464
500 55
227 192
41 216
381 500
297 443
443 456
336 181
492 142
415 243
92 32
265 365
435 107
387 1
8 346
400 119
409 458
280 306
168 244
454 284
186 6
89 212
497 265
153 274
32 166
127 77
182 29
0 50
254 304
42 329
414 184
126 472
342 310
34 143
425 194
256 27
475 108
273 137
279 400
334 207
327 303
495 15
209 31
10 168
368 466
79 288
292 242
497 476
388 88
224 488
317 427
498 385
143 476
45 132
42 240
311 264
376 27
115 211
437 127
263 170
132 391
214 252
477 278
224 32
150 392
269 195
407 340
268 291
283 454
167 300
104 474
246 441
104 255
303 462
317 429
254 187
300 492
298 342
196 265
218 411
217 27
439 44
