97
100
6
90 21 90 11 36 54
73 65 62 33 39 63
56 33 24 40 56 48
76 59 95 62 65 71
74 15 53 96 80 81
53 75 82 40 14 15
86 43 64 52 96 92
33 10 62 29 82 64
46 25 66 36 68 53
99 81 97 56 93 20
80 46 83 69 91 63
97 35 12 63 91 91
50 93 95 76 47 70
38 86 57 39 91 90
39 100 96 96 62 30
43 70 29 86 86 55
61 68 59 95 66 10
19 69 57 21 10 61
57 30 67 10 92 58
87 22 24 22 98 21
43 49 10 21 79 85
61 32 59 89 70 97
42 42 67 98 94 63
21 28 94 100 93 99
63 70 49 30 79 33
65 88 78 44 93 68
95 54 89 46 87 48
73 71 60 32 85 22
54 75 59 69 48 76
51 99 52 52 37 48
24 18 37 71 64 39
21 34 85 15 77 86
82 94 23 79 61 14
70 29 79 39 60 65
21 84 45 54 66 82
100 66 100 24 74 62
100 10 19 48 97 52
94 91 75 19 21 55
17 58 100 96 76 62
61 79 41 17 68 97
12 29 66 36 66 32
51 47 19 30 25 48
32 86 16 31 23 70
59 11 25 74 60 10
16 90 100 90 71 62
98 86 80 78 100 33
87 46 40 35 69 79
78 38 66 75 43 76
98 88 65 22 86 13
96 96 11 70 37 89
48 69 74 53 12 22
32 47 85 92 13 92
15 33 53 70 66 100
40 92 12 81 50 69
67 58 73 83 94 46
60 56 66 59 44 12
93 97 18 92 38 73
38 95 60 82 61 40
44 94 66 72 63 26
74 16 45 94 10 26
17 25 42 40 90 74
29 40 10 15 74 41
13 32 57 78 68 33
72 41 22 35 53 64
90 83 14 33 38 59
86 54 80 67 32 49
53 66 11 45 71 52
36 10 83 80 18 17
19 61 52 95 29 15
55 92 83 43 10 33
37 30 43 37 74 68
62 83 91 32 92 91
95 17 77 52 62 80
38 74 13 70 62 42
99 88 91 40 11 64
25 51 53 26 52 84
68 52 65 32 31 81
33 57 75 37 16 64
83 56 27 16 14 10
69 44 66 32 79 25
56 75 18 33 18 73
94 34 73 55 69 29
58 71 68 23 97 84
12 76 90 51 93 16
64 78 31 87 65 11
70 97 36 48 99 52
37 85 62 65 57 20
52 18 91 41 68 97
81 10 27 50 23 15
91 97 18 73 36 49
31 77 37 34 66 28
14 33 47 88 92 58
67 60 88 31 75 17
96 77 87 32 11 22
61 40 70 60 30 25
94 47 72 36 67 35
29 98 87 79 95 96
86 40 94 28 79 18
25 63 55 25 31 26
13 79 34 84 77 45
0.000394117
0.000203933
0.000249206
0.000419168
0.000193407
0.000171614
0.000281615
0.000127813
0.000341245
0.000384518
0.000279322
0.000364966
0.000386189
0.000223635
0.000380333
0.00039429
0.000346151
0.000166032
0.000171509
0.000305491
0.00031526
0.000438858
0.000169264
0.000446826
0.000300537
0.00026475
0.000327722
0.00045862
0.000434327
0.000360588
0.000384943
0.000454243
0.000277145
0.000429263
0.000391321
0.000116896
0.000263244
0.000328027
0.000143922
0.000130299
0.0004824
0.000135631
0.000219661
0.0004329
0.000326522
0.000475354
0.000378467
0.000266592
0.000178177
0.000176023
0.00013282
0.000229783
0.000222652
0.000493538
0.000449398
0.000337499
0.000438008
0.000267561
0.000440572
0.00035517
0.000310098
0.0004489
0.000163812
0.000410162
0.000302096
0.000160867
0.000428225
0.000427957
0.000373562
0.000285315
0.000155459
0.000379791
0.000121827
0.000199724
0.000403214
0.000314058
0.000498339
0.000499139
0.0001984
0.000343918
0.000177086
0.000442205
0.00012752
0.000254975
0.000255892
0.00027955
0.000251604
0.000246675
0.000264661
0.00034363
0.000167522
0.0003859
0.000469727
0.000296625
0.000175787
0.000153152
0.000137429
0.000133375
0.000294816
0.000424205
68 376
246 286
28 75
48 337
115 36
87 38
463 89
245 422
342 399
368 8
128 129
474 322
470 290
238 300
168 72
466 248
389 315
71 38
306 462
249 400
81 354
337 310
145 131
477 106
93 204
302 76
183 12
400 384
423 277
431 385
482 163
24 91
202 170
96 295
54 393
117 100
496 145
172 388
276 148
163 473
82 310
289 96
435 304
195 236
20 31
242 169
252 263
47 268
59 470
339 402
314 34
170 258
479 160
489 64
20 366
412 116
333 178
68 280
95 455
111 177
227 308
460 53
362 20
98 191
461 273
47 188
64 102
199 127
322 431
439 251
72 103
210 117
395 139
239 448
347 225
400 238
77 191
431 266
260 295
383 415
192 333
20 173
12 434
292 264
138 472
226 389
358 112
407 152
421 60
475 489
334 356
227 484
427 303
82 126
345 119
288 27
390 8
141 304
79 217
39 172
