9
100
6
77 66 29 98 100 47
45 20 36 100 57 10
71 31 20 99 70 90
25 53 89 37 60 86
63 40 81 11 78 17
28 77 62 49 12 98
89 98 16 38 84 29
98 92 72 45 17 25
74 54 25 46 74 90
56 79 51 13 38 81
87 75 64 53 38 33
72 41 28 50 44 72
79 59 95 95 73 61
20 82 37 36 13 46
17 47 78 30 24 97
24 57 94 79 10 42
74 23 68 46 75 88
40 41 30 23 30 72
37 16 14 37 57 33
75 39 72 87 65 80
82 69 65 12 30 40
34 13 79 98 58 44
11 88 47 11 64 57
82 85 81 45 85 70
65 83 67 53 21 87
36 37 68 35 13 12
30 24 14 95 65 68
93 37 76 77 56 11
10 42 59 21 59 85
83 54 80 18 77 29
59 84 53 98 65 38
25 21 54 29 74 25
34 18 38 42 61 76
14 72 79 21 13 96
98 92 72 51 78 93
76 70 21 44 34 57
34 86 20 73 29 83
100 53 26 38 74 79
47 82 37 88 65 74
13 43 29 94 40 61
12 59 57 94 75 97
10 51 18 55 57 54
45 81 72 54 10 28
45 48 11 42 50 95
60 25 21 61 10 37
35 99 14 53 33 48
70 86 96 83 83 92
16 35 94 77 19 54
53 41 19 43 13 91
61 76 43 14 28 52
39 19 94 88 26 65
14 78 84 28 33 68
14 15 17 38 55 31
76 16 14 81 32 32
12 11 43 52 42 70
42 35 23 17 50 66
26 38 63 20 23 45
27 67 64 12 71 77
45 95 25 70 16 12
93 37 58 98 18 45
85 93 22 57 89 22
61 31 53 35 98 35
92 57 12 76 64 64
69 82 61 98 28 47
78 68 57 39 48 90
98 74 14 66 51 60
84 92 16 96 89 21
49 77 71 53 73 12
90 34 38 95 18 66
33 96 76 54 91 16
89 75 96 81 97 12
92 61 35 52 76 78
99 68 66 75 73 94
39 22 62 25 66 31
70 27 67 77 71 61
46 29 68 72 100 14
34 90 88 63 48 64
11 14 63 42 54 34
83 69 32 65 43 29
10 61 27 27 58 80
20 45 14 57 88 23
11 21 55 10 87 75
84 43 69 69 40 46
40 22 73 65 12 97
62 14 86 26 14 66
48 13 63 68 27 83
71 67 20 16 94 62
97 62 77 100 48 12
62 47 78 46 49 85
46 45 45 14 100 20
92 54 89 76 97 61
39 64 99 30 36 78
25 73 85 85 80 38
15 11 52 49 48 31
27 65 80 96 62 81
31 51 65 53 71 50
37 77 24 48 65 88
38 86 74 68 93 40
16 12 27 35 19 61
34 24 97 10 52 92
0.000402374
0.000376617
0.000334038
0.000114904
0.00045549
0.000118817
0.000263263
0.000333405
0.000364909
0.000100489
0.000436362
0.000191419
0.000420114
0.000389929
0.000356797
0.000151669
0.000399175
0.000136927
0.000356311
0.00044935
0.000102546
0.000373367
0.000216927
0.00024115
0.000346284
0.000199899
0.000179296
0.000359893
0.000498417
0.000337351
0.000377289
0.000252468
0.000153352
0.000354004
0.000271828
0.000109827
0.000107963
0.000241382
0.000212729
0.000156587
0.000449217
0.000217387
0.000184771
0.000297176
0.000413409
0.000264016
0.000356791
0.000440417
0.000445426
0.000280747
0.000197569
0.000151445
0.000194855
0.000180888
0.000362901
0.000443156
0.000153527
0.000194284
0.000360979
0.000364994
0.000153699
0.000480306
0.000106218
0.000314737
0.000245272
0.000481513
0.000491552
0.000321209
0.000126889
0.000283504
0.000148235
0.000172626
0.000152345
0.000474318
0.000460708
0.00024569
0.000462651
0.000296745
0.000470291
0.000213775
0.000142853
0.000244235
0.000339224
0.000262789
0.000338412
0.000281433
0.000465179
0.000159541
0.000280815
0.000106621
0.000259642
0.000258051
0.000295523
0.000172162
0.000171096
0.000252424
0.00027814
0.00034632
0.000256277
0.000178815
228 96
52 70
404 161
205 218
236 163
10 310
354 9
123 495
199 66
223 392
114 382
74 146
210 309
192 49
387 480
167 199
250 382
440 313
194 197
374 258
220 141
48 217
23 295
342 4
87 216
57 222
100 416
41 71
128 271
118 347
247 8
276 471
239 176
349 431
181 185
472 412
443 138
389 327
25 117
439 370
76 187
468 369
218 486
424 326
163 333
405 103
435 257
327 61
472 135
440 30
70 149
38 386
482 284
73 415
435 225
146 498
229 216
119 16
74 354
434 485
466 20
289 498
356 364
2 130
239 352
276 309
63 157
450 28
304 331
270 26
195 421
292 6
37 172
420 442
500 160
75 22
287 260
450 99
38 364
397 53
314 257
125 306
46 130
449 303
187 123
379 123
65 353
55 389
368 465
385 211
297 288
500 260
230 462
265 217
15 315
215 265
187 352
21 245
281 189
360 459
