41
100
6
83 97 32 42 21 53
85 80 12 73 66 76
17 80 20 99 50 20
62 57 78 62 54 93
73 18 25 95 73 78
68 85 99 98 47 47
29 35 83 14 55 86
100 30 73 34 43 38
43 51 29 97 56 49
39 59 94 85 53 96
89 95 13 81 47 87
58 40 34 17 56 11
87 47 11 89 16 32
54 65 90 81 46 26
24 34 70 24 40 56
96 12 63 68 14 98
85 47 31 76 88 68
82 98 70 50 28 55
74 72 86 59 44 38
40 16 31 80 58 46
73 71 12 68 71 96
70 74 58 67 96 14
77 48 80 15 32 30
59 54 96 97 45 58
45 96 76 32 52 95
39 45 29 18 96 53
57 29 39 46 76 13
76 77 75 61 91 46
60 73 86 67 78 22
94 87 100 25 34 60
52 58 75 55 25 74
53 21 99 53 83 13
85 47 61 12 57 69
93 16 13 74 48 28
33 25 28 12 100 41
26 46 71 97 11 99
67 23 99 69 59 68
99 19 26 35 48 61
29 28 73 42 43 24
77 43 63 85 81 45
59 41 23 26 75 56
72 48 94 26 82 48
33 44 19 35 80 74
37 20 34 55 41 16
99 86 59 100 70 83
90 98 67 31 11 96
26 97 97 79 69 100
93 24 60 74 68 22
11 11 85 15 17 53
66 67 94 42 23 61
76 38 80 97 41 91
12 52 39 68 75 24
42 10 35 14 90 85
16 17 56 41 12 32
79 37 63 54 77 14
53 44 95 95 32 58
27 83 60 61 32 25
64 65 47 83 93 18
26 48 95 42 52 74
90 33 13 67 10 48
47 16 17 68 48 91
18 76 95 43 91 54
46 81 10 10 99 30
90 66 37 100 86 58
30 45 28 79 91 98
10 94 72 83 13 88
41 75 62 21 64 83
99 56 92 79 83 79
10 31 35 93 33 20
57 57 35 55 18 55
23 80 13 67 95 31
72 57 75 24 57 18
47 75 93 33 93 71
49 23 21 35 67 78
16 86 50 72 76 41
20 32 13 47 92 87
62 54 76 31 94 77
65 33 77 63 24 27
60 52 63 27 84 83
87 53 83 49 69 20
76 70 43 95 79 14
93 34 11 10 16 53
84 79 39 33 71 37
83 94 34 96 74 45
85 52 70 58 93 94
34 13 42 68 39 13
61 99 29 52 83 71
35 51 18 50 77 79
71 23 56 33 41 66
92 61 27 67 17 19
39 46 49 25 78 18
95 99 56 78 58 47
83 74 91 21 74 24
68 40 44 98 55 30
79 63 80 53 75 73
23 98 24 19 34 33
19 80 80 80 80 82
96 27 81 79 32 38
30 16 78 96 87 43
46 25 72 96 96 76
0.000151257
0.00013834
0.000118022
0.000382649
0.000451946
0.000270786
0.00028445
0.000144443
0.000176669
0.000433805
0.000472578
0.000205647
0.000204453
0.000430021
0.000279135
0.000295655
0.000361185
0.000494831
0.000271885
0.00042126
0.000323156
0.000198066
0.000351417
0.000421872
0.000461434
0.000232555
0.000443491
0.000441526
0.000397721
0.000157172
0.000123966
0.000118859
0.000209335
0.000274291
0.000221535
0.000480442
0.000107771
0.000233856
0.000107479
0.000308316
0.000410749
0.000274987
0.000343577
0.000217111
0.000174868
0.000174075
0.000349504
0.000193154
0.000121012
0.00020551
0.000438811
0.000258992
0.000226272
0.000401352
0.000219909
0.000445042
0.000492124
0.000220368
0.000360203
0.000330735
0.000490511
0.000134005
0.000122122
0.000260873
0.000257154
0.000232327
0.000203833
0.000292901
0.000250299
0.000230148
0.000281151
0.000159876
0.000443752
0.000464013
0.000428726
0.000128081
0.000401751
0.000396561
0.000417328
0.000216405
0.000281896
0.000161081
0.000105953
0.000212863
0.0004391
0.000377191
0.000389317
0.00041921
0.000364241
0.000344788
0.000494053
0.00046947
0.000312477
0.000174092
0.000189864
0.000182579
0.000361038
0.000125661
0.00047907
0.00030827
29 13
473 296
448 53
454 355
73 156
129 107
193 493
305 458
484 266
354 411
41 358
409 482
393 15
362 189
312 469
164 321
427 57
276 466
324 14
467 66
67 226
247 348
91 277
375 86
127 43
369 84
58 269
233 209
273 99
131 404
88 197
318 6
375 316
3 268
198 225
199 277
281 167
341 172
69 377
399 307
276 184
262 97
258 44
481 126
204 375
288 243
216 445
302 24
375 321
429 0
396 63
4 202
409 379
256 291
342 0
131 178
323 456
475 25
345 188
263 73
219 423
219 335
58 147
411 148
437 16
127 495
43 52
417 420
281 241
126 126
114 147
227 292
243 203
148 345
50 495
245 203
156 289
73 410
239 297
235 316
60 148
300 306
363 471
241 65
207 264
354 8
409 401
38 475
36 219
251 84
321 315
356 51
89 401
366 186
2 370
337 428
96 8
305 55
356 203
360 227
