23
100
6
72 45 35 88 44 84
100 50 75 26 30 11
48 22 36 71 55 56
49 72 81 98 66 55
64 40 46 14 47 52
26 56 74 47 57 64
13 70 19 33 44 92
18 46 96 100 70 82
68 57 26 36 43 46
84 50 45 46 86 14
88 75 18 35 65 20
71 49 12 46 97 100
42 18 61 66 25 12
13 38 29 84 73 27
53 45 15 59 88 77
16 59 31 86 23 24
72 33 49 85 87 70
86 82 49 19 40 96
80 81 51 47 74 23
82 99 15 24 26 96
52 31 94 35 53 80
40 21 57 18 69 34
99 34 67 34 82 91
47 28 17 87 10 73
58 78 32 95 38 24
79 73 17 16 75 93
62 82 95 100 81 54
32 71 89 57 93 86
54 52 98 20 45 27
80 63 63 59 77 96
28 29 52 86 80 23
21 45 67 49 17 17
66 100 60 95 34 11
92 89 27 34 21 86
55 92 88 41 23 11
99 97 46 45 47 21
63 88 99 71 31 43
47 39 34 12 63 20
11 88 95 45 74 62
52 16 42 17 84 50
61 79 58 44 62 17
42 10 85 70 16 48
41 65 54 53 34 74
54 22 76 71 30 74
39 54 69 90 49 62
16 58 21 89 29 35
82 99 99 65 10 94
48 33 92 44 82 10
91 65 31 78 49 41
48 58 80 94 40 28
99 63 89 13 37 98
20 63 39 84 11 100
86 31 26 89 76 76
89 59 69 84 62 15
57 17 84 11 81 55
33 45 37 80 57 37
10 74 32 65 100 87
89 100 62 83 21 49
92 61 44 73 40 80
96 73 28 48 55 53
71 39 88 45 79 13
71 54 33 41 58 36
81 55 28 85 53 44
31 44 55 27 65 83
26 41 60 46 98 52
51 60 93 89 90 31
72 74 32 32 55 63
52 73 100 76 96 97
68 86 26 19 78 74
38 92 65 99 43 20
32 99 12 88 94 35
84 81 27 71 86 29
59 70 44 53 32 20
64 27 37 58 93 39
57 68 72 69 80 42
48 20 42 80 80 38
45 29 65 83 12 99
15 13 46 16 27 79
79 41 45 98 25 54
84 56 54 87 84 34
81 97 86 22 89 46
83 37 59 92 21 81
81 84 36 75 75 60
56 27 71 36 88 85
21 49 50 66 95 57
20 12 15 67 11 94
87 55 39 44 66 34
65 47 48 47 76 86
64 79 22 37 40 20
83 28 39 92 40 18
27 19 99 69 79 68
22 91 91 78 11 73
13 32 86 34 26 16
27 82 73 29 33 75
65 41 37 60 97 23
41 80 33 55 50 99
40 12 30 51 96 89
90 36 52 35 86 16
95 60 25 17 20 58
99 73 99 36 30 68
0.105151
0.0723465
0.0768846
0.0699358
0.0791874
0.125573
0.10372
0.0378442
0.0729107
0.0787547
0.0503502
0.0302409
0.0493444
0.0386408
0.12796
0.033693
0.116436
0.1222
0.0955541
0.0411699
0.0685152
0.0363097
0.0954915
0.118024
0.126963
0.11299
0.0796286
0.128748
0.0667617
0.0918195
0.0521588
0.0719786
0.113934
0.0527901
0.101431
0.0667412
0.125409
0.105625
0.0437768
0.0942509
0.122908
0.06893
0.112868
0.0303188
0.0630288
0.075661
0.10357
0.0680152
0.0949609
0.0320306
0.071896
0.0644959
0.0656928
0.127443
0.0818023
0.112138
0.117172
0.0303803
0.0378911
0.122301
0.086827
0.0685602
0.0443073
0.106114
0.105202
0.102964
0.123248
0.0797699
0.0350298
0.0641015
0.0580651
0.129438
0.124351
0.0267439
0.073478
0.113821
0.027055
0.124871
0.0302121
0.0896959
0.129806
0.0372696
0.123317
0.126944
0.126228
0.129688
0.0805425
0.0458123
0.115022
0.0877519
0.0547983
0.122533
0.120615
0.0686287
0.0538041
0.0536091
0.0849789
0.0358377
0.0801437
0.0632018
83 211
231 370
444 212
306 58
87 79
347 199
349 39
267 135
91 349
208 488
366 31
411 142
187 45
45 277
292 442
261 312
372 428
392 65
215 252
55 135
154 362
88 11
464 243
97 450
250 68
35 458
452 492
116 118
494 392
422 357
292 117
356 4
345 114
491 362
433 426
0 348
146 321
260 500
364 310
262 115
162 354
265 302
406 149
112 36
403 339
331 165
433 313
394 498
7 0
131 336
442 284
385 476
476 318
208 423
107 449
172 247
208 39
33 487
158 414
30 189
144 72
31 249
483 375
231 35
442 412
419 461
254 290
73 481
434 279
227 227
157 274
199 217
133 154
369 313
218 74
50 58
294 398
274 33
419 118
227 322
127 10
152 209
167 364
9 161
144 91
449 92
106 228
29 328
395 448
357 22
381 158
46 407
202 142
99 415
31 81
98 66
279 213
116 336
301 50
414 218
