34
100
6
15 74 21 67 23 44
87 66 61 50 70 99
96 61 58 25 51 43
16 68 73 36 77 65
42 75 62 44 17 79
16 88 11 14 58 58
87 33 21 66 51 63
52 24 94 95 40 45
38 11 54 14 98 63
87 89 71 99 66 94
83 84 74 67 63 19
31 64 49 41 49 12
39 50 44 66 77 29
25 56 14 31 16 20
49 23 96 65 25 36
71 98 44 32 11 41
67 21 51 93 15 32
40 21 66 18 33 27
18 96 89 80 93 59
28 94 85 10 52 89
67 35 90 75 72 29
30 35 100 61 19 45
73 60 14 98 14 16
46 39 14 66 39 20
95 94 25 69 51 10
87 31 13 86 44 69
80 81 79 39 66 61
48 67 94 76 71 29
51 24 36 75 64 12
67 97 74 10 100 59
22 97 26 61 78 62
25 99 61 14 97 40
58 65 81 64 53 17
34 89 92 78 19 35
67 82 83 39 25 97
23 11 21 92 83 71
61 37 43 68 80 26
78 99 45 29 99 73
96 17 99 35 11 30
15 77 12 29 91 53
96 31 35 85 17 70
33 26 71 14 43 57
71 67 65 13 88 23
32 84 11 30 11 15
99 55 24 15 51 12
47 27 11 16 80 37
68 29 72 56 63 36
35 65 29 25 20 75
69 53 27 78 14 15
32 20 95 64 61 48
69 13 98 28 42 42
94 46 40 79 43 48
39 53 11 98 86 33
19 65 80 76 68 67
49 60 53 19 74 48
43 51 26 71 93 95
72 87 76 11 91 16
26 30 81 68 46 16
76 59 34 67 58 74
32 10 18 50 93 84
77 14 43 29 94 83
18 60 49 65 73 44
71 28 55 24 76 84
92 31 70 56 20 72
68 65 80 37 73 20
29 88 93 93 80 55
26 34 69 10 46 19
16 24 20 52 42 31
41 39 44 38 69 96
40 20 56 58 17 25
49 59 97 87 15 64
62 22 39 56 76 77
83 57 11 90 58 16
42 82 74 19 61 22
92 82 85 81 56 55
82 10 72 49 42 15
43 52 79 35 44 35
53 36 13 52 73 74
58 81 42 58 47 27
11 42 50 100 91 81
18 74 20 26 44 99
20 95 26 84 54 23
73 77 32 24 74 87
25 41 32 94 23 80
37 67 33 17 93 41
33 42 54 41 12 84
92 99 29 18 92 70
29 95 37 23 43 52
90 76 89 94 65 78
36 66 81 64 63 41
75 99 93 17 98 53
10 93 81 91 13 81
85 40 85 80 90 63
99 32 64 79 65 46
27 90 33 61 94 22
54 97 37 35 39 26
48 66 19 93 16 59
92 23 61 40 51 47
36 62 78 38 86 44
79 57 61 90 70 32
0.0696088
0.095199
0.0333095
0.0443154
0.0885744
0.106269
0.0894029
0.0518593
0.0395291
0.110049
0.0887997
0.0628386
0.0893212
0.0855775
0.0662035
0.0392737
0.106434
0.0309359
0.0527287
0.125499
0.0354789
0.0565259
0.0297493
0.070246
0.0514464
0.10058
0.119385
0.0844182
0.115167
0.123461
0.085966
0.0527805
0.123443
0.10265
0.0472361
0.036136
0.0347573
0.121395
0.0950976
0.0486036
0.129424
0.0703873
0.0920469
0.111577
0.0780873
0.073637
0.0795724
0.0598034
0.0739237
0.07999
0.0324081
0.107336
0.104823
0.0918408
0.0914168
0.0650302
0.0716404
0.0338094
0.0371643
0.0966709
0.101374
0.116383
0.0404883
0.118507
0.0734374
0.0768841
0.104195
0.0584012
0.0926544
0.124582
0.126239
0.125719
0.0651458
0.117066
0.0632575
0.117676
0.0617172
0.0715105
0.100306
0.0684618
0.110203
0.102085
0.119123
0.11041
0.121651
0.115626
0.0705699
0.123301
0.0435419
0.125305
0.0812971
0.113342
0.0730931
0.0360611
0.0722718
0.0830465
0.111788
0.0333594
0.109751
0.0819968
392 174
183 376
10 468
270 433
288 96
372 47
280 217
215 78
318 470
414 260
267 121
480 43
471 4
6 369
292 69
244 491
190 246
186 244
46 15
138 292
95 204
268 424
260 449
270 68
108 213
33 34
135 103
489 371
326 102
439 436
123 297
107 335
434 448
379 447
119 41
388 488
402 358
107 48
62 43
373 272
441 57
209 454
62 498
40 433
307 332
432 321
144 189
239 93
401 34
128 259
154 4
320 11
83 159
299 341
414 51
39 209
290 403
393 317
50 62
460 300
72 329
137 120
58 152
50 314
422 150
366 269
103 437
216 1
192 139
42 259
10 95
11 456
18 1
338 443
205 113
245 103
76 446
75 356
371 242
144 410
13 488
160 211
126 133
194 37
359 274
199 402
383 206
18 61
22 392
325 130
291 435
378 360
337 128
323 194
71 296
358 22
323 129
142 132
446 93
362 361
