79
100
6
39 49 76 15 60 54
66 94 63 27 12 88
67 10 86 91 38 36
46 34 37 81 57 66
50 25 72 98 30 91
83 47 71 50 25 99
86 42 43 17 86 53
21 47 15 33 28 12
57 34 31 31 78 21
57 93 20 72 19 84
35 69 20 92 82 42
13 33 49 32 41 17
81 29 33 62 90 29
74 67 30 48 78 83
12 38 93 16 56 56
83 86 26 59 83 47
75 90 27 39 16 31
19 90 38 44 58 48
32 54 52 84 11 51
95 84 19 15 21 28
10 71 24 57 56 66
72 26 15 97 65 27
10 42 97 89 73 82
58 94 26 65 25 37
79 60 35 58 58 97
19 33 36 44 73 63
18 91 32 58 93 40
69 44 51 55 92 29
98 77 25 31 13 37
99 48 80 98 75 62
17 13 68 50 70 77
47 41 82 47 43 69
29 50 24 85 21 79
27 40 40 27 41 82
66 62 33 31 55 67
81 29 41 39 93 14
92 98 79 86 77 61
46 58 91 52 13 86
23 32 12 13 58 62
79 40 92 88 22 98
90 32 82 15 20 59
93 61 69 27 68 24
67 85 69 71 29 63
55 54 74 63 76 39
32 94 92 75 82 65
83 33 25 59 71 43
90 13 26 81 47 97
23 87 22 91 80 83
28 54 49 30 60 98
23 16 35 70 76 58
35 45 90 84 30 68
46 29 53 66 10 90
68 41 76 23 94 92
46 69 55 87 28 27
15 99 83 11 87 37
43 64 75 43 14 61
91 15 62 92 25 77
21 66 60 78 43 78
33 91 92 43 20 100
34 20 35 19 83 15
67 98 72 29 27 50
75 37 16 91 68 29
79 66 35 18 55 31
45 16 80 65 53 27
77 57 41 99 62 93
64 19 42 23 83 32
15 16 50 28 51 61
60 80 68 67 17 84
46 93 29 59 74 19
72 24 63 77 74 14
87 79 37 21 22 97
27 96 74 84 72 24
83 38 15 34 64 70
61 83 29 84 50 59
87 33 78 72 79 65
98 85 67 67 22 50
98 30 65 22 87 65
14 90 54 53 75 88
44 34 79 15 68 17
69 83 78 94 96 30
61 85 32 49 87 30
39 22 34 13 21 54
84 49 52 51 83 83
40 70 58 34 66 38
94 16 62 53 10 44
82 82 63 86 91 73
71 38 16 88 34 86
16 82 41 73 97 29
86 56 71 17 68 74
75 51 10 40 93 98
64 20 88 37 85 73
21 60 68 90 15 87
14 91 12 37 26 36
90 97 78 28 70 31
33 78 95 89 96 30
59 13 17 92 80 71
42 89 10 73 66 73
44 46 63 72 71 31
84 84 77 62 87 32
40 71 78 25 66 78
0.106458
0.102081
0.0985814
0.0699995
0.0368962
0.0392783
0.0859731
0.0891024
0.0534907
0.0995507
0.116962
0.117992
0.0280079
0.123947
0.0943136
0.0978474
0.0533231
0.0645785
0.0685403
0.0713789
0.063546
0.0478282
0.12364
0.126119
0.0829753
0.0639978
0.116689
0.0654347
0.120782
0.100982
0.050716
0.0869093
0.128786
0.104292
0.114129
0.0269287
0.0302581
0.0344025
0.128074
0.0471214
0.0920467
0.109912
0.0944915
0.114441
0.0774845
0.125535
0.0548426
0.0389919
0.0899379
0.119053
0.0881528
0.0792791
0.0355969
0.105538
0.0280462
0.0629607
0.0918863
0.0518202
0.0537882
0.0917144
0.0333015
0.103353
0.0673459
0.0624393
0.11762
0.0638514
0.0592105
0.10227
0.0381187
0.0946487
0.0852421
0.0954374
0.110545
0.119269
0.115642
0.103259
0.0362991
0.0732981
0.0775174
0.0470567
0.0969837
0.115453
0.0390459
0.0368106
0.122782
0.111644
0.123201
0.0304077
0.103728
0.119983
0.0721872
0.124189
0.0680141
0.0484611
0.0641228
0.0475393
0.0765647
0.0632009
0.0676205
0.0770319
430 182
217 291
308 92
4 174
73 374
253 97
187 207
217 386
122 434
229 40
142 135
230 350
107 454
234 160
306 482
474 183
107 263
135 464
248 414
50 308
63 464
34 324
449 62
219 252
414 485
28 238
307 456
285 177
452 216
349 15
143 430
119 215
3 281
30 297
58 77
14 74
147 123
56 453
343 430
399 302
214 450
258 260
443 463
394 82
42 329
241 483
469 292
308 141
131 355
432 84
130 421
61 132
199 280
145 287
106 133
119 446
339 321
172 403
65 393
69 193
290 106
91 302
166 163
122 139
254 127
335 372
17 394
447 84
444 253
21 486
396 436
92 93
298 283
106 376
448 311
388 343
127 9
129 328
77 315
2 310
150 304
30 473
262 346
387 103
255 221
182 87
246 282
216 178
270 363
249 405
93 98
307 46
33 150
150 249
306 267
413 335
9 106
196 290
428 139
358 463
