30
100
6
13 72 46 70 37 62
67 92 40 81 11 33
29 78 31 47 75 93
83 82 38 35 23 22
61 47 43 32 35 84
26 27 48 79 94 84
73 93 49 51 31 55
24 96 16 64 45 49
91 57 54 38 89 59
39 68 59 16 38 47
42 66 71 71 60 93
10 16 35 73 14 11
10 71 89 93 62 41
39 31 82 69 39 78
78 70 93 22 84 34
46 77 84 74 89 70
37 72 54 76 29 14
67 72 73 81 45 100
70 41 14 65 80 82
18 87 34 41 60 34
31 60 15 83 54 19
22 72 83 80 52 31
21 81 53 26 14 24
57 72 16 13 51 69
100 46 23 54 60 41
50 87 85 61 60 25
22 48 83 13 58 17
77 36 68 77 12 100
41 29 29 85 74 26
61 63 85 57 86 53
45 12 75 40 56 48
68 65 72 62 65 13
68 48 23 99 52 12
89 14 17 70 19 98
50 78 100 16 36 16
58 46 10 86 49 91
48 99 34 32 17 94
72 34 77 100 11 72
94 46 38 34 97 40
42 99 98 60 90 28
56 61 65 46 56 31
58 55 30 77 53 11
82 86 42 58 69 76
20 34 45 12 48 26
67 74 37 89 73 72
65 73 52 95 79 32
52 13 56 71 72 24
59 13 79 30 78 75
88 77 69 22 35 49
20 91 25 50 90 61
63 11 51 30 30 35
46 65 54 70 48 53
26 36 29 83 31 69
40 79 32 18 46 63
91 47 62 46 99 55
32 60 94 38 25 53
87 41 46 26 17 58
78 44 91 21 14 90
95 56 93 10 64 52
81 19 49 83 59 85
62 30 42 71 10 10
100 72 59 61 85 48
33 86 51 70 100 47
30 76 53 30 59 42
99 90 84 44 89 55
20 59 73 33 32 50
74 56 13 16 96 28
46 78 15 44 98 66
89 44 33 64 59 95
32 39 75 43 67 51
23 38 74 69 15 78
50 64 11 68 70 41
47 31 70 22 77 13
67 25 21 100 76 57
98 26 83 10 74 52
99 62 24 73 81 10
19 44 69 99 18 97
96 41 40 20 30 17
57 27 24 35 40 33
58 16 11 35 37 36
24 91 22 49 12 35
44 18 29 53 45 39
84 59 74 15 77 50
92 48 79 60 24 22
22 98 22 12 84 48
86 97 31 33 80 19
60 34 73 67 93 16
59 68 35 68 33 80
20 87 19 11 72 29
29 45 80 16 47 16
30 36 60 74 11 27
49 94 68 95 36 57
87 75 45 66 49 98
75 94 44 38 54 60
52 71 50 70 79 61
68 96 97 95 60 72
65 95 95 38 13 66
64 62 43 31 89 29
99 35 48 95 82 96
37 37 54 80 59 68
0.0951933
0.0661324
0.0792959
0.0721771
0.105446
0.0918545
0.0666139
0.121159
0.0460915
0.0909164
0.0602725
0.127546
0.111822
0.0293773
0.122681
0.0599217
0.0346692
0.0318353
0.0520505
0.0980305
0.0570217
0.0947748
0.100554
0.031771
0.114168
0.100586
0.0968863
0.124558
0.0877625
0.110515
0.0419828
0.030693
0.0419387
0.0633427
0.109645
0.0753203
0.0475688
0.114336
0.0526901
0.0410729
0.0926325
0.116543
0.0791945
0.0325643
0.042101
0.0804018
0.129056
0.0298757
0.0531588
0.062898
0.0874353
0.0998077
0.0652096
0.0966236
0.049216
0.0736933
0.0656186
0.0878031
0.121669
0.124863
0.0906391
0.0657797
0.118592
0.0771718
0.0922094
0.0997213
0.110856
0.0574517
0.0617307
0.0928298
0.0822107
0.10063
0.108493
0.0908945
0.103234
0.073928
0.111713
0.0935465
0.0892673
0.105957
0.127136
0.0421305
0.0642893
0.070351
0.11343
0.129768
0.12331
0.0271318
0.0761323
0.108849
0.0752831
0.0860207
0.117698
0.0380737
0.104359
0.118841
0.128101
0.0381389
0.0928893
0.105531
302 28
394 99
174 61
49 142
302 467
378 81
247 143
304 491
48 478
83 336
306 245
327 1
254 40
250 345
168 470
352 283
221 409
156 72
12 484
312 444
447 479
243 216
75 291
79 356
85 468
82 305
167 253
409 260
454 212
475 330
354 308
134 199
399 499
29 67
141 439
94 149
11 500
348 184
471 221
460 485
1 235
324 327
189 276
336 69
488 236
120 359
437 173
77 60
155 427
114 491
141 13
38 484
149 361
378 110
172 402
78 405
498 414
384 133
459 327
340 237
453 446
38 316
456 40
80 20
491 138
318 328
234 216
236 252
437 480
265 124
464 223
312 126
33 33
33 308
484 260
130 359
426 292
222 418
360 284
477 147
17 388
489 364
335 395
85 324
447 95
32 15
205 258
248 107
5 102
274 317
115 426
159 436
66 487
131 58
224 164
276 314
29 349
420 76
390 337
370 446
