93
100
6
81 85 65 55 84 84
29 37 93 51 12 18
66 100 53 17 57 69
63 84 51 25 69 63
39 55 90 77 86 47
94 35 13 50 71 75
48 40 40 52 53 85
53 57 88 76 33 16
75 40 65 71 91 99
39 55 23 13 38 52
69 93 93 87 61 32
85 28 96 36 70 13
54 68 60 22 45 77
44 79 97 18 63 24
48 73 80 89 32 48
37 38 81 27 54 39
61 81 100 26 94 56
42 21 66 97 55 66
61 21 43 12 29 26
70 38 38 98 17 78
19 35 98 60 45 84
90 80 16 38 21 62
100 64 36 52 81 61
50 70 90 15 75 80
15 86 64 36 56 89
40 88 15 46 62 74
69 26 82 96 95 79
19 11 96 32 21 89
30 78 74 37 21 17
18 70 60 98 43 68
21 44 46 99 94 43
23 69 82 44 20 52
11 51 24 61 85 24
96 62 90 52 90 63
86 71 28 78 98 60
95 100 14 71 42 11
42 22 72 90 83 95
11 58 93 24 55 44
94 39 78 28 90 50
59 55 15 75 64 84
46 40 78 94 64 47
97 58 48 23 91 26
41 59 26 36 93 55
57 23 68 69 34 12
70 41 91 23 100 89
45 12 90 82 32 55
14 21 37 48 44 81
22 31 50 77 23 95
28 10 15 75 53 89
63 41 54 87 41 41
27 13 57 10 18 31
17 32 34 53 57 15
29 33 56 39 42 88
38 65 86 67 14 71
18 49 11 11 13 94
98 10 100 66 35 91
44 50 47 49 86 24
69 22 86 59 81 91
90 97 61 85 19 63
97 81 98 33 96 88
76 49 96 92 48 83
25 24 34 62 14 78
17 30 68 92 94 24
82 32 66 55 79 94
44 19 75 53 27 73
26 36 80 54 89 59
69 59 25 37 63 60
68 62 56 49 24 61
20 74 97 38 59 31
92 78 13 64 61 88
41 50 18 60 57 58
57 18 67 42 58 14
34 66 55 52 39 50
98 56 44 56 91 41
21 86 52 10 79 59
89 81 12 41 88 56
73 37 20 51 37 42
26 94 78 64 74 81
93 18 53 26 61 15
34 18 72 65 16 71
11 74 64 37 15 86
68 97 43 20 63 94
76 63 26 56 23 43
33 80 28 19 31 51
95 54 13 87 59 11
46 91 22 66 24 68
69 66 20 52 91 81
56 96 91 34 44 92
28 26 26 85 81 89
92 45 35 77 54 12
53 78 29 30 70 50
77 68 96 60 99 85
96 25 67 34 11 95
100 91 15 11 71 30
95 51 53 90 32 13
27 85 14 19 27 18
96 77 76 77 10 30
17 67 98 84 91 42
99 16 48 19 71 46
26 47 34 98 74 94
0.114097
0.108377
0.0395432
0.0931012
0.0283788
0.0297204
0.114668
0.0977705
0.115143
0.10143
0.0388583
0.107666
0.120149
0.0813088
0.10703
0.123218
0.0540102
0.0287545
0.0524706
0.0625581
0.0340849
0.0474509
0.0321053
0.0767702
0.104113
0.100226
0.0599372
0.101113
0.0554471
0.0855992
0.122482
0.0730633
0.0739229
0.0342098
0.0888036
0.0861668
0.0961191
0.0696051
0.0876496
0.0563177
0.0995155
0.104533
0.0736219
0.0733275
0.0901148
0.0763527
0.0853901
0.0690311
0.0973885
0.101938
0.118713
0.0945875
0.0573306
0.0934092
0.0698818
0.0534342
0.0947501
0.125509
0.119236
0.0280985
0.0435455
0.0305464
0.0670304
0.0945977
0.0891848
0.0557777
0.0727458
0.104553
0.0853833
0.11079
0.121749
0.0393362
0.0510246
0.0958605
0.0962954
0.118718
0.114804
0.0744886
0.043522
0.125371
0.0788989
0.0842358
0.100159
0.0539906
0.0296229
0.0947879
0.0628616
0.123611
0.0910921
0.125808
0.127768
0.0580566
0.0541377
0.0269567
0.0542519
0.0613121
0.0730941
0.0472835
0.0718373
0.10062
93 493
117 300
360 222
233 400
163 447
144 73
426 285
79 265
344 200
322 132
279 206
183 468
119 325
388 427
165 246
177 432
304 206
374 299
248 3
492 41
424 361
162 327
1 88
424 65
167 487
380 228
145 93
47 336
318 384
92 328
108 375
244 434
290 497
312 368
469 290
319 118
116 448
19 314
372 128
444 18
279 156
28 359
74 258
14 340
118 471
290 144
3 298
62 100
466 295
185 4
148 221
325 227
215 261
285 39
83 428
247 79
242 311
200 428
49 292
373 291
8 55
69 75
150 240
254 432
20 92
233 311
291 331
277 30
90 89
430 396
274 94
225 381
398 353
226 438
131 243
246 394
263 357
429 436
163 43
377 178
252 23
88 404
455 413
50 364
33 327
338 123
72 199
213 167
358 321
111 323
474 105
213 291
200 80
90 313
454 15
462 11
351 0
363 442
319 440
138 120
