85
100
6
86 30 72 68 66 12
74 78 64 54 66 40
45 95 21 94 63 48
81 25 27 16 27 66
97 87 40 16 21 12
90 97 95 26 65 44
11 91 94 93 85 78
25 72 26 70 88 55
76 70 14 48 92 29
71 11 44 33 28 61
16 28 76 65 96 56
63 74 62 53 84 56
62 64 72 12 91 100
34 86 62 80 90 48
37 85 28 94 22 95
63 26 52 49 34 76
33 26 55 49 28 76
39 33 87 69 77 81
14 87 92 80 67 28
15 19 45 19 54 90
31 96 71 56 31 34
67 64 91 53 82 30
42 42 47 76 32 17
77 20 81 24 35 34
24 65 68 59 34 96
14 84 10 49 92 38
46 81 53 93 71 52
47 46 50 52 69 93
29 99 59 43 33 33
45 74 38 86 34 70
77 79 88 30 17 56
85 10 81 93 87 57
66 35 94 41 14 85
13 56 70 59 35 37
39 24 82 54 49 45
10 67 35 37 75 14
69 53 16 70 85 69
60 72 99 12 49 65
31 41 12 53 35 46
59 97 53 93 28 67
84 45 48 48 24 65
42 73 55 23 32 34
37 51 90 50 97 29
49 96 99 85 26 76
43 57 91 47 16 62
26 65 65 34 51 43
87 82 30 19 95 29
37 53 80 13 36 77
16 100 37 67 36 56
15 97 87 14 95 14
75 95 74 33 66 23
17 17 66 64 26 15
92 27 69 17 81 96
58 85 36 20 11 91
65 37 90 25 17 36
34 96 50 63 32 81
61 31 60 12 47 22
58 83 88 48 42 84
63 56 38 78 87 55
80 37 28 43 81 29
47 33 33 36 38 53
81 41 93 29 42 64
43 14 87 12 43 24
12 36 91 87 70 28
79 16 49 12 100 91
93 57 76 76 14 15
53 75 84 83 36 26
77 83 35 61 49 76
44 65 90 45 36 66
91 29 43 96 54 22
91 84 73 100 63 70
56 87 54 16 34 55
34 24 15 82 23 19
60 61 53 96 75 77
61 29 12 29 96 54
67 14 13 90 71 36
19 46 93 74 74 52
29 13 18 44 97 91
98 46 24 37 15 69
20 11 77 55 81 92
56 69 34 77 83 89
19 63 87 32 38 68
28 41 27 76 65 77
32 74 22 68 72 60
14 39 96 10 49 11
83 44 55 63 16 27
77 82 35 98 47 33
80 92 47 76 79 10
18 58 21 52 45 96
53 27 25 44 28 19
40 14 13 40 28 78
32 31 13 30 15 84
21 88 57 55 98 47
72 75 30 51 93 61
82 11 92 84 52 22
82 91 10 76 89 34
55 90 94 95 97 79
89 61 65 41 10 13
67 55 36 48 37 95
77 69 14 29 35 87
0.122672
0.0732502
0.0635664
0.0953267
0.0838941
0.123107
0.129842
0.0462213
0.06626
0.084494
0.108905
0.0366487
0.118482
0.0585793
0.093573
0.0358464
0.127777
0.0576715
0.0675924
0.121588
0.0974745
0.0449282
0.117471
0.0610574
0.0526556
0.0753633
0.0484551
0.113009
0.0526218
0.0746186
0.0960603
0.0573142
0.0278502
0.0707544
0.112464
0.0831136
0.0976933
0.0709023
0.0760724
0.10553
0.110972
0.0423192
0.0871736
0.0363124
0.0753592
0.0666633
0.103117
0.0868401
0.0972253
0.0542412
0.103643
0.0760448
0.0465028
0.0931382
0.112955
0.0799338
0.0608989
0.11045
0.103032
0.0437999
0.115502
0.107395
0.0473979
0.0900491
0.114822
0.124694
0.0548992
0.118197
0.0927235
0.109318
0.0358023
0.0478588
0.0491626
0.0588194
0.102404
0.0630717
0.121699
0.0769523
0.119177
0.0380582
0.122291
0.106437
0.0713251
0.0790032
0.0354972
0.129682
0.066184
0.0501741
0.0478715
0.090962
0.0301565
0.112215
0.0456551
0.0810549
0.0398146
0.0323747
0.0651107
0.0522368
0.123788
0.113298
122 440
224 344
451 491
306 426
47 148
479 97
5 179
45 114
227 275
121 212
383 375
156 269
197 147
115 329
84 181
464 237
301 39
202 251
77 74
52 492
430 450
96 130
299 247
92 73
218 74
309 462
305 257
71 48
23 0
116 427
266 88
290 189
327 182
253 492
426 34
238 256
200 176
312 182
198 99
403 370
284 314
469 322
158 345
260 173
95 382
72 394
450 231
351 1
122 294
155 467
347 479
418 49
439 274
83 309
216 206
189 127
33 478
280 276
339 63
355 378
147 479
32 203
40 38
340 153
283 427
9 122
207 18
157 419
221 111
37 377
7 158
239 258
116 135
44 73
454 163
87 361
11 178
190 487
96 159
7 167
267 309
350 281
192 300
439 190
53 334
33 371
494 484
398 194
32 448
359 402
98 203
293 343
233 95
332 276
301 371
484 176
245 172
215 350
126 377
300 240
