59
100
6
74 59 73 81 82 82
90 43 68 72 15 62
40 67 96 54 87 93
79 56 69 97 23 23
13 75 96 89 31 94
95 66 90 37 84 17
84 66 79 78 18 17
45 75 15 55 85 82
40 14 19 25 62 63
63 98 61 19 91 81
51 52 28 34 13 11
54 59 84 51 29 55
49 47 12 43 27 93
88 83 57 52 51 56
28 72 78 73 12 57
86 29 46 37 47 25
32 92 41 23 41 56
71 70 38 31 83 19
21 86 65 84 45 97
35 26 32 76 12 39
41 37 100 32 34 54
90 72 16 17 49 63
65 90 11 19 98 58
62 89 16 72 41 50
29 13 61 29 40 14
34 43 43 92 15 39
59 42 31 39 74 10
12 88 19 26 38 28
52 15 92 92 86 88
87 98 39 14 10 57
25 54 91 76 72 32
54 95 29 48 31 96
38 11 18 61 56 13
37 52 67 91 91 93
50 90 80 65 22 92
91 82 82 88 47 95
56 78 36 89 93 72
54 60 44 51 94 95
43 77 50 79 17 56
25 91 79 32 66 98
44 46 15 97 45 71
61 72 31 97 23 59
54 18 92 97 13 78
76 50 64 77 82 65
91 53 17 22 35 62
87 36 35 87 36 22
64 78 69 14 28 98
12 73 47 39 15 84
84 22 41 55 49 67
78 12 90 13 55 72
34 70 78 32 62 24
67 42 64 89 49 52
31 48 66 89 47 47
36 21 89 62 29 39
93 73 43 66 25 66
97 93 33 38 74 73
62 95 30 85 76 73
32 59 45 71 85 83
23 46 31 34 27 41
20 77 25 65 64 48
99 68 20 21 47 84
44 73 45 21 35 36
13 82 91 99 67 87
84 16 31 99 16 35
33 29 25 55 97 15
75 47 30 26 40 39
71 18 26 64 26 21
73 70 14 15 26 13
15 33 32 17 94 73
87 80 21 15 43 12
33 38 40 77 51 79
79 77 25 40 57 90
66 86 97 45 32 70
77 10 96 87 77 80
90 53 81 52 61 76
36 73 62 27 71 75
36 50 14 24 29 11
89 82 29 50 91 92
29 31 89 18 31 51
65 49 26 95 93 43
33 33 70 90 46 16
47 23 47 89 42 17
63 68 79 37 76 17
56 41 94 68 40 53
56 27 12 18 48 33
23 85 92 47 37 10
62 94 88 29 94 71
39 25 89 20 45 93
90 18 21 11 21 100
91 23 19 60 67 55
60 82 35 14 53 78
24 19 94 49 86 49
22 22 91 45 39 52
18 54 14 13 52 73
41 19 72 62 100 71
70 75 86 73 15 34
38 40 60 61 76 60
73 79 96 91 73 91
91 51 36 49 88 15
33 55 54 69 21 85
0.0706146
0.0599921
0.0731154
0.126439
0.109548
0.126694
0.0861194
0.120241
0.104413
0.122138
0.108813
0.0296893
0.03561
0.0574306
0.0587917
0.0604355
0.0840194
0.0858602
0.0749331
0.116
0.0421991
0.0699314
0.0773398
0.109009
0.0373611
0.0636262
0.0946382
0.0612925
0.0992811
0.0746402
0.0385048
0.106448
0.109653
0.0384358
0.128372
0.0641114
0.0501168
0.0469294
0.0360999
0.0492911
0.0280468
0.0758086
0.044846
0.129821
0.0452905
0.0944811
0.0441791
0.0270247
0.0896963
0.0493484
0.0627341
0.075241
0.106474
0.127795
0.101982
0.0926829
0.0461501
0.0440667
0.050837
0.102824
0.0335154
0.116459
0.0682093
0.0764551
0.125898
0.0640863
0.1154
0.0446428
0.0542009
0.0687805
0.0476861
0.0305923
0.127162
0.082151
0.114127
0.088699
0.077059
0.117433
0.0796137
0.0910279
0.0301253
0.107742
0.0951035
0.0374644
0.0298351
0.0448779
0.103609
0.0842341
0.0391817
0.0975035
0.0422441
0.0699785
0.0903927
0.0477345
0.0539111
0.0761833
0.0629029
0.0770542
0.0373248
0.059591
429 149
25 142
80 178
298 49
363 13
222 237
330 288
353 54
370 201
483 240
141 122
426 17
336 500
14 283
283 241
409 115
333 66
439 464
143 180
285 445
232 170
233 138
14 227
61 75
334 35
300 181
70 130
137 2
238 77
128 398
221 404
494 128
124 496
149 203
253 390
84 257
274 494
86 329
30 479
78 185
478 139
312 155
32 367
374 111
178 22
363 38
318 198
297 207
149 197
319 10
236 378
15 294
368 102
321 211
91 245
76 252
363 25
364 88
393 39
38 306
483 26
122 105
496 451
49 324
79 456
429 183
283 288
174 311
217 166
180 300
264 108
123 418
203 218
397 449
494 203
75 468
316 50
312 453
238 213
292 384
66 406
108 178
80 135
184 319
187 47
158 389
116 368
410 339
0 496
154 379
181 31
7 329
19 131
192 267
365 481
48 435
372 411
162 282
89 226
223 391
