81
100
6
43 44 55 17 55 38
82 70 37 88 79 38
42 44 94 23 64 99
31 23 48 72 23 55
66 59 48 47 86 39
67 91 75 68 50 45
92 63 17 90 100 33
35 45 31 31 99 86
43 97 38 26 97 35
36 77 53 77 50 16
75 21 73 99 76 84
56 51 23 25 21 36
85 68 51 88 58 46
73 87 43 21 44 28
34 81 21 39 11 46
22 55 78 20 71 99
23 10 25 45 10 37
14 18 74 26 46 50
57 25 30 95 24 18
55 54 28 91 62 72
24 44 24 97 19 86
41 98 69 71 62 75
88 75 59 81 38 97
99 32 17 62 72 35
37 74 42 60 34 48
44 10 37 28 53 75
27 36 77 83 88 99
80 47 15 86 15 80
34 38 28 37 76 72
34 35 98 90 80 99
76 24 77 98 33 16
89 43 14 31 62 74
62 72 53 49 62 54
87 46 78 34 73 97
85 91 10 74 25 86
87 60 60 94 88 48
55 28 89 46 34 11
25 100 26 64 32 61
39 38 73 92 34 66
12 14 77 57 39 67
98 55 99 33 77 42
68 91 65 19 58 36
88 27 68 45 59 31
78 94 13 40 84 72
47 79 67 87 10 24
80 21 17 36 75 90
85 35 98 92 47 32
44 61 15 26 81 64
96 15 86 52 89 23
86 10 32 69 50 61
90 29 14 20 69 69
44 27 11 61 90 49
37 11 24 100 78 87
23 99 27 90 53 83
26 12 94 45 29 42
74 14 22 11 18 54
17 99 36 79 88 78
72 75 42 36 61 12
41 20 93 72 36 89
100 35 93 47 25 24
94 65 72 58 92 56
14 14 34 48 62 46
81 13 25 66 52 53
17 29 91 58 55 72
67 23 70 52 35 39
74 33 10 89 20 86
95 13 22 38 21 27
16 40 47 81 17 22
45 99 91 15 33 73
70 73 56 35 83 63
49 30 54 87 51 44
18 89 79 10 16 89
90 33 42 90 92 18
37 84 45 53 69 25
30 48 37 58 26 87
19 13 79 98 26 43
84 46 20 34 87 31
44 26 47 37 98 71
12 27 21 81 77 86
25 80 81 92 62 76
92 31 29 81 16 52
85 88 42 12 66 81
88 40 94 75 30 31
83 86 14 87 95 26
67 52 11 58 67 70
47 22 20 92 11 92
26 81 73 16 16 28
76 72 59 78 19 83
47 99 86 38 42 70
83 73 83 43 81 43
52 43 26 71 95 10
59 73 11 78 25 60
16 76 65 38 73 96
23 28 66 73 14 85
37 94 67 86 27 81
44 16 53 29 19 32
95 12 54 68 57 68
63 23 84 59 34 67
57 24 46 57 86 13
73 42 26 81 44 21
0.0264201
0.0419611
0.0795799
0.116538
0.0992488
0.09852
0.107006
0.102601
0.0851065
0.0644251
0.120348
0.0883685
0.0712807
0.0895155
0.0465606
0.070701
0.119134
0.0896145
0.120503
0.0486407
0.0512981
0.119231
0.122
0.105405
0.114737
0.0795613
0.118532
0.108915
0.0478464
0.0540898
0.0707466
0.0287675
0.0467246
0.0986635
0.0670196
0.0492613
0.063803
0.066297
0.0874497
0.0783522
0.085652
0.0710978
0.0997776
0.116101
0.103494
0.0609972
0.0597512
0.115823
0.0705276
0.120089
0.0471649
0.101217
0.105108
0.114088
0.0499346
0.0517143
0.0348356
0.10653
0.127979
0.0682994
0.0588603
0.068462
0.0966255
0.129675
0.0864929
0.0645135
0.11204
0.0876776
0.0601683
0.100923
0.097844
0.105063
0.0833802
0.0701768
0.107899
0.104828
0.0522636
0.0675309
0.127462
0.120174
0.12922
0.105214
0.120746
0.114772
0.0288682
0.0771017
0.0582357
0.0493452
0.109233
0.117434
0.0929536
0.0952698
0.0710958
0.112762
0.046491
0.0696197
0.107672
0.112724
0.0576164
0.111268
484 84
434 108
316 230
27 335
471 349
400 485
228 378
90 237
434 344
47 291
201 10
138 245
249 357
469 183
58 96
303 413
403 130
389 144
486 463
220 312
315 330
10 217
309 294
119 113
347 206
122 261
175 408
327 138
468 451
349 216
32 378
64 354
18 290
30 157
201 43
206 238
294 288
265 160
388 492
3 143
318 316
360 186
431 379
207 461
62 437
244 456
99 200
448 269
188 426
324 140
318 340
454 41
193 258
308 405
211 391
228 214
197 119
162 393
122 482
492 172
6 7
422 96
310 165
101 111
453 255
412 67
176 436
435 143
279 197
364 179
131 490
14 327
388 162
446 316
146 493
218 259
175 205
162 412
104 148
134 129
343 163
403 412
112 293
478 485
201 231
14 198
289 13
435 284
99 382
256 75
254 436
318 467
289 25
371 265
468 437
130 191
441 59
17 306
18 245
455 258
