93
100
6
10 68 67 55 76 62
74 87 54 39 100 84
98 20 45 42 60 78
40 45 58 34 83 64
54 35 58 22 19 59
51 85 62 25 74 84
53 43 33 36 86 62
67 89 21 96 14 91
38 40 57 14 61 44
50 41 65 59 18 48
64 42 21 71 86 49
63 87 54 74 14 91
27 58 17 71 71 33
51 80 34 68 77 12
41 67 11 41 96 47
69 40 64 45 19 77
78 55 25 64 11 99
92 42 99 85 32 47
96 27 46 25 100 43
59 57 59 28 73 70
30 61 54 77 32 41
72 64 52 52 32 25
54 57 74 45 67 20
87 51 99 33 93 44
67 33 19 97 37 93
28 29 14 99 24 40
82 26 84 51 37 87
83 86 97 74 98 92
98 52 18 92 63 37
89 85 96 49 100 24
39 78 29 20 54 91
50 69 55 20 94 90
31 81 27 23 96 47
93 18 56 92 63 51
16 56 70 19 74 61
68 92 53 13 31 36
54 36 25 22 30 14
76 45 51 15 83 51
36 85 24 20 64 86
15 18 70 65 86 82
35 88 89 45 62 34
72 57 47 73 73 11
38 72 67 22 19 41
19 20 44 76 17 24
39 41 37 46 73 13
42 59 12 42 83 34
58 80 74 23 14 65
50 76 24 12 80 52
12 72 22 77 93 66
37 10 77 86 24 25
15 78 50 13 54 88
12 28 57 15 51 89
79 32 97 50 46 17
42 41 38 31 17 11
20 27 92 96 32 34
16 43 46 55 33 48
29 63 42 98 37 90
99 20 65 99 58 84
78 57 51 10 62 24
41 46 70 27 21 56
91 10 82 60 100 75
12 35 67 26 15 68
54 99 25 16 61 31
49 87 32 72 61 21
95 61 43 44 51 40
51 45 10 86 19 48
94 13 48 14 95 45
79 28 15 26 75 79
42 49 42 86 15 20
87 78 91 97 33 93
46 21 77 80 45 46
12 37 17 79 81 89
79 33 24 74 46 37
74 34 66 70 31 49
44 16 17 51 39 44
53 72 42 61 47 18
23 35 30 19 44 79
85 55 34 98 24 51
74 63 79 43 37 38
76 49 52 70 42 16
50 99 52 34 94 33
79 23 85 12 40 74
31 46 10 38 93 98
24 91 12 31 46 67
42 80 50 29 73 90
17 56 48 99 74 63
27 71 80 64 100 67
70 43 19 80 45 17
97 41 52 16 76 11
94 26 36 57 54 51
71 67 12 27 11 71
42 12 12 67 50 45
63 30 52 28 29 87
26 43 89 86 27 90
28 99 11 59 26 73
16 65 61 91 17 29
70 23 69 39 34 72
13 40 38 75 65 85
89 19 11 66 26 23
95 22 55 10 42 33
0.047938
0.0342804
0.129417
0.0591986
0.115746
0.124027
0.0792276
0.0439322
0.109345
0.0751402
0.104909
0.057013
0.0801302
0.0764044
0.0563569
0.0298876
0.0899432
0.0748274
0.128974
0.120777
0.0707194
0.0465756
0.0721392
0.0736749
0.0405595
0.0794015
0.114418
0.109523
0.0993364
0.112859
0.0704394
0.0684886
0.0471372
0.103666
0.0323568
0.0897042
0.0758883
0.0625113
0.0973199
0.0556869
0.0538283
0.0827325
0.114618
0.112209
0.070637
0.0486075
0.107457
0.0297325
0.108856
0.0987039
0.0468131
0.11564
0.0388959
0.104309
0.0407687
0.0828785
0.105854
0.039721
0.0485032
0.0520341
0.0530603
0.0304443
0.0774121
0.0281961
0.10181
0.0851076
0.117718
0.0778322
0.0895689
0.0716771
0.0823755
0.0281991
0.0415651
0.0537964
0.0829551
0.0844149
0.0727555
0.0468859
0.0896035
0.0283825
0.12265
0.112002
0.118401
0.0914798
0.0711403
0.105311
0.0810711
0.114047
0.119298
0.0742757
0.12099
0.0422174
0.114961
0.0959993
0.0399439
0.0760659
0.0653617
0.107342
0.0645415
0.0830612
466 208
203 476
416 141
80 432
314 396
109 13
186 59
14 109
39 0
291 157
454 254
451 438
147 319
303 219
473 491
40 248
205 114
135 121
119 70
399 359
230 139
112 22
85 31
255 25
69 15
378 104
224 134
178 483
156 204
349 99
200 82
23 336
222 492
487 469
117 207
289 84
398 123
400 416
48 214
188 186
367 381
390 487
218 278
367 296
220 414
445 30
102 466
327 279
188 3
176 343
464 470
53 99
479 165
366 356
22 488
148 268
368 72
467 456
472 222
400 451
129 192
231 376
180 363
289 152
129 239
495 415
302 457
35 289
450 125
109 475
237 68
185 323
73 413
486 489
293 383
471 344
226 232
461 108
372 210
27 240
107 223
137 447
4 328
42 98
68 278
494 464
430 104
121 17
396 197
140 277
496 230
455 158
218 15
486 419
334 132
393 233
15 92
368 78
170 56
222 259
