82
100
6
71 10 44 20 94 27
37 81 14 25 78 46
89 13 71 98 12 30
80 80 99 78 49 82
93 56 28 13 66 21
16 69 28 12 74 57
46 18 25 98 49 81
91 32 76 38 61 52
38 87 23 42 85 85
56 45 47 62 68 29
87 76 94 11 81 71
13 58 24 49 51 43
68 60 44 85 35 56
21 59 29 55 72 65
94 23 99 75 35 66
44 73 22 99 21 15
98 32 36 76 70 33
15 11 49 97 94 83
11 73 80 89 69 86
83 13 80 43 47 39
23 70 26 92 61 39
48 69 20 82 20 58
55 69 79 33 93 21
36 28 56 17 56 76
70 37 92 92 67 81
46 10 49 33 76 17
59 33 94 85 65 90
29 65 23 75 25 81
32 74 42 54 15 87
81 13 18 68 22 48
96 44 32 14 17 42
38 44 39 43 33 93
38 25 92 85 18 73
90 69 91 28 51 71
15 53 57 90 26 27
12 26 69 81 98 71
96 89 26 95 97 69
31 56 93 68 37 84
14 26 29 77 87 24
24 80 85 44 84 19
44 41 70 78 62 45
80 31 91 38 31 88
52 81 33 94 44 15
75 90 85 80 48 65
68 18 44 31 10 37
73 87 38 93 69 80
60 15 84 30 34 62
68 75 25 31 26 58
98 78 28 82 86 16
10 24 39 88 65 73
55 55 16 22 95 61
77 59 42 18 15 82
53 39 44 17 18 100
39 60 58 10 14 21
43 63 32 44 87 87
62 20 20 48 37 53
56 49 65 72 35 21
54 35 84 48 11 98
11 98 44 12 55 58
64 16 58 78 83 35
82 100 82 69 58 66
88 70 80 69 35 85
76 36 51 75 85 46
95 32 36 35 97 90
64 37 90 68 80 20
74 82 49 42 42 13
79 91 86 18 46 54
95 33 57 28 98 44
88 40 76 53 36 36
50 71 55 12 83 97
99 60 95 70 81 86
88 94 57 41 67 99
72 57 13 67 15 82
88 85 67 10 44 26
43 90 100 82 95 30
41 63 57 81 18 22
45 37 20 78 58 38
45 86 70 54 71 99
51 89 86 10 97 86
11 19 25 19 72 90
80 36 62 71 42 32
18 25 18 73 86 62
41 75 45 42 22 17
17 59 66 19 98 98
63 36 37 51 61 41
42 13 44 88 41 15
30 66 13 54 70 72
62 74 91 84 86 84
79 97 96 33 91 76
52 42 18 57 59 41
93 67 71 30 77 78
35 94 20 77 65 99
84 46 78 72 90 29
82 89 50 74 72 86
56 31 86 80 78 100
12 11 36 83 37 76
31 98 40 50 34 10
23 70 69 43 74 13
74 51 49 47 78 33
33 36 94 66 29 47
0.0925151
0.116592
0.0612834
0.0440204
0.0652169
0.0675358
0.0606966
0.125279
0.0898852
0.0647102
0.112452
0.0339487
0.0384783
0.0345751
0.115037
0.0284192
0.0515091
0.0962459
0.0336674
0.0964839
0.0342869
0.0673335
0.045632
0.110449
0.106479
0.0522815
0.109305
0.0856125
0.038998
0.0413186
0.0564197
0.0721358
0.101951
0.0313008
0.119884
0.0710874
0.125489
0.089324
0.106178
0.0662617
0.0275284
0.118233
0.11292
0.0801153
0.0270652
0.0946967
0.0946622
0.114661
0.0955427
0.0284016
0.121633
0.0381822
0.0361224
0.0955509
0.0435568
0.0460504
0.0717006
0.0708488
0.129235
0.0999078
0.0640688
0.0970427
0.0904553
0.0270375
0.114757
0.0998457
0.0403136
0.102361
0.0487892
0.0934945
0.0291109
0.0719871
0.0965676
0.0603768
0.0807011
0.0755113
0.0597706
0.101376
0.104674
0.0443923
0.0496312
0.114218
0.0994163
0.0749745
0.0579128
0.0564896
0.0665541
0.106212
0.0553628
0.0783304
0.0727087
0.101143
0.126253
0.061476
0.126685
0.0996013
0.060809
0.0730261
0.0695954
0.124998
463 454
458 267
48 340
252 18
419 469
94 51
48 158
496 322
385 119
33 234
490 378
361 119
362 305
241 189
176 43
69 175
61 146
126 122
246 158
139 218
174 212
443 216
364 98
127 43
428 256
89 398
374 411
479 370
245 123
181 304
390 370
357 106
466 38
400 90
168 67
24 125
282 218
427 337
48 64
428 248
379 301
228 245
440 102
464 263
65 407
222 489
95 264
50 14
148 138
72 207
287 490
441 224
231 277
270 228
39 495
375 69
186 178
265 443
252 401
179 409
420 136
326 296
40 396
456 436
279 368
324 231
477 85
314 470
387 196
393 312
278 27
415 249
342 443
499 81
331 431
254 337
18 276
260 499
298 323
56 348
228 412
335 265
184 202
164 40
93 101
55 203
392 478
393 451
37 324
367 485
56 153
135 346
324 447
296 327
266 202
95 141
387 478
209 113
486 322
328 0
