45
100
6
20 79 22 99 54 68
57 60 43 26 43 53
35 20 28 50 85 12
38 59 33 52 87 90
100 97 83 30 15 49
41 72 94 91 90 32
20 80 13 91 55 92
78 95 75 59 18 76
53 40 36 29 36 62
19 92 96 18 41 27
33 90 62 71 24 30
11 85 13 16 44 37
67 55 37 100 15 23
10 70 68 88 84 45
41 22 64 51 89 64
12 72 89 24 42 58
73 57 85 27 27 88
73 82 88 97 38 11
35 98 66 63 50 12
44 16 61 99 79 20
68 86 96 45 48 70
45 83 30 88 40 35
72 13 77 44 38 68
11 31 100 62 77 97
95 79 42 72 83 22
49 31 67 71 70 76
20 90 61 24 42 57
28 20 30 47 46 12
44 68 27 42 45 72
11 44 54 11 70 13
97 63 74 84 48 33
81 94 67 53 38 30
34 16 24 17 91 62
38 66 35 66 50 92
61 49 27 94 48 31
35 52 44 70 62 17
89 89 25 53 99 86
18 41 80 54 42 30
71 85 34 30 18 99
39 100 20 43 53 63
58 84 14 46 75 19
77 53 26 59 93 35
90 82 77 95 80 55
22 28 47 92 45 42
65 52 51 15 74 20
11 26 65 36 28 73
66 95 39 41 84 54
89 49 92 35 45 11
40 64 16 12 41 99
23 27 81 52 93 82
64 29 67 11 33 58
19 55 80 33 95 60
58 84 77 10 41 49
64 79 59 31 50 45
73 88 89 12 32 12
83 73 100 52 17 66
79 43 63 77 91 57
85 38 48 81 65 83
21 17 18 88 40 100
89 34 91 45 18 76
45 15 50 82 43 78
70 38 45 75 81 40
84 14 35 68 87 41
99 44 46 20 34 91
58 56 50 22 30 10
26 72 84 26 48 66
61 48 100 29 60 29
97 69 64 32 11 89
14 90 88 87 44 27
45 44 27 62 88 10
65 20 27 18 14 31
52 90 67 28 68 64
96 64 15 90 44 98
29 69 46 62 46 96
83 74 25 43 66 75
85 95 81 22 11 38
86 43 100 10 65 73
34 50 28 32 96 16
33 77 17 39 23 51
31 31 20 95 35 61
91 15 54 75 75 64
55 81 80 61 96 89
25 79 91 65 49 92
82 52 85 75 38 94
17 33 32 100 77 62
19 61 23 14 14 92
25 90 45 87 92 73
69 80 88 37 62 52
78 68 85 76 30 43
33 43 14 86 86 76
30 86 37 37 63 39
83 86 34 77 54 81
12 42 33 74 92 97
67 73 39 81 33 41
38 28 96 86 95 61
90 36 10 21 39 86
31 52 14 73 76 27
89 97 74 36 79 29
83 60 23 25 17 66
81 29 65 14 61 56
0.114711
0.105541
0.0538428
0.128199
0.12209
0.127751
0.0391003
0.102279
0.0822504
0.107486
0.0821637
0.0793033
0.0891556
0.121384
0.0718526
0.0774581
0.117094
0.0689152
0.0944415
0.111933
0.0574047
0.0985584
0.0668615
0.10634
0.10117
0.115606
0.125736
0.0891829
0.124305
0.0695147
0.0284749
0.0863619
0.0730877
0.0850226
0.10447
0.113932
0.0786762
0.111721
0.0561569
0.123024
0.11816
0.125914
0.0610694
0.0989121
0.110913
0.110836
0.0414787
0.124382
0.049665
0.0728581
0.111371
0.0343307
0.0288952
0.0456033
0.0598611
0.0420028
0.0652943
0.0327154
0.0346084
0.0298809
0.0810031
0.0395763
0.0915978
0.0726352
0.0663083
0.105159
0.125284
0.115578
0.0684253
0.0749047
0.0875609
0.0513793
0.0592647
0.122502
0.108956
0.0399338
0.0886834
0.0581413
0.0757612
0.0702918
0.0821296
0.0456541
0.0699901
0.0981509
0.0395408
0.120644
0.0344706
0.038287
0.0501451
0.0301202
0.0432561
0.129777
0.055861
0.0979745
0.105418
0.113387
0.0451058
0.0953125
0.0638102
0.101462
386 487
247 124
136 75
40 271
285 459
250 225
75 261
19 336
351 304
253 102
357 12
92 196
64 170
240 45
193 398
456 242
285 84
76 100
140 109
243 306
81 433
180 232
346 92
33 341
120 240
115 281
488 409
209 277
260 391
23 341
145 229
207 292
240 82
29 91
91 410
494 231
190 500
114 217
154 96
150 407
117 5
360 333
478 272
196 422
299 175
131 117
397 71
39 160
462 315
157 70
355 209
218 68
159 360
346 318
217 48
424 344
155 330
61 16
493 26
310 138
425 255
427 411
248 405
430 475
202 427
105 253
273 9
338 358
104 86
421 85
274 204
443 193
257 50
17 495
1 345
374 172
302 300
177 393
212 475
25 197
63 356
281 121
438 87
210 432
51 238
206 107
340 20
433 20
429 63
452 394
62 451
15 375
61 94
202 38
354 265
384 186
54 34
128 103
373 328
243 22
