80
100
6
23 81 20 49 49 48
100 95 22 71 43 96
29 65 27 40 19 99
21 99 42 33 11 80
75 81 31 74 60 43
75 69 89 100 90 13
64 69 12 41 33 84
20 12 33 18 55 79
74 18 52 48 23 61
32 81 73 46 95 50
59 25 72 100 66 52
44 62 70 61 46 40
68 22 66 22 75 43
70 44 25 31 37 13
54 20 49 67 89 88
97 94 84 60 71 81
96 46 39 26 32 96
34 48 97 13 87 63
30 78 56 22 32 49
38 29 50 67 41 41
34 80 81 97 54 31
35 68 90 79 89 59
79 88 71 87 69 15
35 20 21 30 95 69
51 54 30 92 46 29
88 22 92 81 41 17
65 92 73 86 77 18
13 86 33 45 10 10
40 93 39 98 55 77
47 49 56 26 97 92
90 50 53 64 13 73
42 57 75 87 48 92
89 58 83 50 10 25
31 87 74 45 64 12
51 35 33 31 71 67
12 60 87 53 73 67
55 37 80 84 53 35
50 47 96 79 56 45
27 15 55 46 51 27
55 42 35 92 28 31
68 15 42 98 93 14
25 86 70 54 85 38
38 21 93 62 92 29
62 55 98 85 50 67
41 59 96 53 100 75
87 38 97 18 12 78
50 21 82 62 16 40
93 45 37 14 35 10
94 28 16 98 31 29
44 53 29 33 72 53
59 95 82 14 71 88
48 58 11 11 53 50
41 54 12 55 88 67
28 36 30 21 96 10
30 64 57 70 33 92
27 74 55 77 78 71
35 68 60 89 47 68
39 100 80 26 66 82
33 90 28 60 69 15
59 57 85 16 21 58
44 85 82 26 54 25
30 74 58 71 64 55
26 70 33 32 68 18
54 49 46 56 90 21
75 31 33 68 62 99
51 78 59 23 45 25
63 92 57 18 13 72
87 29 73 23 59 72
41 72 92 86 68 35
21 12 54 33 13 100
14 100 29 64 52 14
15 35 23 96 10 78
13 58 88 56 52 97
66 16 36 66 51 98
99 60 16 77 56 74
97 74 60 78 37 76
56 66 59 55 74 21
83 14 69 97 97 39
52 46 81 11 53 59
74 34 80 34 82 20
78 65 68 78 88 87
75 80 83 74 48 23
66 75 59 65 42 95
10 70 87 38 13 84
85 62 76 72 54 78
90 54 43 88 57 47
10 39 12 14 72 86
47 74 82 78 96 20
39 60 17 26 12 71
29 44 27 64 69 21
34 18 44 36 24 74
35 75 63 46 21 92
12 16 38 36 91 62
75 88 39 50 46 89
14 30 100 84 79 52
94 23 18 35 35 48
26 88 40 99 63 89
77 97 35 11 99 70
62 54 83 37 70 51
39 48 57 16 81 20
0.120862
0.05454
0.0577737
0.0395602
0.0723518
0.0745682
0.0608332
0.0656154
0.0594243
0.0618401
0.026781
0.129009
0.0872294
0.1033
0.0698842
0.0299605
0.0810625
0.127395
0.0287335
0.0478879
0.0774144
0.119424
0.0650855
0.0848294
0.115643
0.113617
0.0326249
0.103565
0.0993415
0.0859907
0.108246
0.108922
0.0505424
0.0354892
0.117436
0.102535
0.10086
0.0449484
0.0347672
0.0875303
0.0853708
0.0919374
0.106138
0.0518698
0.126338
0.0365572
0.0379787
0.106358
0.114213
0.0590516
0.0518125
0.0882682
0.0551485
0.0623209
0.0843601
0.0902052
0.0969909
0.0688657
0.0656247
0.0502526
0.0797713
0.119569
0.0381405
0.0581528
0.0717633
0.0475148
0.0812639
0.0281741
0.107218
0.0354621
0.110911
0.0986372
0.115524
0.0508198
0.0515325
0.0877077
0.110271
0.0404156
0.0620314
0.0301968
0.0438727
0.0896014
0.0613046
0.0380008
0.102893
0.095835
0.117737
0.0890381
0.128357
0.0775327
0.123036
0.119295
0.113323
0.0824737
0.124398
0.0651969
0.0418284
0.0415306
0.0498661
0.113237
246 18
306 245
331 345
68 432
478 47
430 479
351 67
430 325
1 226
59 0
246 12
451 105
491 220
121 237
305 283
220 32
343 30
134 484
329 292
332 194
76 78
359 448
226 294
382 431
214 24
341 393
30 137
493 95
333 312
360 442
39 78
430 382
61 432
202 439
327 364
264 321
402 459
317 354
297 264
423 369
298 139
190 426
417 140
494 206
157 402
192 118
304 50
117 273
215 490
270 31
290 472
116 288
323 497
14 145
339 365
450 209
476 335
438 414
111 332
117 277
445 471
223 204
128 61
194 237
364 65
28 267
46 274
216 420
15 9
426 105
204 394
344 426
162 261
148 8
19 179
252 382
309 446
341 117
174 187
38 368
373 427
357 448
213 449
141 370
42 324
372 456
98 169
219 133
306 26
487 48
314 112
341 171
406 347
24 350
431 282
431 187
425 228
75 347
173 298
335 136
