59
100
6
65 84 88 15 19 70
85 29 88 30 21 100
97 91 49 50 42 64
86 66 50 93 76 32
12 58 25 74 41 97
14 92 42 72 91 17
37 36 62 28 25 61
95 58 77 18 40 98
33 79 19 76 84 24
46 44 76 41 42 12
88 64 30 36 79 26
32 17 23 16 68 40
77 28 30 57 45 93
70 46 76 61 24 61
49 34 10 68 53 80
92 19 71 74 11 33
35 35 37 47 27 16
53 28 86 73 81 70
28 10 78 78 37 54
32 59 25 84 14 64
35 10 84 76 93 55
34 69 90 58 14 19
21 41 90 99 79 78
87 83 16 32 41 67
47 69 71 84 26 60
68 30 58 36 88 94
59 81 96 73 97 76
85 84 31 34 77 37
49 87 68 95 92 25
64 87 77 88 33 26
41 36 22 15 59 72
90 93 18 41 100 65
30 54 90 53 87 100
70 15 10 25 78 98
84 51 15 84 76 34
55 71 25 83 22 77
29 50 25 37 90 100
31 98 83 99 81 49
90 13 42 55 91 42
99 16 74 74 29 29
30 69 13 37 48 34
77 28 70 93 19 52
36 23 33 42 80 47
37 68 69 12 22 86
100 25 89 67 56 43
69 21 37 83 66 72
77 34 21 95 81 68
39 96 62 82 27 95
23 97 31 82 89 48
81 33 20 36 27 60
61 99 24 67 61 33
90 35 48 44 66 55
36 78 98 42 65 16
12 22 52 51 93 47
74 74 51 58 58 29
37 88 99 18 28 84
64 26 64 85 32 81
19 86 80 96 94 54
73 87 94 47 43 81
19 47 52 42 37 31
27 72 22 62 12 86
50 24 57 32 21 91
40 39 66 17 31 44
69 82 57 41 43 85
75 100 49 56 53 98
71 85 39 39 96 71
86 27 58 67 52 58
32 18 24 87 25 93
82 11 37 43 43 92
85 48 97 56 74 24
34 43 30 28 49 60
55 29 71 47 100 46
16 58 55 47 27 73
26 60 95 22 17 84
75 36 85 58 13 82
60 72 100 98 52 38
25 99 69 33 34 23
23 32 85 37 84 59
80 33 32 13 39 17
39 12 46 91 60 39
42 32 18 45 21 45
15 19 21 44 20 19
21 31 64 66 42 32
100 15 30 99 48 52
30 66 71 42 46 49
81 36 71 50 80 27
51 32 20 16 26 76
36 61 82 16 81 75
29 65 73 70 73 23
18 54 29 60 22 30
66 75 77 28 97 30
10 80 25 70 33 31
28 55 91 86 78 42
88 98 62 30 85 92
34 14 96 10 13 42
99 42 40 55 20 44
72 69 78 83 73 33
90 29 94 35 37 13
48 42 56 86 84 74
28 79 43 84 58 27
0.127446
0.0837853
0.123753
0.121769
0.0848918
0.044752
0.0620203
0.0357778
0.0266169
0.122883
0.0598188
0.078802
0.0348682
0.0497259
0.127982
0.0523147
0.0288791
0.0315641
0.115771
0.0712563
0.105358
0.0344717
0.124332
0.0812908
0.0461222
0.113239
0.106483
0.0798542
0.10935
0.0876444
0.0530515
0.0725104
0.0617945
0.118819
0.0951844
0.096193
0.104082
0.122566
0.0831145
0.0462507
0.0934121
0.122037
0.0721576
0.0504489
0.100955
0.114348
0.0982583
0.0495787
0.0785514
0.0516205
0.127253
0.122788
0.0723503
0.0837247
0.0949124
0.104812
0.10086
0.106322
0.0485203
0.11276
0.0575134
0.0982122
0.076532
0.090066
0.115714
0.127836
0.11281
0.124662
0.0539455
0.0905439
0.0944756
0.100566
0.0723181
0.120507
0.0376395
0.112472
0.0359672
0.03764
0.0983144
0.0281577
0.0665774
0.120834
0.0734715
0.0937928
0.0612291
0.0469764
0.0268325
0.0991973
0.032512
0.049847
0.0413592
0.107164
0.0614719
0.0516218
0.120215
0.0895812
0.0645823
0.0626013
0.0544789
0.0534387
282 314
376 297
302 67
367 470
411 197
359 243
405 409
394 333
292 381
10 465
297 491
280 39
319 207
95 478
371 236
259 187
169 81
353 349
309 45
312 119
268 198
241 39
63 498
17 270
180 316
258 325
163 312
179 195
77 274
456 435
184 393
329 414
283 193
330 473
166 309
147 17
207 414
440 268
332 388
211 421
153 299
264 294
457 78
132 179
17 107
314 363
191 362
319 368
110 36
121 344
3 221
2 236
450 311
103 219
248 264
81 61
129 261
328 445
398 271
464 347
144 141
407 185
46 114
475 255
152 342
291 132
331 479
320 202
106 59
106 376
192 489
108 162
414 11
369 488
490 158
178 104
29 80
293 366
339 330
173 134
435 42
484 129
1 162
423 403
32 20
205 245
259 478
156 487
392 394
286 97
242 64
237 108
385 94
119 272
156 458
355 436
412 497
18 148
233 226
286 215
