98
100
6
80 16 64 95 26 25
12 83 56 66 47 21
66 19 29 98 12 95
77 92 86 50 52 88
61 22 38 31 60 55
49 76 68 93 32 80
42 29 74 12 19 94
69 50 45 41 54 25
63 13 35 12 40 50
59 12 60 75 16 86
64 77 60 34 79 11
83 75 32 57 100 94
68 91 92 57 46 82
90 23 66 13 57 86
64 62 77 98 34 84
32 29 10 23 84 44
59 20 62 33 22 34
37 55 84 61 39 53
65 50 23 13 28 84
60 61 76 80 87 60
39 56 30 17 52 57
86 17 54 52 41 56
58 71 19 10 59 96
38 18 22 70 49 71
22 65 19 24 99 63
44 73 35 48 81 52
29 65 91 29 94 40
83 71 66 100 33 80
96 47 72 42 95 36
94 36 36 63 35 85
51 86 15 73 41 100
71 26 68 77 11 54
92 22 60 25 39 68
80 85 82 60 39 70
79 77 41 57 42 44
75 90 75 61 36 75
18 32 43 26 31 76
59 87 91 84 69 68
85 99 25 89 75 15
81 29 44 22 71 55
90 18 80 70 91 40
64 25 53 70 79 12
65 26 19 30 45 88
60 40 86 87 64 28
52 94 26 84 57 74
54 85 58 89 68 91
61 36 23 58 55 99
56 28 80 90 99 83
32 87 47 50 99 66
51 98 53 34 13 76
13 88 94 84 78 56
80 32 57 30 26 35
64 28 77 97 36 45
24 56 24 26 86 79
34 82 88 72 57 89
82 59 47 72 50 98
26 20 35 65 100 66
72 40 69 92 32 48
18 65 16 94 22 35
75 49 99 25 27 64
35 62 54 95 23 40
37 10 75 55 66 48
38 12 12 59 15 82
23 82 76 36 93 70
35 47 56 81 44 18
96 96 69 55 13 25
78 84 69 13 41 26
84 34 83 15 39 82
75 33 77 54 34 14
79 61 51 11 15 53
27 90 48 62 37 63
73 52 15 100 32 46
51 93 17 50 84 69
83 67 34 77 77 83
13 23 48 23 39 66
28 41 67 95 68 93
19 13 27 27 24 59
99 58 40 75 14 60
68 100 31 71 49 50
54 29 22 69 100 43
54 30 95 61 12 74
55 12 24 72 40 19
87 19 96 82 75 97
41 80 26 41 12 14
38 58 48 32 46 78
43 28 76 75 76 39
24 70 59 20 88 97
17 75 34 29 51 97
64 67 42 31 63 19
19 12 33 76 16 78
59 87 55 21 19 46
22 47 100 90 15 17
44 27 71 12 89 91
27 72 42 42 64 12
12 62 41 47 72 26
80 94 27 38 63 67
55 26 63 46 57 79
15 42 34 30 83 96
26 47 22 42 86 27
63 70 28 37 80 50
0.0719132
0.0775715
0.120537
0.0297846
0.0989563
0.116089
0.126489
0.0471601
0.0823059
0.0612519
0.0457602
0.117548
0.0569926
0.0533167
0.0560232
0.0587184
0.0683815
0.042214
0.098157
0.0280662
0.110206
0.0397718
0.0620661
0.0708187
0.0380621
0.103983
0.0708611
0.124158
0.0593441
0.100107
0.066267
0.0276612
0.0832083
0.0787305
0.11681
0.0921941
0.0695252
0.0454659
0.108926
0.0460299
0.0753032
0.0867729
0.106352
0.0380103
0.069364
0.0558976
0.078403
0.0387297
0.0971163
0.116947
0.12809
0.0330404
0.0865319
0.100417
0.0897333
0.0669883
0.0353854
0.0475423
0.0486474
0.113051
0.0681823
0.0456773
0.104198
0.123893
0.0623093
0.0419248
0.0972788
0.0407628
0.064567
0.0959133
0.0397654
0.126793
0.0466111
0.058899
0.115484
0.0472827
0.0823668
0.115611
0.0884483
0.0525122
0.0646929
0.0485927
0.0335413
0.107444
0.0337692
0.120645
0.0416342
0.0285454
0.037877
0.0530157
0.127275
0.0401184
0.0419044
0.12459
0.0345286
0.112735
0.0888476
0.0666702
0.124066
0.0779811
404 457
2 137
448 339
171 95
170 260
55 69
315 3
3 103
260 228
260 23
42 82
39 27
142 438
331 219
368 426
392 347
495 338
89 171
328 287
315 161
459 383
410 349
6 5
280 376
320 373
213 294
207 90
4 233
9 263
114 498
45 44
296 296
57 194
80 385
385 90
497 123
83 16
325 176
173 82
320 38
211 162
271 101
493 381
314 311
227 105
245 424
51 431
32 440
324 9
338 471
321 73
1 121
281 172
477 174
365 346
265 100
34 112
413 311
163 440
278 399
440 236
178 412
369 413
8 178
167 179
16 287
251 346
274 281
262 53
129 266
31 247
166 377
145 25
154 32
243 372
326 146
166 9
11 278
492 360
23 358
310 68
172 488
376 235
51 136
195 383
462 174
191 243
478 47
427 127
330 365
333 191
430 53
424 338
412 194
325 253
259 183
90 387
148 480
73 217
259 122
