3
100
6
97 18 48 21 44 46
16 65 59 100 27 57
43 47 25 64 70 16
44 41 47 20 65 78
32 29 96 42 79 42
91 98 32 81 78 90
66 84 92 46 66 14
47 62 55 81 18 58
73 41 89 37 53 71
92 71 64 79 88 95
98 39 19 54 66 100
55 98 28 40 50 37
97 98 22 77 46 28
11 99 88 88 79 10
39 62 61 88 94 14
60 51 72 85 51 44
96 12 97 67 27 87
71 41 29 74 86 73
99 17 88 16 46 87
74 93 24 62 64 82
30 61 81 93 62 24
31 41 98 12 26 50
95 33 59 76 70 72
68 58 86 26 58 58
47 26 35 12 59 31
53 61 16 20 27 24
76 22 12 100 93 44
16 58 43 59 81 29
80 95 17 58 12 20
67 48 96 64 48 28
58 18 54 94 84 37
24 49 94 38 30 66
55 92 48 16 49 60
12 54 94 90 67 16
86 80 41 97 49 60
16 51 22 30 76 33
99 97 13 30 10 69
47 69 49 57 74 21
30 54 69 96 77 35
96 24 30 20 98 52
51 42 24 99 75 82
10 80 97 93 15 61
29 51 38 73 92 34
16 32 55 24 62 25
16 60 58 13 27 86
18 13 85 37 72 48
11 69 48 37 59 36
77 22 68 57 59 66
41 62 44 50 91 36
59 32 89 51 24 93
13 89 88 38 63 14
20 16 74 29 13 77
81 55 58 26 30 85
48 72 78 49 40 55
91 29 53 98 24 92
54 27 67 82 88 70
100 85 53 44 49 66
52 89 63 99 65 96
71 73 19 68 29 49
59 13 40 95 84 31
51 57 57 61 99 68
20 40 85 84 47 14
84 95 32 27 31 59
39 81 86 48 79 86
91 14 23 15 62 59
78 75 40 62 26 72
50 93 70 66 63 83
49 77 37 59 73 60
24 79 86 89 93 34
15 36 69 41 99 30
28 90 66 27 14 29
99 50 26 57 58 56
23 90 85 81 11 70
59 67 88 90 74 91
80 67 61 30 81 60
53 85 86 39 42 79
91 70 37 45 86 66
77 13 19 84 93 90
18 39 56 95 63 60
10 25 99 37 87 98
77 39 59 18 98 88
28 33 45 18 65 86
69 72 63 45 77 75
52 80 55 14 71 76
87 85 71 94 100 79
55 39 76 20 66 24
51 54 56 69 75 30
14 77 10 66 77 19
70 17 98 39 20 31
84 53 57 23 10 48
81 98 17 43 53 24
16 18 86 21 16 83
79 84 48 89 79 97
63 49 98 35 43 21
38 81 84 56 11 79
80 68 25 52 48 26
43 46 50 49 96 48
75 100 93 55 41 38
47 11 39 89 67 48
40 66 92 42 92 86
0.112456
0.117784
0.0617235
0.0334456
0.0506334
0.0483195
0.0833632
0.125693
0.0265266
0.12182
0.0922333
0.0469603
0.120939
0.0627774
0.0479453
0.111241
0.125282
0.115121
0.0271318
0.077442
0.114792
0.0731277
0.0928448
0.127077
0.0893307
0.11659
0.0887263
0.0726848
0.100529
0.0807634
0.0691703
0.0922052
0.0868584
0.10469
0.051178
0.0474936
0.0631215
0.0435195
0.0790764
0.0615843
0.0429267
0.0446759
0.0992168
0.125007
0.0500583
0.10651
0.10597
0.099844
0.0658567
0.091914
0.0985262
0.105481
0.0606259
0.0400107
0.0447625
0.0521522
0.0854254
0.0454283
0.109586
0.0668904
0.0595906
0.0611225
0.078167
0.0485336
0.105656
0.0335449
0.111568
0.123526
0.11347
0.119758
0.113534
0.0674263
0.084665
0.129825
0.0332329
0.0772101
0.0652612
0.0391203
0.0706256
0.0332499
0.0994559
0.0899724
0.0299584
0.125629
0.060622
0.128705
0.0854164
0.0273019
0.0692233
0.107013
0.0559006
0.071997
0.0572405
0.0856084
0.0610464
0.0866311
0.112423
0.0863457
0.0590333
0.110981
185 497
32 493
462 305
422 123
37 476
272 80
349 54
158 325
335 395
377 26
452 225
116 294
366 387
43 499
132 354
214 336
409 66
211 35
145 199
29 44
134 458
470 283
185 159
39 227
386 465
496 252
76 488
485 310
183 280
125 278
287 229
153 151
3 148
43 216
37 52
285 272
302 374
14 374
204 100
336 109
164 282
256 130
86 172
208 210
419 330
146 25
394 64
325 63
95 197
142 377
78 224
337 481
385 181
386 283
221 404
211 497
112 96
197 279
40 58
200 486
415 236
175 7
458 223
164 308
38 252
208 381
217 213
220 373
117 451
141 50
56 148
323 94
101 494
95 498
420 210
85 203
468 446
238 195
489 141
113 409
377 16
196 302
486 87
273 451
238 175
303 32
63 150
435 414
386 227
39 135
259 371
65 493
458 158
277 327
233 458
2 17
303 258
251 341
375 494
402 10
