59
100
6
88 64 80 78 44 88
41 44 19 14 63 60
67 65 38 50 84 15
52 18 58 82 53 31
42 70 70 38 72 55
50 94 20 30 62 65
100 98 14 68 62 26
69 28 100 14 13 39
73 41 81 76 65 40
53 58 30 17 25 47
58 56 53 67 69 97
58 80 29 57 65 98
14 47 98 36 34 56
79 35 97 40 55 91
50 91 82 48 20 59
60 26 73 39 47 84
30 21 28 49 51 78
71 93 10 88 74 31
57 38 37 75 43 45
30 62 64 58 31 72
98 97 78 34 30 90
63 40 20 59 99 50
83 72 78 62 100 88
55 83 58 12 87 56
87 63 18 68 91 22
26 90 93 10 13 13
83 100 92 13 55 13
49 58 77 68 23 45
43 55 86 64 12 35
23 28 77 30 76 83
55 87 28 45 54 82
42 15 90 97 56 98
14 91 39 15 66 13
55 57 27 13 29 25
87 36 68 13 52 83
72 14 97 96 88 31
69 11 32 69 51 85
19 58 28 37 18 32
99 93 56 46 12 64
64 49 99 12 47 53
69 92 61 55 24 26
36 33 46 69 60 88
55 89 43 77 61 73
98 68 43 68 31 38
45 83 62 96 80 92
97 42 46 76 16 24
26 13 92 97 78 90
52 72 64 98 72 93
31 78 32 67 43 19
12 13 35 16 54 29
30 23 57 15 45 62
26 81 99 70 21 16
93 49 61 46 60 73
94 83 54 29 62 21
26 52 28 70 14 34
70 90 84 97 31 64
70 65 60 61 17 19
56 88 46 65 42 80
83 22 60 14 68 79
11 78 17 37 32 95
86 100 63 94 27 56
66 44 95 89 82 55
100 22 33 12 97 69
100 55 25 48 59 32
63 36 77 66 31 99
17 39 32 17 44 13
16 15 86 81 24 53
32 63 24 68 31 32
77 44 73 33 84 55
14 28 38 62 75 41
42 62 52 71 45 75
76 22 13 80 14 25
51 51 75 100 29 39
10 14 21 54 82 62
23 15 49 66 86 18
29 48 12 34 67 42
26 72 63 50 40 93
100 35 78 96 16 21
80 26 55 31 43 77
56 77 43 25 36 11
18 68 29 28 16 66
22 72 99 97 97 60
64 83 90 47 80 28
89 45 87 93 70 10
75 25 29 24 10 29
46 90 63 47 84 99
28 27 61 15 31 30
73 97 80 20 68 84
15 35 54 63 41 18
91 70 17 91 77 52
89 96 61 22 38 12
71 47 27 24 57 80
85 54 85 69 39 71
96 43 47 19 100 71
55 10 13 71 43 20
12 48 35 48 45 13
27 51 83 37 62 24
28 82 83 50 66 24
68 64 53 30 66 60
18 11 12 54 37 44
0.0641502
0.0400029
0.0682457
0.0467513
0.0597793
0.054319
0.114098
0.0826643
0.0799491
0.0315721
0.0680998
0.0899024
0.0735383
0.0588542
0.0767599
0.0778364
0.0646143
0.0809486
0.101991
0.0638055
0.0284678
0.086382
0.0456089
0.0540578
0.0623153
0.0385975
0.0777913
0.0451388
0.0773541
0.126768
0.125209
0.129171
0.0923646
0.122811
0.0703005
0.042943
0.0749864
0.0441329
0.129413
0.0975501
0.124602
0.0349173
0.104401
0.056641
0.110452
0.0448806
0.0825397
0.0943595
0.0522756
0.0360865
0.110454
0.086235
0.117833
0.0440004
0.110907
0.0909261
0.0390694
0.0532859
0.0774364
0.0667562
0.108481
0.0493938
0.0795331
0.0952424
0.0930089
0.0649694
0.124578
0.0754032
0.0880278
0.115163
0.117931
0.113578
0.0361637
0.0419864
0.0612854
0.0743249
0.0668265
0.0825239
0.072456
0.0495861
0.0663649
0.0732053
0.0497499
0.0419367
0.048751
0.0763371
0.028315
0.0966555
0.0412115
0.0821037
0.102209
0.0339635
0.0511802
0.0939649
0.104312
0.0405352
0.0869477
0.0520179
0.0852052
0.0554201
432 299
159 394
345 58
160 235
225 74
310 60
404 300
364 33
209 146
299 5
31 98
368 28
486 318
457 270
393 302
187 371
55 250
184 18
101 226
196 474
307 486
239 315
171 129
264 211
156 320
493 190
236 210
11 280
451 310
220 445
106 262
168 383
91 297
470 498
163 225
268 398
409 484
76 500
412 54
237 436
239 499
131 146
344 44
405 201
101 380
258 441
313 308
446 424
392 218
486 196
61 291
10 78
175 247
438 141
339 370
128 483
483 192
324 81
162 84
19 461
81 79
103 268
195 421
373 253
7 18
31 442
11 57
30 71
217 72
273 79
180 87
35 249
473 497
221 356
85 103
2 430
102 343
316 327
118 105
134 186
483 163
339 277
135 187
467 69
111 23
321 424
135 186
354 51
141 130
70 356
236 30
133 315
35 381
83 127
365 3
21 72
289 289
347 375
417 443
329 93
