71
100
6
20 46 94 80 13 69
45 87 41 50 50 67
96 47 73 82 78 22
82 24 84 45 60 45
96 76 39 66 96 58
35 41 62 49 23 54
13 71 91 14 67 87
80 52 76 58 42 21
95 97 30 92 87 28
59 31 11 39 35 88
47 74 66 65 96 77
14 34 23 66 30 67
69 35 89 82 45 31
54 44 91 67 16 45
48 66 32 25 54 27
36 74 42 29 50 64
47 22 30 98 11 57
21 94 100 81 50 38
45 46 15 43 83 87
56 79 22 51 93 12
80 95 36 99 70 94
19 74 47 93 31 18
39 27 71 12 86 67
59 19 81 36 95 75
77 92 11 51 48 67
81 44 45 67 70 45
26 60 15 95 52 80
53 43 68 79 29 29
92 50 28 31 19 61
16 46 31 62 94 31
87 16 88 54 80 100
47 99 86 13 42 90
49 76 23 43 99 41
60 30 66 27 85 61
56 11 22 13 28 61
81 42 24 70 18 67
31 91 64 86 57 82
31 100 51 92 27 91
20 81 77 97 83 32
77 69 54 99 55 74
27 60 11 77 44 51
52 47 83 12 92 33
19 48 22 82 81 12
73 83 67 56 65 60
85 79 59 19 75 26
17 94 97 99 97 90
64 71 19 16 28 66
15 82 91 74 32 88
71 52 96 52 11 94
64 20 87 43 63 100
29 41 99 54 61 84
94 32 37 86 53 35
49 30 61 32 100 78
46 22 11 50 60 25
33 100 32 50 26 98
100 51 38 67 74 71
74 31 70 10 22 70
13 49 67 98 31 100
16 77 74 61 85 100
16 14 61 14 13 30
95 39 37 52 97 74
12 99 51 60 42 60
62 65 25 51 33 53
31 81 21 85 10 55
80 46 16 74 59 78
54 56 91 34 65 54
31 72 11 29 30 69
70 97 35 24 34 28
30 83 80 22 44 71
53 90 54 17 73 90
61 30 55 67 36 94
32 76 34 59 41 66
35 21 98 90 32 88
20 15 63 56 39 96
23 89 74 37 29 61
76 11 47 80 93 75
85 57 44 36 80 44
58 54 14 31 52 83
44 98 75 54 20 49
52 63 71 66 84 12
42 51 84 44 20 20
12 71 92 89 17 56
24 81 81 78 71 32
41 64 87 45 48 62
58 97 12 16 64 69
70 23 74 43 52 71
86 56 58 71 89 62
55 46 33 87 42 32
43 50 64 33 13 42
48 74 44 67 54 30
30 18 76 57 60 23
30 26 43 87 31 41
55 11 57 100 94 38
58 60 28 59 97 92
92 31 45 92 25 37
73 15 37 10 18 41
82 63 33 49 51 100
12 67 13 90 87 57
95 13 90 34 93 77
93 80 30 60 43 37
0.063909
0.0695576
0.0591608
0.128737
0.0348891
0.0287421
0.0643239
0.117383
0.0289299
0.11903
0.0597525
0.0642364
0.109369
0.119049
0.0935547
0.0953557
0.0968569
0.0990843
0.0887303
0.0800748
0.0747263
0.125231
0.111001
0.0339803
0.11324
0.0633508
0.111079
0.126245
0.0683185
0.0619757
0.121514
0.100275
0.127419
0.128399
0.129909
0.026321
0.0952303
0.0908837
0.0686088
0.0438372
0.0847447
0.108613
0.0798247
0.129247
0.0729076
0.0887331
0.032159
0.031985
0.116575
0.0337996
0.109798
0.0685476
0.0504073
0.127441
0.0619759
0.111586
0.112127
0.0856402
0.0524148
0.0775159
0.121672
0.0726092
0.0803803
0.127863
0.0296395
0.0263203
0.0372888
0.0670526
0.0390376
0.127181
0.0794426
0.119156
0.0552481
0.0864385
0.0485975
0.055436
0.104632
0.099499
0.0622081
0.0679488
0.103497
0.11024
0.112962
0.0762527
0.0622529
0.0600078
0.124984
0.11974
0.128613
0.068006
0.0323115
0.0939104
0.127386
0.079822
0.0511173
0.0428625
0.128452
0.0988767
0.0866579
0.0725739
364 407
378 250
10 424
14 320
162 412
146 287
119 314
191 293
447 151
193 232
333 402
66 263
157 193
93 250
141 164
241 475
450 481
365 276
207 162
47 363
311 434
168 11
106 13
59 330
288 208
453 268
71 13
202 388
161 407
303 98
447 397
488 136
457 435
119 63
474 346
494 174
111 101
199 169
385 221
464 447
431 274
413 437
341 367
331 108
288 476
497 475
205 170
200 28
11 439
100 292
43 162
374 238
481 36
451 210
82 461
219 259
336 7
131 153
8 69
213 255
19 11
294 40
247 173
154 254
277 20
412 115
418 414
42 29
130 129
104 484
420 498
435 381
33 2
44 464
63 78
393 280
192 45
169 294
452 466
322 262
70 62
45 463
283 414
48 72
2 229
419 25
58 373
274 2
417 236
112 378
255 335
471 166
76 246
119 57
491 71
324 332
336 195
463 275
382 383
114 47
