62
100
6
91 34 53 31 94 37
46 69 89 66 13 82
88 81 15 55 99 98
50 94 37 47 26 23
85 44 76 28 16 69
52 48 87 100 24 73
15 96 85 97 19 48
95 53 35 69 76 65
11 90 99 13 100 19
78 64 49 15 93 63
46 69 91 64 30 91
33 56 28 64 62 89
64 27 41 35 67 24
31 31 69 45 65 95
83 12 75 96 79 40
29 86 80 80 99 35
89 17 45 42 89 42
53 19 73 67 65 57
67 93 42 77 80 26
45 62 86 98 15 29
83 18 96 87 17 64
30 77 100 82 96 40
60 73 98 35 73 17
78 100 18 82 93 94
10 69 58 98 95 62
95 98 56 18 68 73
78 33 32 83 40 15
82 98 25 86 94 24
56 45 62 25 13 23
54 15 89 36 18 98
43 63 76 62 59 35
74 29 13 54 37 30
93 91 14 29 14 21
66 85 65 25 74 15
93 20 67 42 49 88
24 24 23 93 44 50
55 31 35 65 90 66
75 74 21 25 22 54
24 99 28 48 80 11
92 81 63 38 90 16
36 59 31 13 69 61
98 72 87 20 31 65
40 82 83 10 57 33
36 99 38 29 32 52
75 35 26 48 19 87
33 60 24 73 73 99
82 67 49 22 49 42
11 77 73 10 11 85
46 77 94 52 60 21
68 53 24 30 84 11
45 43 95 48 97 91
80 48 34 17 88 25
12 63 79 43 55 33
39 55 75 99 77 82
44 21 72 46 54 98
29 51 63 46 27 98
30 78 17 77 10 33
50 36 39 80 24 58
99 50 94 39 23 99
36 12 68 25 40 27
31 93 77 24 59 94
86 41 20 41 81 97
25 23 94 42 81 22
37 26 73 77 77 16
12 21 22 81 82 100
60 15 65 24 57 67
90 13 43 71 92 23
59 21 36 55 82 95
52 25 32 83 58 66
25 88 71 87 11 52
61 49 62 72 62 34
70 27 27 25 95 27
91 21 52 94 15 40
12 60 88 59 39 50
24 77 93 11 56 97
63 45 95 46 67 12
37 70 28 27 84 16
85 58 41 75 85 87
10 28 91 27 87 51
13 32 47 89 79 76
33 67 77 11 20 40
45 59 39 90 53 27
64 93 80 65 88 91
23 21 10 54 40 94
88 19 51 21 44 85
73 27 38 82 66 87
98 14 63 96 12 39
95 95 21 22 38 35
88 80 70 75 33 74
69 64 24 18 97 44
69 68 60 79 91 63
39 75 23 32 33 70
98 18 47 70 89 81
22 82 10 89 39 38
66 39 21 29 13 89
75 57 94 28 46 37
14 35 37 60 63 34
67 43 46 61 67 75
56 35 10 70 68 63
100 91 66 93 77 73
0.0726603
0.0778171
0.0740588
0.0385338
0.0888914
0.0813407
0.0474209
0.109975
0.0365985
0.1257
0.0640116
0.0538033
0.102213
0.0469397
0.0725848
0.0659073
0.103705
0.0883545
0.0934045
0.0738872
0.0617065
0.111748
0.0769901
0.052193
0.0285695
0.0633738
0.0983003
0.101684
0.0533817
0.0975061
0.0397598
0.0340779
0.107851
0.0391046
0.0279679
0.0462221
0.0643588
0.113967
0.071784
0.0420643
0.120245
0.0985981
0.118598
0.0988248
0.0318373
0.0571324
0.101422
0.102536
0.0526267
0.0428211
0.0370932
0.0809757
0.108271
0.111014
0.122344
0.114161
0.127961
0.128005
0.0851365
0.0413926
0.103863
0.0672539
0.111851
0.0563737
0.0424662
0.092724
0.100211
0.0832145
0.060821
0.0420565
0.0457747
0.114145
0.124102
0.110569
0.0597694
0.0540831
0.0885877
0.0877668
0.126404
0.0598885
0.122498
0.0677908
0.0983746
0.0442757
0.088632
0.0401579
0.0612378
0.117223
0.0597771
0.120499
0.111348
0.0931455
0.0401201
0.102903
0.0775413
0.113095
0.0590321
0.0854899
0.0721434
0.0478442
141 38
453 30
427 116
67 423
224 168
275 373
64 183
432 320
367 360
314 496
146 358
150 130
164 272
66 106
321 188
36 429
221 45
477 356
308 445
343 431
238 144
107 212
214 314
388 290
439 114
442 57
240 107
284 122
256 39
214 203
133 384
43 496
314 173
471 169
187 398
414 221
420 61
428 240
152 471
182 20
182 55
499 303
381 46
458 268
235 376
392 164
411 338
290 51
208 256
29 43
385 176
351 418
470 347
262 31
87 200
383 44
486 463
128 31
16 277
361 252
314 443
448 203
339 325
210 425
293 490
99 23
424 148
333 453
106 424
360 287
491 191
98 435
7 60
14 244
338 469
306 360
217 76
337 42
16 146
388 68
69 103
195 459
46 218
3 36
71 338
259 32
131 346
151 390
58 59
373 248
87 192
436 175
122 316
369 396
221 52
50 283
447 208
444 247
295 318
18 491
