59
100
6
81 98 82 43 61 38
97 54 61 36 30 91
50 33 20 77 18 12
74 68 61 22 38 53
97 34 30 67 48 43
97 61 14 52 52 61
32 84 96 86 64 43
37 72 56 73 33 12
72 73 94 34 55 52
15 31 15 63 43 68
90 26 96 60 25 84
77 80 92 17 45 20
22 27 74 13 91 65
49 35 39 53 93 82
62 30 54 43 66 29
64 55 74 23 26 24
67 63 12 52 72 46
67 29 61 96 27 50
90 19 100 87 76 56
20 96 20 34 96 55
26 43 29 79 46 58
59 10 33 99 35 87
95 76 76 86 84 80
82 39 60 66 92 66
53 62 55 64 24 61
67 84 82 44 17 17
80 72 39 74 33 15
74 16 95 39 78 61
96 65 31 54 98 47
22 59 100 100 91 61
100 92 70 97 65 75
34 23 20 87 93 30
49 92 100 80 64 35
92 22 83 11 61 53
96 32 47 16 79 10
42 55 16 25 33 68
46 83 22 66 79 76
85 27 76 59 64 41
10 14 28 44 70 95
62 49 86 65 73 87
50 82 38 33 99 51
38 37 83 50 20 37
16 93 76 25 30 72
19 78 15 99 71 58
22 63 20 55 88 15
53 39 15 74 20 65
83 32 82 56 11 33
28 65 95 51 83 13
54 25 58 72 56 91
100 64 23 69 99 88
14 86 66 98 11 31
10 20 22 95 29 89
60 14 57 97 45 63
74 62 83 43 29 52
66 11 95 38 91 15
83 20 95 22 33 37
69 15 82 39 57 90
70 93 22 76 69 87
32 50 76 44 73 33
29 51 60 32 19 90
98 57 38 32 89 60
71 40 81 34 28 45
95 14 76 80 10 63
29 80 24 49 76 41
34 56 92 27 50 42
13 71 91 61 80 62
48 24 64 31 33 91
62 30 46 42 84 31
32 90 79 76 26 21
85 23 47 76 63 47
53 63 37 29 51 39
22 22 13 31 68 37
86 25 37 97 22 78
58 39 76 80 92 32
34 29 72 50 58 100
77 87 94 22 88 63
66 80 18 48 32 28
36 63 82 84 69 26
14 12 69 80 32 34
99 26 41 34 15 100
54 22 54 94 74 98
36 31 51 84 16 33
84 80 21 72 94 35
65 92 44 42 38 32
18 65 28 52 76 19
68 80 47 47 21 23
22 43 31 13 29 95
77 40 34 84 13 59
34 50 83 42 83 47
73 41 62 76 27 63
94 74 99 93 99 73
28 27 74 99 58 14
79 74 67 26 33 41
33 84 47 60 96 85
95 71 18 82 18 13
68 17 77 83 65 93
88 19 36 50 60 68
18 26 94 92 55 67
70 22 14 72 40 32
87 28 99 52 38 97
0.0731199
0.129398
0.100229
0.0562249
0.028194
0.118469
0.0974374
0.0263357
0.0614464
0.0539098
0.0394913
0.0302331
0.0759563
0.0596973
0.0703025
0.102327
0.0523584
0.047149
0.0516773
0.0962178
0.0452748
0.111617
0.0827687
0.111449
0.099727
0.0521799
0.0863907
0.126817
0.11358
0.0364992
0.0650495
0.0923801
0.0721615
0.0882094
0.0586981
0.0901027
0.0833632
0.0299705
0.0818254
0.0983372
0.0855366
0.0555446
0.079049
0.102192
0.0855645
0.0554196
0.0345773
0.0283409
0.104373
0.0402572
0.104366
0.0767795
0.0495661
0.0856127
0.104741
0.0956088
0.120192
0.109517
0.0998404
0.0621279
0.0597299
0.0587419
0.0541394
0.119387
0.0893801
0.06018
0.0575292
0.0862603
0.0830689
0.0405839
0.039926
0.0912285
0.0377738
0.0916299
0.0832833
0.0341762
0.0340536
0.0832681
0.104847
0.0742904
0.045173
0.0924825
0.0617938
0.0810935
0.0762156
0.0306234
0.0365598
0.123679
0.111761
0.0450553
0.0294813
0.0441938
0.0749391
0.0664196
0.108728
0.096066
0.107537
0.127147
0.0354188
0.0315091
428 408
145 361
49 457
286 214
482 330
134 125
396 493
168 454
36 140
429 112
228 80
256 173
454 7
105 468
351 243
322 469
339 86
113 63
493 50
84 301
206 187
455 346
231 253
356 330
212 395
212 379
190 30
72 132
15 348
44 135
329 439
175 499
461 114
358 454
474 358
323 426
237 70
77 303
441 258
495 448
388 120
205 198
95 491
245 292
212 261
95 38
356 361
10 312
27 186
221 414
334 237
108 343
120 23
76 22
137 241
386 155
301 352
141 259
16 251
58 380
70 242
155 413
6 287
126 407
431 50
139 347
30 158
318 475
299 82
166 86
306 345
83 219
308 260
455 190
478 450
143 148
77 218
215 425
110 274
310 113
387 120
149 9
226 132
37 169
254 203
186 55
122 78
253 39
423 478
307 229
34 371
205 464
48 458
197 283
163 180
465 95
356 243
197 299
176 230
363 230
