61
100
6
67 22 24 31 21 89
43 83 75 27 47 40
13 35 82 79 41 65
18 64 27 10 60 30
11 41 82 60 37 66
55 69 81 18 47 82
79 39 100 73 84 44
92 72 85 52 50 37
22 79 84 87 19 11
11 62 27 14 27 95
25 35 32 16 45 48
53 66 46 70 53 74
14 30 59 12 50 79
55 32 85 33 16 60
98 98 13 22 92 77
20 83 67 49 98 12
17 38 18 43 58 91
45 37 23 93 62 80
53 49 61 51 30 91
79 89 46 95 26 98
20 40 48 11 11 68
86 44 35 97 64 29
18 23 79 24 22 66
48 41 69 58 41 60
95 36 87 10 23 97
21 38 47 31 45 45
72 85 59 70 62 89
65 53 60 43 61 76
29 34 39 70 69 67
93 13 31 36 34 79
72 81 63 61 70 26
83 95 80 43 59 89
59 35 21 23 99 98
74 26 49 71 62 38
83 73 34 53 67 83
27 42 49 43 50 66
61 48 25 21 13 48
68 69 22 26 22 27
27 53 66 58 51 53
83 30 34 82 73 92
36 74 98 36 22 39
17 46 17 26 36 37
37 47 67 31 47 19
17 98 83 14 75 12
34 77 85 36 75 48
65 72 24 59 56 12
78 96 20 30 58 75
97 87 20 63 17 29
46 63 95 54 53 15
26 22 61 45 54 81
12 30 20 76 45 24
84 81 85 46 99 61
81 62 53 90 99 98
64 10 99 37 18 77
95 57 14 90 53 88
67 28 44 70 46 22
25 65 36 88 86 71
45 67 33 21 18 44
28 60 99 13 31 84
61 83 57 26 71 35
38 63 21 29 92 82
14 58 65 50 13 47
41 17 48 85 47 20
38 64 94 62 32 28
40 88 15 95 58 52
14 76 74 90 82 90
78 96 18 62 96 95
55 95 94 57 68 58
80 42 99 86 21 24
95 63 66 58 87 76
28 15 83 92 22 50
93 68 73 75 38 42
47 68 74 95 14 89
71 24 61 72 74 31
84 40 39 51 16 38
42 92 48 57 23 61
48 49 66 87 52 69
58 80 59 30 16 32
80 92 92 10 95 12
78 68 38 48 49 86
41 53 58 90 79 33
67 93 98 25 77 16
24 97 40 86 61 42
49 90 25 64 98 84
13 84 14 82 24 47
70 16 99 85 10 73
56 54 84 51 74 32
88 71 53 96 92 13
79 83 37 12 82 23
21 46 56 19 15 40
67 67 30 79 87 29
26 41 47 85 46 25
19 51 85 65 71 23
98 27 55 50 55 27
57 86 91 19 22 47
89 96 39 90 83 98
59 62 41 58 54 89
34 93 39 62 99 34
70 50 52 97 68 83
33 31 81 11 97 66
0.111582
0.117904
0.118334
0.0459162
0.077862
0.0945335
0.097117
0.0785668
0.124396
0.0825335
0.0859598
0.0489066
0.116615
0.0479788
0.0982564
0.0809533
0.047455
0.109427
0.0502739
0.0385024
0.0510355
0.0968383
0.0661877
0.086911
0.106243
0.0675908
0.0621519
0.0822869
0.0958901
0.111087
0.0810189
0.0939912
0.113657
0.110974
0.0760279
0.0315029
0.0738812
0.0274392
0.0940678
0.0993468
0.0736056
0.100504
0.0261801
0.0669785
0.0813232
0.0952108
0.112002
0.0710768
0.0356547
0.0993926
0.107568
0.0887975
0.0390417
0.0786437
0.0728547
0.120685
0.0960651
0.0324517
0.0578699
0.0364781
0.117525
0.108094
0.0361436
0.115387
0.0309151
0.0618815
0.0597765
0.0937929
0.105612
0.0998789
0.0941316
0.0274219
0.093946
0.12091
0.0660491
0.0336564
0.0491783
0.0925653
0.0738952
0.0752784
0.118658
0.124805
0.0339367
0.0620601
0.0471093
0.0494315
0.0578286
0.0958055
0.108242
0.12566
0.0943834
0.04237
0.0926226
0.068591
0.0698116
0.118926
0.0762602
0.0357841
0.100971
0.0954255
37 232
210 40
350 170
496 42
108 122
392 139
152 464
273 232
138 377
25 412
110 49
69 30
410 265
204 44
337 284
465 296
240 4
391 285
152 27
245 344
437 29
49 208
37 200
402 388
74 435
479 319
6 8
267 257
27 12
392 278
456 432
34 332
200 461
364 213
235 324
421 191
63 376
205 107
253 0
186 386
193 121
48 136
270 46
315 471
367 473
360 125
235 432
144 191
338 297
77 500
311 49
145 187
417 323
456 46
279 499
382 24
229 278
458 128
169 233
344 378
435 485
241 273
101 167
270 160
426 149
280 411
447 186
387 490
403 194
347 327
210 376
170 73
323 421
482 6
142 38
85 209
117 496
99 278
287 468
214 91
86 85
83 82
277 481
82 135
141 270
215 83
454 48
473 138
356 33
52 331
109 80
81 284
83 266
193 251
441 448
124 256
145 303
350 214
79 312
185 148
