22
100
6
93 81 47 31 97 100
84 99 80 30 63 27
80 30 94 84 33 46
28 77 96 100 89 79
63 74 30 38 97 53
77 28 65 21 75 78
80 46 66 93 37 53
29 80 35 72 66 15
54 39 41 30 72 57
33 70 79 33 61 10
22 44 89 21 26 40
57 71 100 61 90 90
10 39 32 98 21 37
71 52 43 86 28 65
23 30 10 42 24 76
28 36 26 25 83 15
84 84 55 15 13 53
43 19 98 80 21 80
89 91 37 26 22 24
75 46 54 27 34 88
42 46 97 39 38 76
83 13 87 23 50 75
60 24 33 62 23 45
15 10 73 51 93 42
100 19 87 41 85 35
20 29 73 48 61 90
76 76 30 21 55 51
77 24 50 27 47 87
14 84 75 38 42 91
28 64 96 11 80 42
36 33 48 100 79 40
56 88 96 94 12 40
27 13 41 44 76 40
10 32 51 18 38 29
20 91 98 90 79 31
41 97 28 61 32 70
44 44 90 97 82 58
61 67 48 85 56 84
19 67 78 65 24 53
23 52 12 36 16 51
27 47 36 50 39 13
29 15 76 22 38 25
23 41 32 28 29 99
100 33 80 97 88 72
86 81 94 38 77 16
26 47 26 92 78 69
61 41 20 75 85 54
88 17 84 70 89 26
38 83 22 59 74 42
84 93 88 34 12 25
48 51 87 79 30 60
77 95 86 86 31 45
76 11 54 54 62 79
80 25 56 73 35 79
20 17 13 72 45 11
17 60 89 61 85 33
75 85 68 93 48 44
19 90 50 67 16 25
32 42 96 26 95 29
65 86 13 49 87 18
78 64 11 89 38 89
19 92 23 82 90 84
30 78 42 63 64 11
81 51 67 25 41 36
82 17 56 96 54 92
15 10 87 49 70 86
60 21 83 85 17 83
25 18 28 74 94 30
19 87 55 84 68 12
13 93 72 23 22 22
98 67 47 58 98 31
49 94 66 95 87 93
36 30 73 97 54 18
37 87 54 66 49 80
85 42 86 68 52 59
80 66 65 12 50 21
36 83 73 37 17 29
93 22 47 34 22 89
14 75 44 44 45 64
32 54 48 95 32 15
45 45 39 88 10 27
60 68 20 98 34 32
33 39 49 54 78 26
98 65 59 14 40 65
96 62 22 16 15 37
13 14 69 78 26 14
97 20 91 96 52 70
81 81 53 75 57 60
55 38 34 46 75 39
97 49 61 41 93 57
36 55 75 64 48 23
87 79 49 88 66 18
83 59 90 78 12 57
29 63 48 78 20 23
19 88 25 15 24 44
99 93 87 95 43 89
78 48 73 85 28 72
26 52 59 19 99 81
71 32 30 53 66 85
66 58 42 67 87 61
0.0418296
0.0542824
0.0289756
0.058925
0.0297774
0.118147
0.0588452
0.120406
0.0341546
0.0891564
0.117662
0.0495116
0.042191
0.0405173
0.0616261
0.047753
0.0606676
0.0777925
0.0384458
0.0286074
0.0833096
0.0831387
0.0319201
0.076317
0.0703806
0.0454704
0.052403
0.125415
0.0637498
0.0968128
0.122076
0.0571413
0.0349193
0.0666865
0.0715212
0.0480159
0.0376446
0.0549622
0.121096
0.0773503
0.0810633
0.0799509
0.0366937
0.026795
0.0385651
0.0321785
0.0305486
0.0828718
0.124574
0.0571295
0.0903773
0.0271141
0.0954417
0.0311405
0.0619607
0.124223
0.123653
0.0910685
0.0788816
0.0453871
0.119063
0.0367886
0.126366
0.0478733
0.0432331
0.103032
0.129112
0.0789268
0.0433193
0.107322
0.0582234
0.0571107
0.0968467
0.057756
0.0880829
0.0628797
0.0745678
0.103788
0.0307031
0.0299
0.0792984
0.0897213
0.0382528
0.104932
0.0330414
0.110166
0.0835838
0.0754287
0.123235
0.065199
0.0887699
0.0557061
0.122378
0.0695946
0.121934
0.0792203
0.129201
0.101978
0.129402
0.0827808
86 132
137 349
41 36
239 187
101 144
398 378
15 333
134 19
254 268
254 108
308 183
18 461
368 349
150 449
38 304
323 399
221 477
358 180
178 159
135 336
49 496
60 441
1 49
416 94
295 375
484 15
368 60
432 178
202 182
413 82
114 203
111 444
79 39
1 302
101 373
36 108
209 158
415 443
214 179
479 125
82 261
62 426
316 377
405 435
271 45
217 217
375 161
101 318
320 391
132 416
443 277
337 424
66 153
486 375
367 497
408 375
262 60
352 22
108 90
462 286
306 380
387 206
381 465
198 53
428 251
271 431
212 170
220 404
96 352
303 177
92 350
127 215
57 425
259 412
15 5
278 346
308 173
292 232
62 171
389 427
208 191
167 192
243 401
282 69
250 430
53 466
208 487
443 298
382 235
417 144
205 76
19 411
5 7
370 222
452 411
72 419
73 57
117 152
277 90
185 411
