57
100
6
31 58 12 86 24 96
39 66 11 48 76 82
25 88 86 84 45 66
94 22 54 80 81 78
13 68 48 49 45 83
46 71 52 25 24 62
51 81 89 90 57 49
39 21 38 19 76 46
47 20 55 69 21 59
82 63 95 41 81 41
14 16 24 57 41 94
35 51 58 90 37 37
31 59 47 22 46 93
30 13 92 18 49 41
56 16 99 62 92 54
26 79 56 84 13 41
11 74 21 38 80 87
70 97 20 32 80 97
92 30 88 66 14 31
47 85 93 17 81 63
64 95 12 85 59 66
87 30 30 90 87 29
89 99 26 98 26 21
11 37 11 70 90 92
53 63 16 75 83 90
63 79 41 20 97 98
95 66 90 20 40 14
88 56 38 58 55 29
51 56 59 59 93 31
95 65 100 81 37 15
55 88 62 49 60 33
79 24 41 93 34 60
45 33 85 25 27 97
96 68 80 49 34 94
89 37 32 33 16 43
25 17 85 34 39 85
27 58 74 59 86 77
94 23 72 25 70 10
18 36 66 80 64 57
61 33 20 52 85 53
95 37 57 61 45 11
50 86 59 29 97 45
65 51 86 28 32 18
41 82 62 60 37 50
58 17 53 50 27 63
98 73 94 96 43 69
71 19 18 53 75 94
18 89 84 36 52 66
14 58 33 69 36 56
100 81 95 89 73 17
95 49 68 77 19 87
78 57 25 35 79 32
21 49 59 10 21 24
34 82 30 80 60 99
42 56 39 94 54 59
39 19 22 91 37 20
84 31 49 20 78 27
82 24 27 33 30 25
86 88 18 47 18 26
66 95 42 85 68 45
58 51 65 95 87 56
57 21 39 81 12 35
11 55 99 74 22 20
62 74 14 42 18 11
75 47 74 56 78 76
36 50 38 21 41 86
81 85 36 98 69 35
88 95 61 15 56 50
61 36 63 57 29 18
12 80 19 66 48 73
84 12 79 88 32 73
44 62 67 29 19 90
24 80 22 69 42 39
97 51 83 37 34 93
45 53 54 81 75 78
45 63 17 68 79 28
53 81 66 76 89 65
13 78 17 100 96 10
68 67 17 49 27 41
18 92 81 23 35 29
94 11 29 59 35 20
99 80 82 21 31 72
37 75 50 75 13 22
20 34 48 24 15 65
88 41 23 81 85 13
33 84 77 33 93 12
10 62 78 23 91 99
81 86 34 80 46 64
61 77 83 58 95 78
92 28 38 15 91 26
43 77 60 39 42 78
48 60 13 25 18 43
82 37 47 52 77 93
75 99 71 18 11 17
76 90 61 76 79 55
99 35 71 67 90 60
27 51 11 26 28 21
16 48 92 96 31 16
60 91 27 20 30 42
86 13 13 71 70 36
0.120997
0.0338084
0.0893456
0.102175
0.103627
0.110557
0.0743151
0.0639646
0.124074
0.0606688
0.0785419
0.118323
0.078085
0.0387633
0.11786
0.12435
0.105208
0.0310192
0.0435779
0.105634
0.0840426
0.10282
0.122125
0.0713704
0.0589321
0.0755131
0.0877893
0.0863905
0.0951748
0.0276247
0.053941
0.0868392
0.0265846
0.0613074
0.0498267
0.080696
0.0854277
0.0716822
0.110208
0.0856761
0.0639617
0.125768
0.0811452
0.0380532
0.0863715
0.104574
0.0323775
0.092103
0.0323911
0.0656587
0.109183
0.0762217
0.0365437
0.0927154
0.0975243
0.0581693
0.0695733
0.0973244
0.108886
0.061051
0.113639
0.113838
0.114399
0.0583838
0.0650994
0.026807
0.0289312
0.120677
0.0922118
0.0566723
0.116096
0.128694
0.0930373
0.123439
0.0371234
0.0433053
0.110552
0.119029
0.0527622
0.105509
0.0519723
0.0532531
0.0288459
0.0397495
0.107362
0.0366888
0.0674218
0.0867696
0.0727674
0.0408514
0.102432
0.0677103
0.0476908
0.112824
0.0565666
0.118966
0.0969876
0.0440812
0.0894694
0.0415222
254 240
292 350
63 232
201 340
200 313
445 149
92 436
221 484
69 364
467 449
383 172
419 164
460 140
266 133
29 496
100 57
305 430
169 262
228 240
402 465
6 278
138 73
254 206
483 280
342 202
315 344
127 4
421 291
378 330
160 50
343 148
71 32
292 489
343 310
214 432
311 60
485 296
168 238
289 342
272 362
279 54
422 62
423 162
199 72
474 245
443 119
383 109
21 493
351 215
496 384
173 485
57 269
431 135
368 367
145 64
136 382
138 471
73 362
343 328
55 162
466 430
17 319
473 236
320 28
493 163
147 8
167 273
158 247
187 324
218 403
326 392
408 67
250 204
140 165
315 431
96 179
443 319
496 392
113 104
410 131
3 307
500 215
312 261
216 79
131 395
74 376
409 75
167 234
57 446
380 227
218 394
481 205
287 245
84 188
308 127
430 142
184 340
308 227
445 4
129 289
