1
100
6
20 36 51 61 80 78
68 20 51 88 59 73
77 90 89 79 53 57
69 51 72 38 84 38
62 31 72 31 72 93
35 97 69 19 45 50
65 12 50 36 84 75
83 26 15 81 84 33
50 30 68 34 81 36
13 48 85 62 60 97
78 91 46 80 74 47
23 12 38 25 75 85
29 29 75 74 16 18
10 93 46 40 66 55
21 95 89 75 57 17
34 56 69 36 40 95
85 94 37 60 64 27
17 50 78 16 61 71
44 87 84 68 52 88
68 77 79 81 27 66
67 12 82 57 75 21
54 49 65 31 48 39
40 52 33 46 25 33
42 56 79 45 20 76
47 27 96 20 32 79
14 57 91 80 84 52
51 55 37 61 43 67
67 46 64 57 68 90
43 24 15 92 89 15
86 68 44 68 56 47
65 25 92 90 73 44
33 49 23 72 49 22
93 42 88 39 24 48
26 49 30 93 79 70
94 97 75 43 92 31
54 56 83 55 27 77
48 51 44 72 33 42
21 57 15 72 70 48
29 100 81 45 24 100
20 10 57 76 48 58
36 30 81 43 52 30
98 82 32 20 80 20
27 49 19 61 88 82
33 75 48 14 56 20
46 16 79 99 67 32
10 32 31 55 94 47
44 15 94 72 22 33
66 84 90 14 98 33
93 18 11 63 99 76
11 91 40 47 32 58
75 16 34 17 58 25
14 98 73 32 28 87
57 37 62 46 46 24
78 80 66 90 92 35
13 38 49 61 55 25
47 90 20 40 27 17
97 42 29 73 79 15
98 89 12 77 68 90
80 97 56 96 77 57
70 33 58 73 16 53
43 46 39 94 38 38
49 48 35 18 25 60
31 39 37 31 74 82
82 85 82 18 92 25
84 92 29 72 54 47
94 25 74 15 82 55
86 70 13 12 83 51
23 72 13 23 83 93
54 57 51 88 43 45
18 25 73 76 82 29
41 16 91 79 46 88
61 73 52 63 13 36
49 74 21 64 46 83
69 77 91 89 20 29
43 13 31 16 22 36
20 50 85 18 64 66
10 51 75 82 92 76
84 72 52 71 86 60
35 96 20 92 42 34
36 54 45 97 84 57
48 40 22 95 92 40
20 36 38 23 36 90
49 77 12 86 97 35
21 60 70 57 28 26
26 74 23 95 76 39
56 71 79 24 34 48
87 49 69 29 21 65
16 97 43 85 25 54
94 25 68 50 72 27
38 100 69 32 98 34
75 76 61 43 66 39
94 94 42 67 75 24
84 95 59 14 12 38
67 78 63 15 89 99
51 29 100 93 93 74
38 93 83 60 22 96
53 99 18 53 13 61
52 64 72 95 53 85
36 38 39 52 13 37
65 26 67 30 60 89
0.0891007
0.0644005
0.0495545
0.126031
0.126233
0.0836143
0.0339212
0.0922977
0.117189
0.126651
0.0738912
0.053756
0.0414273
0.0890712
0.0575659
0.127579
0.0640197
0.028032
0.0371447
0.0261867
0.0862768
0.0865601
0.0422702
0.0407695
0.103097
0.103258
0.0602526
0.121711
0.084969
0.0962388
0.116021
0.10253
0.108222
0.0881454
0.121771
0.044667
0.0565665
0.0288991
0.0532704
0.0377835
0.113744
0.119114
0.11062
0.0443966
0.0788063
0.0472743
0.122101
0.11764
0.0538193
0.101639
0.112225
0.0696145
0.0494543
0.0867176
0.0485549
0.0864074
0.107133
0.106942
0.0394138
0.108128
0.0508456
0.0441614
0.040088
0.0709836
0.102082
0.077606
0.107893
0.0308935
0.0514329
0.030898
0.0594383
0.0636045
0.031483
0.0394643
0.120319
0.039871
0.0676412
0.0630973
0.110256
0.117863
0.0351638
0.0378471
0.078816
0.117772
0.0744435
0.1222
0.0595877
0.114061
0.0937457
0.0757578
0.0297915
0.0391797
0.125722
0.114021
0.122982
0.0427336
0.0997392
0.0617381
0.0744981
0.0669616
429 275
455 188
285 376
131 483
438 360
289 166
228 139
66 203
64 391
497 418
124 307
69 485
347 359
349 40
427 60
102 233
161 374
32 461
165 93
450 105
311 157
111 65
63 214
415 467
450 171
147 445
41 439
202 52
198 251
460 429
472 414
454 269
97 277
367 227
279 344
177 192
28 84
225 301
277 31
248 260
374 359
174 291
372 421
312 81
223 182
412 18
328 341
105 456
454 263
366 279
493 338
483 172
108 281
398 497
318 44
55 493
153 490
287 259
170 276
319 291
34 357
30 350
280 147
76 10
31 262
317 195
447 117
189 340
12 336
312 105
99 226
26 302
31 39
177 183
62 294
376 137
243 153
186 224
56 296
138 227
106 379
190 439
137 23
114 450
475 80
33 375
327 259
421 426
174 491
143 297
208 79
142 416
45 421
318 268
236 140
327 348
139 324
377 495
163 209
309 273
