34
100
6
41 23 74 26 59 94
66 28 95 78 43 10
27 81 95 40 27 95
85 97 34 30 53 79
40 56 77 15 46 65
88 16 11 40 18 96
29 63 44 70 24 11
39 32 60 32 72 33
89 60 73 43 39 78
55 28 93 26 55 42
62 24 37 22 89 73
71 78 13 53 24 16
33 60 22 91 91 73
83 74 100 63 49 56
47 73 74 93 93 82
77 25 46 53 87 63
52 43 20 16 60 45
10 16 83 86 52 54
47 66 65 10 40 98
86 86 18 36 80 60
30 71 15 45 66 17
21 56 50 75 52 75
88 86 13 86 94 55
44 35 40 72 82 75
87 90 14 68 100 33
92 37 42 89 31 72
59 80 74 22 53 12
58 96 44 99 82 17
12 38 31 32 78 75
84 61 98 23 73 80
24 12 78 44 72 19
94 31 73 55 87 78
73 19 98 17 71 19
68 82 74 82 91 76
33 84 93 37 24 28
44 24 47 98 85 33
71 90 25 30 56 96
47 64 16 20 61 14
95 74 26 27 52 14
77 96 17 72 44 50
15 79 71 53 65 17
98 18 27 27 43 51
26 86 48 40 64 50
12 20 23 52 23 41
97 35 95 21 24 59
84 13 29 89 44 46
87 63 26 30 52 50
99 44 97 59 99 74
89 59 47 49 33 45
60 96 13 100 70 84
71 10 51 38 25 24
97 40 92 25 72 72
27 72 80 97 50 92
61 56 47 63 55 75
47 80 43 19 58 88
48 92 55 85 17 69
27 16 40 99 32 67
87 16 21 77 27 16
89 47 19 63 39 46
22 88 65 39 17 11
99 37 26 61 97 91
40 88 100 89 82 57
99 14 33 75 94 66
90 37 34 63 54 57
72 92 82 44 77 15
72 72 86 51 75 56
98 45 70 11 34 10
78 44 59 38 33 62
37 50 19 89 43 34
74 52 52 37 74 48
41 37 76 55 32 54
99 27 38 29 20 50
49 95 86 98 62 40
47 19 45 59 48 99
36 15 60 77 34 39
36 82 21 72 39 83
38 72 15 11 80 38
74 26 21 61 39 47
38 60 94 32 10 70
97 46 42 32 64 54
14 74 16 71 41 64
10 56 56 56 12 81
91 15 59 14 75 65
57 71 75 35 28 81
42 79 84 67 28 62
74 74 64 50 44 50
89 82 62 79 10 72
97 29 36 53 83 16
82 97 32 81 10 54
33 53 72 31 48 42
69 48 39 17 23 13
83 83 48 23 77 93
22 26 61 94 98 41
37 97 68 27 55 54
77 35 31 47 16 94
38 46 91 85 89 45
52 38 93 93 41 83
40 81 87 74 21 13
97 39 67 19 81 83
67 38 46 71 43 26
0.0585383
0.0912406
0.082508
0.119562
0.0844572
0.102511
0.0562031
0.05339
0.0883165
0.0743857
0.0427862
0.0403646
0.0267431
0.124744
0.0962847
0.058037
0.0788356
0.12921
0.0868724
0.104765
0.0262432
0.0638124
0.0604831
0.0607627
0.0460052
0.0708924
0.0969526
0.128828
0.0513617
0.110858
0.106888
0.0647982
0.115702
0.123595
0.0652817
0.0551979
0.0983839
0.0968344
0.0410528
0.0651075
0.0586864
0.0734961
0.0886644
0.0469202
0.0636421
0.118726
0.0810047
0.0539961
0.0790126
0.100791
0.0592183
0.0696647
0.0446353
0.121583
0.10151
0.0443862
0.0608183
0.0844073
0.0945213
0.115951
0.111165
0.0947883
0.0790071
0.120948
0.105566
0.0353704
0.0696322
0.0574146
0.121635
0.0324222
0.0830356
0.04248
0.0834085
0.0670734
0.0901362
0.107572
0.0481581
0.0456361
0.119853
0.0579465
0.0661593
0.1255
0.0527961
0.101672
0.104314
0.0619423
0.0719733
0.126535
0.0988992
0.107228
0.129699
0.0773471
0.0848232
0.063479
0.108243
0.0944442
0.0879168
0.0602175
0.102754
0.0660295
50 71
128 264
363 353
443 447
306 254
368 9
315 9
8 374
95 278
141 176
99 215
233 360
63 351
495 121
57 382
229 336
427 85
222 48
412 431
313 259
372 338
230 122
63 167
443 315
478 370
158 117
447 196
341 299
141 451
197 459
383 340
419 363
311 496
495 412
3 406
136 254
67 474
135 68
493 44
15 133
495 329
119 170
59 115
208 397
403 198
129 160
1 33
379 23
431 451
491 9
470 57
417 332
368 498
389 360
390 185
323 459
374 341
226 233
19 18
408 482
311 3
42 465
41 378
411 118
60 36
239 499
427 117
146 398
0 51
425 105
334 77
264 182
267 132
10 411
4 171
28 315
418 14
48 155
153 440
129 188
87 490
393 347
9 194
429 377
450 130
452 353
119 467
186 407
354 9
340 469
103 10
73 287
329 146
260 51
321 178
439 438
397 371
30 467
202 283
466 182
