29
100
6
83 25 16 77 35 27
69 78 19 15 61 94
32 56 31 22 100 94
23 32 48 44 13 98
86 87 96 23 32 57
72 84 17 45 86 63
68 15 90 21 35 56
71 44 86 50 97 84
50 63 46 78 79 73
66 21 76 50 49 72
67 24 88 78 55 96
61 24 85 61 45 78
44 50 39 15 58 30
39 39 84 45 70 49
79 47 37 77 43 37
26 89 41 32 41 14
56 56 50 26 65 84
69 42 81 80 81 80
95 95 24 56 92 49
63 76 66 62 31 83
33 71 22 99 17 28
25 17 19 16 93 61
21 67 28 71 82 81
95 56 39 90 73 77
71 57 75 45 21 38
93 54 98 70 17 67
85 67 26 17 41 13
75 15 43 10 33 35
85 77 44 68 83 54
74 10 91 87 99 24
48 59 66 44 30 26
65 66 57 50 48 30
23 11 19 22 100 61
63 43 33 18 63 80
97 18 93 22 65 67
81 90 48 99 30 91
89 52 60 62 73 96
14 66 38 59 75 28
93 56 57 95 67 100
57 74 90 72 68 47
66 88 82 29 76 24
59 95 26 20 17 58
95 76 46 53 70 46
21 39 97 39 17 78
66 17 30 69 27 77
80 66 41 17 47 42
98 38 79 69 78 14
37 93 85 21 42 24
31 56 19 55 90 97
18 89 73 24 41 59
17 25 97 100 82 90
95 42 16 90 11 83
35 21 47 23 77 53
71 67 57 31 21 96
44 11 26 61 18 95
29 27 36 31 52 73
84 100 89 81 77 71
12 18 26 94 52 62
60 89 59 94 36 35
74 93 89 85 45 18
36 84 65 16 40 84
77 93 30 66 86 36
25 86 86 63 84 22
85 69 73 77 35 39
86 69 69 97 14 92
78 41 68 18 43 59
69 89 88 59 55 56
90 88 60 74 44 70
58 22 23 15 97 23
58 71 32 43 38 36
48 95 16 74 88 95
34 92 98 29 79 34
100 59 58 80 77 12
67 83 75 28 15 60
83 29 98 80 40 15
21 64 32 51 34 71
56 71 18 37 87 57
91 22 69 73 25 44
12 80 87 37 87 71
92 42 36 25 49 94
85 72 36 97 28 38
71 11 23 38 18 96
89 35 99 77 95 87
49 25 35 40 28 42
93 97 48 10 74 61
84 64 75 82 87 24
87 40 59 30 26 19
64 99 60 49 60 33
31 35 27 76 25 70
39 15 95 48 65 35
10 12 22 88 54 86
58 62 17 73 20 19
94 89 17 95 91 35
27 78 29 21 12 66
98 84 93 83 83 39
34 73 68 82 23 45
65 75 56 47 40 40
65 79 60 61 10 20
23 63 33 42 69 83
84 91 83 57 87 50
0.044276
0.0738847
0.076398
0.0637878
0.0585657
0.0476336
0.0685208
0.0639512
0.125746
0.1296
0.0393611
0.060754
0.119555
0.124768
0.0843089
0.125109
0.0612914
0.0544563
0.0921994
0.10059
0.126279
0.065194
0.0427218
0.0543823
0.0696061
0.0834575
0.0771249
0.100836
0.114917
0.0822777
0.0517314
0.030366
0.0605546
0.124019
0.128421
0.0460306
0.0466463
0.0622455
0.080349
0.0812476
0.0886404
0.096926
0.0878225
0.101013
0.0874134
0.0301556
0.0483792
0.0600886
0.107416
0.068366
0.0562045
0.117638
0.0359294
0.0518408
0.0545963
0.115858
0.110295
0.0540715
0.0408151
0.0545093
0.0743465
0.0539692
0.0634404
0.123492
0.11045
0.0562782
0.112108
0.0833467
0.101605
0.0891909
0.0927243
0.104975
0.117173
0.0831589
0.0953659
0.079389
0.0794517
0.0314223
0.0313624
0.0656397
0.0519289
0.112449
0.0538452
0.0643235
0.0383036
0.124932
0.118278
0.118664
0.0542646
0.109043
0.100361
0.0859648
0.1
0.0541499
0.0508678
0.0938336
0.04123
0.0880787
0.0706138
0.116936
294 118
147 70
33 130
27 143
438 68
366 286
419 221
197 194
443 230
212 243
373 44
466 95
252 36
212 266
335 292
124 157
268 302
61 299
168 6
454 46
279 291
443 336
32 312
40 162
454 164
299 41
197 236
124 20
350 431
483 245
200 468
486 250
317 31
79 346
478 201
389 47
462 387
72 50
90 487
205 72
212 324
301 176
87 43
383 126
140 102
311 461
415 314
292 15
487 0
398 325
279 195
175 22
261 200
189 8
454 490
401 24
428 262
425 345
374 280
476 180
455 332
79 383
245 140
130 108
120 299
25 422
387 500
73 93
372 177
497 397
337 284
10 390
29 449
273 153
428 270
42 100
397 375
454 23
320 416
456 185
361 489
334 443
140 216
267 233
94 391
14 43
383 81
498 53
270 418
35 156
200 215
367 236
340 256
325 384
258 479
281 24
63 343
47 9
224 99
91 154
