27
100
6
49 86 47 17 62 34
46 67 69 100 71 85
34 96 23 16 67 73
96 71 59 31 95 13
53 75 43 93 33 14
21 85 82 67 80 67
74 83 25 75 50 31
56 50 14 78 98 30
85 47 99 87 72 88
15 21 20 33 36 27
58 61 28 21 71 99
57 60 63 43 21 53
73 20 51 47 17 51
50 79 54 29 94 24
23 79 40 25 30 32
20 26 18 35 86 49
16 25 62 99 34 68
61 14 41 71 79 69
87 69 81 99 41 33
15 71 13 48 28 31
74 24 92 37 76 42
97 11 94 90 29 18
70 15 22 56 49 24
31 94 54 34 36 36
60 72 16 16 62 42
34 86 55 40 81 49
61 90 99 23 45 33
38 99 44 55 31 97
54 40 56 46 43 62
88 58 79 52 12 10
99 28 94 13 95 58
82 85 34 88 31 75
71 41 66 67 68 40
41 34 99 11 22 63
57 50 21 49 25 73
35 49 57 54 64 35
60 43 55 90 13 32
37 54 40 67 86 80
62 79 36 90 71 43
68 11 31 11 65 21
47 50 28 68 58 55
49 39 28 40 70 18
87 63 26 16 82 68
63 77 96 73 90 57
44 60 42 24 40 35
16 68 36 36 13 81
23 29 73 57 21 47
96 49 38 21 86 92
39 36 93 78 90 60
56 46 63 88 44 13
64 72 100 12 68 78
20 71 35 27 27 60
48 63 24 80 93 25
78 11 95 15 97 75
23 69 18 74 73 32
46 94 54 49 88 88
95 63 82 65 36 42
83 29 36 83 19 55
68 56 65 76 94 97
17 84 61 82 91 66
66 82 63 14 90 16
26 51 80 37 63 66
57 67 88 97 98 22
64 38 31 51 14 61
60 14 58 74 39 73
11 79 77 96 92 31
90 79 22 37 40 22
51 78 99 74 80 38
20 35 56 58 85 50
20 43 44 41 95 59
26 39 49 65 89 12
73 13 55 98 95 59
66 56 58 14 15 78
96 10 18 36 69 18
70 80 14 66 43 22
50 73 65 69 44 77
32 59 56 49 67 82
37 53 100 31 29 31
39 17 57 13 59 33
69 10 94 70 73 86
44 35 52 13 99 58
83 39 49 100 74 59
76 88 34 79 10 14
44 23 19 19 87 42
92 97 11 43 63 99
77 29 66 15 14 42
73 53 96 25 21 70
10 42 94 12 28 17
27 21 20 38 47 62
22 43 21 44 89 71
29 50 54 39 81 67
35 85 31 72 31 89
83 96 91 67 94 32
86 13 12 27 37 41
69 53 39 81 75 75
53 83 15 48 42 44
43 56 93 19 96 22
76 26 61 38 11 98
30 66 44 96 69 96
75 21 45 68 29 37
0.12824
0.112889
0.0498124
0.119161
0.112153
0.0349461
0.0296915
0.0347383
0.0884174
0.125457
0.0658885
0.107631
0.098459
0.101321
0.0799369
0.0972713
0.102098
0.0735217
0.129716
0.0449123
0.059406
0.0476128
0.065706
0.0648449
0.0261764
0.0844707
0.105914
0.0492966
0.077961
0.0878142
0.0735123
0.0384517
0.105463
0.0326101
0.109563
0.109191
0.0747209
0.0841392
0.0483948
0.0885528
0.0533446
0.0736913
0.0335789
0.12721
0.0336896
0.0915841
0.0394043
0.0974385
0.123407
0.12024
0.117948
0.0292969
0.0845671
0.0580816
0.105611
0.120469
0.119217
0.0934703
0.0364281
0.0681119
0.0503197
0.0917877
0.0563472
0.111136
0.0912216
0.10389
0.0371715
0.117519
0.0562915
0.0728055
0.0767507
0.113471
0.0501352
0.0563408
0.0992063
0.099864
0.0880377
0.0450053
0.0462679
0.0716917
0.0499871
0.107158
0.0713075
0.0264659
0.127132
0.0644761
0.129267
0.0676244
0.0961638
0.0772643
0.0568992
0.0815014
0.0456409
0.116231
0.0893221
0.0694776
0.0498075
0.100337
0.12387
0.0741824
321 333
222 176
310 485
302 374
445 429
370 74
43 65
160 12
59 175
439 385
139 379
276 200
77 260
267 358
113 65
457 166
215 454
440 277
183 343
340 19
457 54
465 338
212 107
450 389
488 339
297 337
203 404
255 102
79 128
361 319
26 2
478 33
256 344
185 405
63 253
391 476
193 109
187 38
373 294
394 330
342 126
334 409
412 480
94 462
66 329
114 314
43 44
298 116
405 177
442 83
33 427
486 137
60 122
372 288
230 309
278 5
175 442
35 225
56 232
99 236
108 110
193 212
184 82
55 175
97 216
321 415
326 286
207 258
462 0
429 0
380 127
16 436
306 311
318 279
260 412
247 414
324 189
95 242
307 41
291 81
430 167
367 153
86 476
192 448
121 120
13 499
360 290
368 337
343 465
410 328
490 377
362 312
372 123
304 95
406 363
162 290
35 56
468 431
363 102
34 314
