93
100
6
75 40 72 19 97 73
51 25 60 100 63 59
46 51 60 92 53 17
26 50 84 72 72 48
83 29 22 51 44 26
47 30 96 20 15 52
47 22 82 79 69 59
35 80 11 71 48 67
72 77 66 88 81 65
52 28 98 67 89 32
98 92 16 44 46 90
10 21 59 10 70 19
74 85 11 34 28 69
53 66 66 62 39 82
67 95 41 36 17 40
61 93 20 59 11 95
38 30 49 37 34 84
77 27 62 80 66 28
88 97 61 56 97 26
94 18 14 60 54 36
29 49 55 42 80 51
84 67 84 22 23 47
71 24 86 24 66 33
27 87 52 65 95 82
56 70 53 71 30 27
13 50 13 40 55 97
12 36 76 54 48 97
10 41 48 38 89 71
71 69 35 36 14 59
72 92 64 58 14 10
27 91 64 43 100 99
32 29 79 80 29 75
75 34 70 23 25 20
21 55 16 34 88 12
92 71 22 18 92 69
80 92 13 29 51 88
21 58 60 16 27 68
72 38 42 100 86 57
30 94 41 58 53 95
36 85 100 62 60 69
22 89 18 11 100 44
96 36 38 87 81 67
32 43 77 84 21 58
65 98 76 60 86 70
91 41 21 23 70 75
28 32 85 46 11 44
51 28 11 85 21 37
82 95 29 40 86 72
46 32 24 11 100 25
21 37 54 32 41 27
65 72 50 89 31 36
63 50 12 84 60 10
62 52 50 33 79 70
28 50 51 62 38 61
26 54 92 36 38 55
12 99 85 46 36 62
15 51 32 73 26 52
59 76 14 30 59 36
65 80 38 43 97 80
26 58 87 68 90 16
37 85 37 60 27 62
88 72 42 87 18 81
18 25 67 97 88 12
29 50 92 13 68 44
82 41 51 40 91 58
29 26 32 98 27 45
61 92 12 19 76 94
42 82 98 43 70 73
32 31 40 35 89 29
31 61 91 95 74 73
60 98 82 86 63 80
73 16 39 83 69 82
97 56 27 95 74 86
66 42 48 45 35 32
47 23 77 39 92 12
47 47 57 93 94 86
14 58 98 82 92 31
69 59 11 96 77 62
22 50 94 39 94 10
77 99 45 85 79 55
91 52 58 64 95 75
18 48 15 76 97 38
90 65 100 30 29 43
17 96 72 60 12 46
48 71 46 30 17 46
77 34 81 70 95 88
99 37 73 82 70 18
70 39 63 29 59 80
26 79 85 36 84 70
51 70 99 65 53 17
53 29 41 73 42 13
64 81 75 98 59 16
61 43 85 31 71 74
70 48 55 48 30 92
58 97 96 55 24 73
17 92 42 32 19 72
70 77 17 19 29 32
34 15 44 22 65 18
36 56 31 86 44 77
58 94 23 27 94 82
0.0586035
0.0343155
0.0409664
0.0276654
0.0528138
0.105873
0.095719
0.0718839
0.065039
0.108072
0.0668092
0.109532
0.0346256
0.0486773
0.0625032
0.0834581
0.0438147
0.125938
0.08033
0.0548848
0.0864512
0.122791
0.123588
0.127913
0.0899675
0.053912
0.103349
0.0769597
0.081933
0.0983651
0.104835
0.0925074
0.062496
0.100843
0.121794
0.0839712
0.0995717
0.0367081
0.110638
0.112207
0.0278458
0.0421075
0.0674276
0.0922513
0.105537
0.0418067
0.0637441
0.120371
0.124359
0.0418067
0.121411
0.118639
0.114286
0.101101
0.101825
0.0718792
0.0413584
0.091769
0.0297095
0.084558
0.0978141
0.126698
0.112809
0.0741816
0.0798486
0.055692
0.0766761
0.104296
0.048276
0.0356614
0.0723547
0.0601976
0.0609464
0.0435847
0.0548989
0.0849235
0.107329
0.121094
0.103347
0.0918374
0.0279627
0.120214
0.0957032
0.0655166
0.109994
0.050243
0.120417
0.122341
0.101286
0.0869183
0.0990971
0.0571146
0.127782
0.0642295
0.0731171
0.122059
0.0333682
0.0266907
0.0555937
0.117019
264 29
9 93
407 60
234 467
399 161
146 54
381 389
74 146
396 340
11 489
282 78
62 5
43 41
315 187
109 146
478 330
191 311
305 230
175 435
265 250
406 9
173 136
163 14
29 463
148 145
444 30
99 179
352 298
46 54
21 415
48 75
188 399
481 27
247 34
467 154
161 140
449 273
285 12
90 166
3 385
313 14
314 315
235 17
125 219
279 240
90 325
337 343
62 59
185 217
229 188
242 179
8 217
97 159
257 483
49 285
488 56
500 51
44 337
424 445
122 216
390 225
355 79
288 385
179 297
132 248
88 414
184 410
77 174
97 181
188 458
306 255
306 344
48 37
377 9
81 214
138 184
427 394
142 41
486 190
105 245
439 450
318 148
264 317
292 241
246 154
153 388
387 435
470 151
423 166
431 0
325 0
416 429
115 493
154 445
248 274
153 382
239 54
202 441
263 85
298 175
