95
100
6
67 95 57 52 82 53
52 53 65 55 50 97
13 96 98 27 76 31
37 40 89 61 87 38
65 76 40 99 88 54
18 53 25 28 28 76
50 25 57 58 53 39
91 91 20 64 29 92
83 93 81 58 22 14
81 87 78 85 99 30
87 19 15 54 42 85
82 13 25 36 95 56
65 66 39 94 73 69
58 98 54 86 19 58
31 97 93 53 56 80
96 14 35 79 20 17
49 59 88 64 86 11
95 50 81 22 48 80
58 44 93 41 88 45
29 63 12 54 69 94
41 96 43 99 83 76
76 84 91 68 89 38
13 27 63 43 70 38
96 29 99 84 51 43
51 13 37 79 90 33
43 63 16 28 78 57
99 25 31 97 67 29
70 78 59 68 85 98
36 64 55 80 59 77
27 16 41 27 13 79
44 78 14 70 95 15
29 31 81 55 36 50
26 78 46 57 67 14
60 92 85 39 65 43
21 93 64 92 46 11
93 93 89 55 64 81
15 20 16 10 66 46
34 58 62 19 13 84
92 40 25 100 96 43
10 10 98 76 54 25
26 83 70 88 55 61
69 30 33 52 85 49
68 75 79 48 30 90
88 97 34 20 69 52
90 96 74 50 51 43
73 44 14 77 40 94
35 58 51 45 81 71
44 14 21 75 24 36
89 74 33 79 73 57
34 29 96 92 15 32
82 40 18 50 81 96
86 92 40 89 52 25
48 18 98 56 53 38
38 30 49 96 26 61
92 82 87 73 34 63
24 89 51 73 100 91
58 84 68 49 46 99
83 50 20 57 50 95
60 68 61 66 78 63
52 25 65 43 21 96
31 91 28 55 28 81
47 12 69 17 38 38
29 35 73 33 85 71
73 97 57 66 66 13
82 26 77 66 47 80
11 23 14 69 45 32
30 80 36 92 58 100
62 89 21 26 77 52
28 65 100 93 22 90
14 34 80 85 44 100
31 60 54 42 44 54
98 71 49 32 27 87
88 83 92 89 97 44
82 91 56 57 12 67
12 52 94 68 94 49
10 11 18 34 89 43
70 14 75 31 80 38
99 54 99 68 79 68
25 71 66 11 35 75
34 36 52 17 34 16
65 10 65 48 81 62
40 45 22 90 37 66
58 65 65 43 40 63
54 41 69 11 24 67
73 46 96 71 75 95
69 10 46 48 48 68
66 71 27 46 22 87
86 54 48 67 36 54
64 67 79 57 52 98
36 88 91 15 99 35
47 83 97 24 77 16
39 86 49 27 56 48
46 93 14 52 100 22
43 60 37 16 99 27
20 76 91 56 15 73
36 86 66 35 47 99
35 62 90 13 77 95
15 85 31 26 65 15
61 39 87 64 70 56
78 48 49 77 71 73
0.0517815
0.108352
0.0638975
0.0887662
0.0632817
0.0495177
0.0833237
0.0513374
0.119348
0.0832016
0.0307492
0.0686583
0.101243
0.0525197
0.115979
0.0707367
0.0806595
0.109295
0.0517528
0.093068
0.111737
0.0641763
0.0454367
0.107446
0.10967
0.0811165
0.0795023
0.0685245
0.0986519
0.0323554
0.0666597
0.0495512
0.0753183
0.127662
0.114264
0.0825051
0.0896625
0.0832427
0.0779911
0.0484886
0.086853
0.0621529
0.0696289
0.110406
0.121728
0.0551612
0.086879
0.0923738
0.0727775
0.0614493
0.0337724
0.0426341
0.0835024
0.10508
0.0374862
0.042043
0.127429
0.102329
0.126471
0.0817762
0.126682
0.126787
0.0332323
0.0900331
0.104999
0.0779359
0.0274046
0.0620164
0.0830247
0.049937
0.0667044
0.0887278
0.0651578
0.0717461
0.0710935
0.115617
0.12378
0.0786724
0.077154
0.0576429
0.0849967
0.108919
0.119262
0.0914169
0.0513062
0.0550336
0.0260462
0.0937676
0.064159
0.0588112
0.0360389
0.0984986
0.122875
0.0482744
0.0715533
0.0683687
0.0848931
0.0500579
0.0305805
0.121511
348 153
143 353
364 10
72 149
492 4
461 67
73 101
238 274
18 492
426 468
101 168
456 108
189 24
212 312
133 472
375 27
402 353
73 144
452 367
137 84
172 168
84 175
299 147
272 263
55 149
212 152
275 266
369 238
120 89
54 437
273 424
205 335
403 383
163 189
481 147
491 231
37 358
421 205
349 384
196 485
239 24
222 340
194 496
68 9
287 94
500 466
41 17
455 445
121 82
66 56
445 153
500 108
106 200
57 267
218 44
482 408
351 94
234 247
291 418
172 500
373 199
304 140
281 154
73 377
189 25
15 147
242 245
194 202
84 19
194 293
53 279
127 237
261 188
452 110
161 262
242 397
388 344
135 66
264 321
209 442
118 178
402 25
137 267
427 72
464 480
76 382
144 186
280 252
477 272
210 423
223 197
285 133
285 485
157 83
89 497
390 99
134 141
163 389
497 240
314 390
