27
100
6
77 90 43 95 22 89
100 99 30 95 24 61
48 93 71 32 42 34
27 50 28 99 58 40
30 100 29 68 65 34
96 14 63 10 93 20
46 21 65 96 54 99
89 94 96 36 91 42
88 18 74 85 71 17
80 54 12 39 16 42
11 77 43 61 69 87
43 73 61 67 32 26
10 34 95 15 57 94
69 43 78 13 94 20
29 81 40 85 48 33
51 55 55 16 30 66
22 60 35 54 82 78
70 78 61 54 88 64
38 46 24 91 66 50
37 76 22 61 47 33
12 89 22 68 56 19
17 91 34 94 36 31
91 89 66 69 99 35
37 92 39 21 22 87
51 90 77 35 13 88
86 51 24 65 65 71
17 73 98 99 91 29
24 70 67 72 62 93
29 63 46 32 51 76
55 51 70 40 21 74
26 65 38 79 67 96
56 89 39 10 68 43
49 71 38 63 69 64
78 94 72 11 12 15
92 80 93 43 12 16
45 61 93 18 76 36
37 36 57 22 52 69
39 34 45 12 17 55
15 42 73 89 73 58
55 81 27 49 72 98
24 92 19 54 72 27
62 88 42 92 86 15
69 32 46 65 82 90
80 82 58 18 56 44
40 46 61 90 12 20
55 61 82 99 30 97
29 79 33 27 90 43
46 43 94 89 13 76
56 98 31 10 65 12
69 43 17 69 38 60
28 61 91 41 86 28
27 34 59 83 50 90
30 27 90 61 79 42
58 68 31 71 58 88
45 94 100 55 75 85
52 14 81 23 36 43
63 50 35 75 96 90
99 35 38 89 12 100
24 14 57 46 73 53
11 39 16 70 19 49
75 36 68 23 21 81
53 73 94 32 89 82
55 37 20 13 23 69
62 78 43 71 18 43
99 44 16 92 78 79
38 73 74 92 40 94
47 77 46 29 66 25
57 15 13 12 54 34
32 76 97 51 78 44
61 90 18 52 22 91
13 29 50 61 51 19
46 12 88 91 16 39
50 63 87 82 69 46
54 13 72 66 26 78
90 67 48 85 12 48
34 47 56 21 94 36
49 32 19 85 95 14
36 49 99 26 78 11
65 73 22 37 96 44
23 83 82 34 96 70
75 46 35 48 86 29
64 20 78 54 98 16
71 13 51 37 47 95
65 83 11 86 71 34
73 18 93 19 89 27
13 64 38 63 56 73
82 47 25 28 60 31
47 98 51 37 100 75
44 97 45 53 58 13
75 58 34 18 10 14
29 72 72 86 17 96
19 49 49 60 65 23
14 53 27 21 65 57
54 42 71 44 65 40
58 16 19 87 16 58
70 12 44 55 71 60
58 88 11 17 19 53
89 13 96 26 40 59
51 20 10 59 14 90
81 33 85 55 46 95
0.0518101
0.027562
0.111023
0.118553
0.0640961
0.112676
0.0553259
0.0559871
0.073949
0.076777
0.115839
0.075521
0.0503267
0.0465392
0.0999269
0.0670444
0.0296406
0.0341556
0.107547
0.101227
0.0573619
0.0433453
0.0557274
0.054215
0.102918
0.0798109
0.113668
0.128006
0.0315172
0.0589074
0.0966523
0.10506
0.1272
0.0567683
0.0538004
0.0531288
0.0660277
0.067838
0.0999647
0.0277069
0.0394585
0.0586308
0.103007
0.129531
0.0815001
0.0814215
0.031879
0.0839336
0.0759782
0.10625
0.0272035
0.0844964
0.087849
0.0739373
0.107622
0.0767181
0.0458097
0.0931803
0.0829202
0.11206
0.0731904
0.0863706
0.10107
0.0397092
0.0756079
0.0328162
0.0896245
0.0964992
0.0576138
0.100282
0.0730115
0.114862
0.129635
0.12223
0.105534
0.0535154
0.129207
0.113152
0.0300549
0.074539
0.0884866
0.116498
0.109638
0.0333622
0.0676842
0.0894627
0.0426429
0.0749543
0.0504905
0.12194
0.064997
0.0736553
0.0718532
0.0683808
0.0942274
0.0995114
0.0549783
0.0646445
0.0553332
0.105725
270 476
64 327
398 7
148 64
112 17
247 487
381 319
183 469
172 458
316 411
346 451
320 138
299 41
456 386
171 121
6 173
472 441
398 268
473 26
292 341
89 148
146 87
257 206
113 16
133 213
147 268
311 142
471 385
336 194
403 457
425 467
311 164
75 65
239 294
283 255
481 70
321 10
109 439
34 402
227 244
59 0
368 366
400 70
462 377
309 395
50 200
344 114
375 424
15 351
376 373
382 450
266 212
419 350
169 322
325 218
144 401
440 497
465 245
86 175
126 140
271 84
114 27
83 138
12 228
40 89
23 380
492 248
316 428
268 10
209 35
493 49
202 58
446 303
445 38
110 295
3 412
157 113
82 192
267 444
74 351
391 92
47 246
382 274
233 177
238 293
83 445
245 27
445 491
231 494
170 13
443 42
458 251
214 164
42 343
275 100
12 97
423 466
188 460
221 483
184 417
