65
100
6
28 42 54 70 73 80
28 59 64 20 96 38
99 37 36 73 32 66
83 76 89 46 52 32
81 52 88 59 69 14
22 43 43 66 76 17
33 10 89 95 58 97
40 50 55 75 10 51
38 17 18 36 19 21
12 89 84 62 49 39
78 59 98 81 96 69
58 44 64 77 72 41
92 62 17 50 70 52
82 89 96 93 68 81
54 13 77 82 75 95
51 57 93 69 27 51
19 76 69 25 90 62
95 13 50 32 44 83
55 44 58 77 34 89
78 32 64 32 17 85
75 21 81 97 84 98
63 45 61 11 73 17
56 61 26 89 73 25
86 54 52 31 53 27
63 83 90 13 67 78
72 24 19 84 67 40
69 72 87 89 42 14
85 59 15 37 49 72
61 31 27 82 38 68
56 97 74 44 53 85
97 25 77 26 43 76
21 78 72 93 30 42
93 79 60 98 41 44
11 76 84 56 87 83
55 40 33 14 95 59
15 95 83 26 24 22
56 92 91 21 76 49
59 88 71 74 61 14
93 27 21 58 21 95
80 74 47 74 10 96
47 58 25 59 78 40
72 62 13 38 92 71
45 82 38 13 12 99
66 14 54 43 68 94
71 92 58 32 41 77
62 11 68 11 56 98
37 98 35 53 35 86
58 98 90 19 66 89
36 29 24 90 80 57
43 72 28 98 23 91
51 54 60 47 20 88
25 42 89 33 10 40
97 22 35 27 66 54
88 76 39 21 79 95
55 47 27 41 12 15
36 14 41 86 41 62
53 87 98 24 53 83
47 89 44 16 42 92
66 56 50 74 61 46
69 78 19 30 78 28
75 85 55 52 12 82
32 82 20 12 44 31
96 45 65 17 60 29
59 15 14 62 88 26
29 89 47 72 58 46
27 81 82 71 96 47
67 60 66 55 68 56
67 43 53 54 17 51
73 62 29 20 60 55
47 20 28 62 20 20
92 58 23 28 76 31
21 96 27 39 47 46
14 12 82 16 91 22
26 67 29 32 75 69
92 13 46 95 19 78
31 32 70 85 74 89
70 77 17 55 46 80
90 64 48 84 29 32
55 42 74 92 61 50
18 20 91 90 92 92
65 39 65 97 62 27
87 97 53 34 21 36
67 87 73 75 43 23
65 34 35 13 42 36
41 45 21 37 72 20
36 75 20 33 91 39
98 74 43 70 11 77
61 72 60 79 78 79
40 41 11 33 29 41
92 36 76 37 29 41
71 33 46 15 100 96
30 66 41 21 68 32
78 13 67 83 84 95
65 66 94 86 43 69
82 43 37 81 54 27
44 42 37 24 51 15
90 32 17 14 91 83
47 35 35 97 80 92
73 20 66 50 41 16
68 80 78 30 69 39
0.0437352
0.0927951
0.128756
0.101268
0.040448
0.0425208
0.0575867
0.108848
0.0566724
0.0900351
0.104803
0.0503701
0.0756089
0.0494306
0.0450001
0.0524968
0.0434995
0.0898301
0.0841368
0.0633377
0.128689
0.128894
0.0567403
0.0361481
0.0658133
0.119227
0.0831232
0.124389
0.105782
0.0880507
0.113589
0.0343725
0.0659044
0.0356544
0.0866105
0.0836898
0.0317279
0.0971801
0.0926902
0.116404
0.0976377
0.0948634
0.0504117
0.127831
0.0672424
0.095227
0.100901
0.0899868
0.100796
0.125854
0.0483813
0.114521
0.0357466
0.0364282
0.123821
0.115724
0.0450876
0.116586
0.0349184
0.0562493
0.128496
0.0287135
0.107539
0.120936
0.0261753
0.0533718
0.0500963
0.107604
0.0349412
0.0952419
0.0706827
0.0705677
0.0945677
0.0317449
0.0565417
0.110217
0.110681
0.0415993
0.0977682
0.0424065
0.0468932
0.0472851
0.0678883
0.114533
0.0614394
0.0388704
0.0656433
0.051671
0.102369
0.117708
0.1276
0.0834636
0.058644
0.0359701
0.0941515
0.124638
0.104783
0.0679442
0.0882876
0.0582087
238 447
251 47
327 20
277 179
407 90
316 452
74 435
203 429
291 441
480 129
401 356
402 90
465 241
39 416
29 468
369 381
376 157
245 215
136 104
494 148
452 335
353 401
36 130
270 169
93 433
106 459
295 203
209 364
465 70
226 197
52 271
129 370
201 376
444 73
433 383
277 157
389 440
181 238
341 229
317 484
284 33
6 410
464 90
121 30
470 151
116 15
276 292
108 58
65 374
48 499
492 33
385 99
343 239
46 312
307 437
421 15
464 447
247 342
287 358
178 137
87 109
179 463
154 495
181 216
416 194
170 242
116 264
239 146
148 105
4 466
387 200
171 476
429 295
472 191
485 68
89 158
166 263
262 197
235 497
267 52
376 2
112 296
239 53
142 393
17 67
24 136
442 3
12 167
81 140
98 151
246 493
304 18
395 219
112 401
67 461
350 220
471 17
370 429
337 413
444 227
