68
100
6
99 29 63 39 61 58
40 66 76 42 96 38
41 68 54 71 37 60
57 56 76 54 34 51
89 72 74 48 20 63
44 35 60 25 55 44
56 56 62 62 80 14
67 47 39 61 44 32
66 15 76 56 11 95
33 64 40 79 56 34
23 16 31 71 13 63
71 54 44 74 87 34
78 94 84 34 44 87
17 47 23 84 30 63
50 70 45 56 79 63
26 57 18 78 30 92
57 31 22 35 61 35
55 45 93 41 66 82
53 87 39 75 76 50
28 40 30 83 82 32
84 77 22 63 63 17
59 86 31 88 62 85
75 29 88 71 80 26
89 18 57 71 77 81
97 68 88 63 99 85
96 72 14 53 55 23
100 56 34 56 81 74
49 87 15 63 34 56
29 47 54 43 12 92
67 16 48 75 22 26
68 86 49 23 22 47
17 80 40 85 93 58
67 41 46 70 15 70
57 62 56 92 61 74
42 60 30 61 22 30
43 50 35 73 45 87
56 54 76 12 82 37
31 61 31 98 67 60
35 64 13 88 54 88
97 82 83 48 14 92
56 34 22 54 71 93
82 80 72 64 38 15
13 25 69 61 79 64
30 11 70 84 92 81
63 100 40 35 67 79
75 56 45 34 77 81
35 80 40 86 10 95
93 72 77 29 76 35
55 38 13 62 64 90
60 15 80 65 88 87
44 69 86 22 14 30
53 24 33 41 54 35
25 12 81 79 15 46
38 45 100 30 16 39
51 98 64 95 99 85
27 31 78 40 93 74
57 24 16 82 94 83
74 56 45 42 22 79
22 73 88 19 49 75
98 58 85 63 41 48
60 14 66 16 33 67
78 59 24 93 17 81
39 72 17 67 91 83
24 23 72 61 30 52
30 18 79 100 61 56
24 81 86 83 19 13
20 59 74 22 24 82
51 32 72 96 60 20
36 69 96 28 79 28
45 53 76 13 39 79
43 40 75 49 41 56
61 85 67 25 35 16
22 97 84 18 83 50
92 94 56 66 42 99
82 77 28 52 30 66
76 11 24 29 45 70
63 55 76 45 71 13
23 68 92 93 81 88
11 56 90 84 86 14
98 82 14 79 59 63
44 62 78 83 54 39
36 28 29 82 50 34
41 57 62 67 25 38
14 55 97 34 71 64
85 14 80 35 29 75
33 93 25 80 82 85
14 78 90 56 21 13
81 69 40 23 60 39
78 95 98 46 15 71
45 15 87 71 65 15
68 34 62 45 53 60
52 68 10 66 77 16
24 47 71 50 32 62
40 86 63 11 14 16
18 31 88 74 30 61
64 52 38 77 19 26
81 99 38 22 38 46
45 81 18 44 97 89
68 29 77 99 91 80
48 37 24 77 77 64
0.0583233
0.12286
0.0501133
0.0641738
0.0768049
0.0500464
0.072448
0.0521146
0.12148
0.10617
0.108925
0.129773
0.114638
0.0747216
0.0571659
0.0737425
0.0412078
0.0896646
0.118734
0.0428837
0.124633
0.0430622
0.0681272
0.115901
0.0921925
0.0355258
0.127516
0.0273622
0.125084
0.0324102
0.0330884
0.0432615
0.0469368
0.100914
0.122782
0.0383585
0.052844
0.0487362
0.127377
0.0520434
0.0609406
0.0966556
0.0514739
0.0494156
0.123864
0.109217
0.0472331
0.105238
0.0617062
0.0663056
0.112427
0.0490579
0.0658286
0.0314516
0.0626532
0.059036
0.0562565
0.101183
0.0535331
0.100131
0.0426657
0.0942205
0.069124
0.0666885
0.0534482
0.044928
0.0369227
0.029882
0.083258
0.0588561
0.103657
0.0617958
0.095644
0.0906229
0.101752
0.0311246
0.057998
0.096119
0.054462
0.117351
0.0772641
0.0888074
0.0524169
0.0582447
0.0298045
0.107897
0.10083
0.0544274
0.0323564
0.0676329
0.0595126
0.0749212
0.0464952
0.124858
0.080451
0.0272706
0.126007
0.0739662
0.0880929
0.0463776
88 415
263 315
98 374
350 355
230 24
54 172
59 438
293 305
143 162
66 13
166 166
233 92
124 119
214 285
389 391
414 194
94 328
392 171
58 373
171 86
479 18
324 186
387 203
188 113
264 238
446 54
37 481
159 491
470 255
322 147
474 455
14 257
26 300
148 103
69 161
440 350
411 156
277 406
313 440
41 216
166 300
133 353
126 120
416 145
425 232
201 388
142 187
323 118
214 202
208 152
296 220
301 393
197 101
204 60
220 224
469 252
252 53
305 203
500 130
160 411
477 101
50 20
82 356
247 346
46 238
452 16
99 354
245 458
482 9
460 67
252 308
181 281
406 497
5 123
203 324
368 85
322 66
428 499
197 370
95 408
239 354
72 184
242 117
474 353
473 157
121 94
55 385
281 164
255 455
364 401
468 270
163 128
264 265
154 305
110 365
52 47
92 10
78 299
464 94
373 256
