22
100
6
18 65 98 26 55 79
49 69 93 56 19 29
66 94 27 30 52 64
22 37 45 32 58 47
87 76 71 48 66 41
64 58 41 97 21 97
11 69 69 38 32 86
41 28 60 59 93 89
78 44 57 86 93 46
74 55 75 36 59 84
40 80 48 36 51 92
26 85 66 38 34 14
21 16 57 32 59 98
93 25 16 78 90 81
91 11 11 99 43 10
88 12 25 57 22 97
54 63 55 79 63 99
80 34 10 90 94 85
77 28 41 79 13 16
69 82 68 92 20 31
28 100 87 90 11 68
18 89 66 98 24 68
55 69 97 84 61 84
56 80 98 13 11 39
77 71 62 13 46 16
84 56 59 24 96 70
81 26 81 16 80 31
53 97 22 75 53 23
53 93 28 42 21 84
100 61 13 53 44 93
16 86 34 35 98 51
14 13 89 80 43 21
44 31 81 79 13 91
11 92 88 80 32 46
19 27 56 43 49 23
28 81 68 57 96 30
90 60 94 51 72 16
96 89 90 20 24 22
36 83 36 22 80 88
10 65 100 95 69 98
56 82 100 19 82 16
64 53 61 70 89 77
51 84 39 73 75 55
58 68 93 53 17 72
81 19 66 49 17 53
17 35 29 80 36 33
69 57 86 48 69 77
48 40 72 94 65 44
12 26 51 16 69 46
77 26 85 48 12 86
88 85 86 93 32 83
62 25 16 59 48 76
29 65 14 80 85 48
80 34 24 94 54 24
75 37 89 10 65 95
21 12 21 18 18 58
77 42 69 51 74 97
28 44 50 94 11 17
54 29 63 48 29 52
21 61 54 59 94 48
64 31 67 89 97 49
36 54 50 54 46 16
84 60 100 26 10 62
39 63 97 68 61 95
59 41 22 67 30 76
99 24 72 33 19 34
33 17 23 51 43 34
69 28 73 99 55 20
89 19 75 85 40 40
86 95 89 18 83 73
20 65 94 67 52 38
94 65 15 47 11 94
56 73 97 14 82 43
90 87 34 84 76 25
85 65 59 31 81 10
91 43 87 61 15 19
23 90 34 13 90 73
78 37 98 55 95 32
85 58 48 21 15 91
50 33 90 15 23 89
66 60 29 31 19 21
84 38 35 78 57 72
55 39 22 74 35 66
20 93 67 42 21 16
98 22 29 58 43 90
93 79 61 71 64 94
33 86 57 65 79 95
63 37 75 85 49 42
75 65 36 70 28 26
100 37 90 72 62 20
45 15 42 74 51 88
76 10 96 30 15 72
21 68 93 68 100 72
10 79 24 71 12 95
84 19 53 54 92 53
71 97 81 93 19 80
90 38 76 40 26 99
96 72 52 76 40 95
85 76 65 93 72 84
51 23 20 49 94 99
0.0382589
0.07571
0.112403
0.0382728
0.123109
0.107579
0.103224
0.111362
0.0331692
0.0534887
0.115347
0.0752131
0.068296
0.0615983
0.112468
0.037115
0.0897602
0.0971087
0.0376589
0.102422
0.0312008
0.0273158
0.0271233
0.0534604
0.0415001
0.0650146
0.076873
0.0536596
0.0932258
0.0425918
0.119279
0.124079
0.0706272
0.0505056
0.0708608
0.0384695
0.0448103
0.110092
0.0622783
0.0412003
0.0409635
0.0301442
0.123681
0.0542466
0.0620377
0.112439
0.09705
0.06894
0.0829685
0.125777
0.0997938
0.107422
0.0533558
0.0467424
0.0884795
0.118681
0.128913
0.122913
0.104218
0.125152
0.126374
0.0538893
0.0478276
0.0305735
0.0333712
0.0818837
0.0291921
0.0932602
0.0448481
0.117459
0.0527889
0.067124
0.121203
0.127728
0.0585674
0.10902
0.110594
0.0503547
0.120799
0.0917033
0.0587391
0.0419505
0.0419328
0.0776737
0.0327922
0.11462
0.123889
0.0504779
0.128849
0.0876818
0.111441
0.0832465
0.041886
0.0488861
0.0862012
0.0471415
0.0286323
0.0412184
0.129111
0.1181
313 378
399 176
297 283
321 193
95 318
107 146
194 140
457 45
430 204
103 334
499 24
167 51
192 84
430 44
487 199
95 149
245 214
10 162
9 469
379 78
231 159
188 386
141 446
476 461
495 418
227 321
359 463
485 486
370 309
181 12
498 205
414 6
314 247
121 123
34 6
119 202
298 459
202 377
163 29
68 237
300 328
80 179
360 479
391 102
218 371
304 123
94 384
19 466
126 396
332 63
307 485
392 462
47 468
149 248
447 362
112 278
294 173
252 256
242 107
417 191
295 404
10 492
34 431
35 416
262 76
252 129
5 230
192 469
197 52
368 25
76 333
432 31
44 71
305 56
143 141
308 385
431 128
99 385
47 177
224 244
371 120
157 329
239 465
407 399
234 152
128 373
453 53
243 406
414 61
41 28
77 376
449 298
425 339
192 61
381 477
104 269
262 121
169 56
21 341
196 48
