37
100
6
19 75 55 100 13 68
100 53 56 54 67 90
59 13 91 79 30 42
92 14 41 28 44 90
52 22 42 28 74 65
10 85 78 89 81 19
49 98 91 50 82 74
23 60 48 30 27 46
68 85 12 71 29 43
77 64 90 97 17 66
11 31 31 55 69 68
62 72 49 37 96 90
63 70 34 51 37 53
99 10 67 44 79 77
95 17 63 59 61 12
51 15 67 70 19 46
45 72 42 43 75 87
71 88 91 24 17 64
90 74 28 42 75 65
48 95 83 26 10 41
24 83 49 12 80 26
46 38 34 34 10 97
33 79 72 33 17 14
56 41 12 91 93 78
37 16 83 13 55 29
49 99 11 35 87 42
79 35 30 15 61 11
24 63 88 70 50 68
71 65 17 68 41 27
79 14 95 49 87 40
69 80 84 50 99 32
15 58 43 19 13 31
10 37 69 43 12 56
32 31 59 70 77 14
88 28 70 13 46 11
72 11 24 72 15 49
50 69 58 29 14 66
24 30 86 18 86 69
29 23 49 67 53 33
18 80 11 32 10 25
63 51 70 20 63 39
50 39 82 48 38 75
64 35 72 46 70 92
75 81 22 65 62 71
83 20 78 69 85 50
32 42 80 33 37 34
59 84 96 62 74 86
25 49 68 79 81 14
90 30 69 76 66 35
39 62 20 38 83 67
90 44 86 31 38 13
91 31 38 48 25 10
53 66 80 47 21 29
28 75 36 40 32 98
65 34 88 12 50 56
65 46 80 22 45 90
99 38 12 34 50 66
67 65 40 18 62 16
55 54 14 95 41 59
27 73 42 20 46 33
26 20 43 38 17 32
69 39 16 57 45 66
41 48 68 13 26 40
47 77 14 47 51 31
87 71 22 80 48 65
24 63 32 89 42 82
88 58 74 90 54 97
60 92 62 50 13 66
37 77 58 64 11 41
71 88 98 66 32 55
79 95 23 27 51 63
33 36 79 75 44 22
60 21 23 99 80 72
86 60 77 19 100 75
66 85 56 60 91 76
100 32 84 89 74 36
19 51 75 38 98 30
43 71 10 69 44 20
93 47 65 32 27 29
50 24 74 66 80 25
68 16 95 39 28 34
58 78 13 69 93 21
67 47 58 47 11 10
30 68 82 96 48 40
75 17 23 36 44 86
88 44 49 99 22 39
10 14 46 46 25 38
54 22 30 93 44 16
54 83 33 22 73 32
53 22 22 16 21 25
68 14 60 23 61 94
39 87 57 26 75 45
35 41 81 37 15 59
35 28 75 93 41 10
12 44 46 84 54 78
30 74 94 11 82 48
44 49 73 12 66 35
89 56 50 50 52 68
75 79 40 52 60 30
60 45 45 66 51 86
0.100489
0.128032
0.0938543
0.119573
0.120169
0.0848564
0.103498
0.048107
0.0347276
0.0791215
0.124497
0.0613948
0.0759801
0.0878759
0.031298
0.0455988
0.0473223
0.117885
0.101787
0.114186
0.0378228
0.127693
0.0723813
0.0649872
0.0305792
0.113921
0.122949
0.0627372
0.0266986
0.0620843
0.115229
0.0512648
0.0273194
0.0654813
0.116608
0.121987
0.0851903
0.0837323
0.128035
0.0969837
0.0624005
0.0503638
0.079739
0.080999
0.0391359
0.027157
0.095845
0.101784
0.0551867
0.0819777
0.0265368
0.113001
0.0851395
0.0536808
0.0442097
0.0407524
0.0362839
0.0293473
0.0294845
0.0336252
0.116617
0.0853367
0.0387148
0.0930151
0.0306063
0.114568
0.123156
0.0853834
0.0812441
0.050218
0.100802
0.105907
0.106098
0.101207
0.113696
0.0598992
0.11035
0.0370328
0.0530843
0.0731251
0.0787901
0.078728
0.0850865
0.0349128
0.101668
0.12144
0.0649731
0.0449789
0.0492206
0.0659899
0.103069
0.0605208
0.0868277
0.0458101
0.106531
0.0884422
0.0515201
0.0854026
0.103677
0.0500629
295 179
303 292
195 81
204 143
13 102
442 269
375 20
436 0
264 327
314 262
300 373
279 216
258 150
451 58
324 423
10 415
146 328
146 472
346 110
423 349
13 428
191 7
333 211
144 391
313 425
424 244
294 337
394 178
430 23
491 449
293 432
326 324
75 133
323 493
31 179
397 389
28 119
486 453
159 376
284 398
464 350
164 176
82 430
479 463
466 63
0 417
411 121
56 93
430 439
125 342
94 394
134 214
230 315
416 474
16 478
314 19
154 343
202 417
80 170
0 327
486 356
459 17
482 479
267 346
498 4
339 0
363 398
92 25
50 155
200 396
461 73
153 162
41 460
473 396
315 28
484 373
213 303
55 471
360 254
465 271
298 262
421 95
483 22
369 58
294 188
199 294
457 297
339 425
110 346
185 439
410 351
314 231
432 227
363 225
176 202
396 67
490 426
252 18
143 272
173 247
