52
100
6
32 94 48 21 56 35
88 19 39 69 60 75
26 40 83 59 21 58
37 21 78 91 35 86
70 100 37 91 49 33
50 62 94 16 100 54
82 60 83 38 60 86
11 18 46 95 10 96
99 78 66 24 13 11
28 10 75 71 41 35
13 88 42 19 52 66
17 58 85 18 39 34
83 63 12 30 17 75
17 83 17 87 92 22
23 66 23 85 16 90
61 26 42 12 90 80
79 93 46 13 80 31
51 87 42 26 97 85
72 84 61 20 83 88
91 74 89 69 59 68
58 48 99 58 51 31
77 80 86 67 71 36
80 63 66 78 40 35
44 69 38 63 69 23
26 45 68 85 17 69
35 39 10 67 64 73
49 15 35 81 79 33
42 36 16 18 100 57
67 56 59 38 75 41
42 24 73 51 63 16
75 67 44 75 27 88
32 58 20 28 57 73
74 59 66 91 85 19
27 78 77 36 80 55
10 58 16 70 53 89
94 20 69 57 17 36
50 29 63 56 92 83
67 38 62 85 19 58
62 75 86 83 60 84
91 65 88 14 69 23
93 46 15 18 94 93
43 78 29 26 38 38
75 46 50 39 84 67
96 66 55 51 18 78
72 10 60 44 85 97
16 100 85 16 48 71
14 79 66 42 43 18
71 78 43 96 51 41
58 80 17 10 59 33
77 21 99 89 70 49
20 93 23 12 61 74
45 40 66 10 37 88
83 35 40 65 100 43
56 25 69 87 26 89
12 77 71 48 58 81
70 60 28 41 56 20
76 65 96 48 75 89
23 64 56 42 22 90
40 79 11 60 44 40
86 66 62 74 95 63
40 77 45 24 94 83
30 99 41 26 21 39
94 54 89 49 29 92
88 27 21 85 27 88
42 11 88 68 19 47
46 71 21 11 58 60
14 92 81 12 40 55
82 94 96 39 24 46
19 45 76 62 33 55
62 77 33 17 13 54
98 58 13 95 18 46
22 67 18 99 74 40
57 84 19 70 53 83
93 22 16 38 27 21
73 10 78 70 56 57
90 48 94 29 73 79
16 76 12 32 91 57
51 13 64 40 92 35
51 85 96 79 60 37
10 34 65 95 66 50
89 37 97 71 37 66
75 72 38 42 42 64
18 75 56 80 41 78
94 53 50 87 92 40
19 75 81 26 37 27
49 26 99 98 67 31
97 14 99 22 84 10
33 26 59 68 73 30
94 99 86 18 25 25
85 79 73 23 58 49
80 66 10 79 98 16
10 83 38 84 99 58
73 28 40 59 35 99
76 13 50 41 42 12
57 45 10 73 93 81
16 92 56 89 80 42
82 89 64 43 72 92
71 95 49 41 51 10
33 71 48 10 89 60
90 73 97 98 21 35
0.0757048
0.0390767
0.0929928
0.0339977
0.0707884
0.0635876
0.128876
0.0775108
0.0746959
0.10042
0.0428644
0.0679586
0.0538357
0.126681
0.0926697
0.0378233
0.0381707
0.120406
0.0679032
0.113099
0.0742734
0.0323157
0.100001
0.0613599
0.108105
0.114792
0.107934
0.102478
0.0599993
0.122812
0.118388
0.0610545
0.0469358
0.100203
0.0272887
0.0464365
0.0992366
0.0496805
0.126593
0.102637
0.119726
0.0694682
0.0828009
0.081853
0.0642143
0.0548716
0.109576
0.105061
0.034016
0.0876879
0.0975418
0.0411442
0.120574
0.0645299
0.0942898
0.0435382
0.109108
0.0981831
0.0872268
0.034804
0.0286138
0.0641428
0.0954929
0.0983747
0.108597
0.0883972
0.0629007
0.0774368
0.0980657
0.0517327
0.0724016
0.103002
0.0852865
0.102745
0.088904
0.03401
0.128971
0.111861
0.111693
0.0348991
0.0682857
0.100728
0.0420954
0.0786326
0.116867
0.0853912
0.0602965
0.122912
0.0654564
0.0387828
0.0866289
0.0427881
0.05665
0.0611238
0.0551595
0.105033
0.0396384
0.0600091
0.0278042
0.051871
169 231
462 100
458 57
112 183
484 148
271 484
467 80
437 83
382 209
496 25
474 365
488 324
267 206
303 37
46 407
140 431
494 392
131 128
313 172
303 89
362 374
270 483
13 266
324 416
332 227
185 108
103 443
81 383
27 109
291 290
286 136
227 104
90 190
403 240
292 326
225 265
456 199
143 142
454 209
199 374
145 238
131 349
482 426
321 319
286 477
30 129
452 152
487 232
181 54
316 276
222 287
316 310
332 363
54 420
245 192
0 337
217 230
79 477
107 455
246 205
119 200
203 105
106 152
330 90
452 48
438 466
216 470
460 415
396 2
29 327
16 429
184 241
323 57
235 403
477 359
234 428
222 128
93 279
77 409
354 103
230 382
155 56
42 68
10 457
414 144
353 274
458 421
70 214
117 373
432 99
459 252
4 79
151 91
179 129
101 202
117 262
110 474
122 46
446 335
60 210
