40
100
6
91 65 88 12 15 93
80 50 19 91 68 77
91 55 96 54 73 56
27 15 70 67 98 51
86 68 50 86 46 79
81 42 99 11 76 73
19 29 47 46 70 29
19 55 36 26 95 19
73 99 66 66 36 25
24 14 12 93 60 45
95 56 80 67 71 47
37 90 28 36 55 17
60 100 84 15 98 86
71 56 48 41 70 37
44 91 83 72 55 71
98 78 35 61 79 31
65 47 61 30 76 98
60 35 78 40 19 93
56 70 12 83 91 58
50 35 88 29 88 14
54 97 15 94 77 42
50 22 28 97 48 46
47 36 49 43 15 35
71 23 81 84 75 73
18 17 78 61 33 69
48 66 58 57 79 50
20 96 13 62 33 89
27 48 14 93 75 62
28 100 90 64 79 55
79 68 64 19 93 51
11 62 89 46 30 73
75 38 74 48 90 29
94 80 67 40 30 29
99 24 20 36 56 19
14 38 81 62 16 55
88 19 50 15 36 90
83 92 48 39 27 95
25 95 11 29 10 56
24 24 62 37 98 91
30 66 25 33 56 64
50 58 86 63 45 23
76 42 15 58 13 52
64 88 97 27 25 43
61 93 18 97 92 39
39 15 99 25 88 42
96 80 82 93 24 47
32 17 70 26 69 31
13 43 15 69 58 96
73 54 79 41 32 84
97 98 26 91 87 49
47 15 25 29 38 84
21 94 13 39 55 55
10 39 95 10 67 34
82 12 80 89 57 72
82 54 26 49 15 11
49 85 64 50 30 37
97 58 81 17 83 19
89 44 59 67 47 82
61 20 28 29 57 94
70 27 67 98 13 45
60 13 22 93 25 41
64 31 18 61 30 82
49 59 36 96 20 62
90 25 52 82 28 10
81 45 69 48 69 16
67 11 35 82 100 65
71 25 43 13 95 76
79 73 100 25 83 83
38 78 55 33 57 61
25 66 73 28 82 90
76 74 76 18 85 73
80 44 15 44 59 92
46 37 66 84 32 75
43 54 47 59 38 29
58 38 66 76 41 72
22 53 71 53 80 62
18 37 50 21 63 41
65 90 43 51 45 45
94 49 40 38 72 11
22 69 47 45 62 56
23 42 90 89 35 78
12 28 49 94 55 90
63 66 64 43 11 64
68 65 94 41 76 56
33 28 78 51 82 57
35 49 55 20 53 46
23 45 44 74 42 95
44 92 24 63 95 38
90 15 89 62 49 86
90 63 40 47 68 43
29 25 13 34 16 77
73 61 25 90 89 31
54 29 70 28 75 41
82 17 11 85 17 69
42 45 22 10 74 94
41 92 40 91 54 61
52 23 38 35 84 70
71 51 88 37 42 46
34 17 99 49 72 74
31 38 80 54 27 13
0.0900542
0.101716
0.0833487
0.0427535
0.0800349
0.0479068
0.0602665
0.070973
0.0543678
0.0431807
0.0385937
0.0603736
0.0570949
0.0857173
0.103382
0.0493399
0.0973162
0.129729
0.0424202
0.0672078
0.121528
0.108443
0.0765965
0.0574046
0.115711
0.0754201
0.121896
0.0604627
0.107164
0.0885058
0.0505549
0.0887379
0.0835719
0.036282
0.0355319
0.0386487
0.0890052
0.121047
0.106955
0.0754593
0.0825982
0.0559583
0.0946177
0.102837
0.108488
0.11035
0.119709
0.114549
0.0981065
0.123972
0.0681875
0.0922025
0.0279184
0.118691
0.0428495
0.0946314
0.0639032
0.105123
0.030569
0.10455
0.104693
0.101703
0.125329
0.0815431
0.0754688
0.107732
0.0541284
0.121831
0.0955073
0.10185
0.061091
0.0687415
0.127213
0.0986418
0.0785683
0.065148
0.10076
0.0625262
0.0439462
0.0272713
0.0278569
0.0296039
0.0833337
0.0584725
0.122608
0.0497701
0.0508665
0.0515228
0.0819267
0.102657
0.0764429
0.0718443
0.0995185
0.110141
0.061206
0.0463018
0.0479855
0.0511629
0.0664846
0.0649693
305 471
189 481
176 33
333 265
190 55
335 437
4 95
435 210
199 321
438 269
345 142
251 17
259 397
277 233
251 380
408 74
460 346
479 105
434 472
249 372
257 85
344 37
26 494
30 168
276 97
45 153
433 286
368 127
334 279
277 390
404 71
329 137
348 451
246 335
494 372
214 229
97 405
47 74
328 463
60 47
421 248
343 158
421 483
192 123
301 427
180 220
123 103
210 302
343 297
497 192
178 374
380 206
160 333
244 366
88 290
205 219
350 377
365 370
276 359
49 266
448 376
115 375
453 13
321 307
448 195
383 182
326 329
147 69
391 129
20 436
317 311
354 476
89 225
36 25
249 422
35 357
7 218
441 241
84 4
426 14
162 237
260 434
311 93
247 417
300 1
363 202
7 299
185 79
289 198
290 275
66 129
206 28
390 55
164 341
383 255
166 319
218 496
105 282
496 14
53 23
