29
100
6
50 99 95 70 74 36
23 86 92 69 12 16
54 45 19 62 71 79
81 11 55 58 27 23
71 10 22 96 57 35
41 96 69 71 20 83
68 86 35 37 53 81
48 69 59 93 27 98
98 97 11 75 47 86
60 92 88 60 36 62
16 97 14 83 91 78
39 51 31 67 35 93
14 95 35 22 79 89
70 32 20 91 57 18
91 85 89 82 34 82
96 100 73 69 83 66
61 96 21 31 69 52
52 24 44 95 58 56
44 68 20 89 66 66
89 91 64 91 20 87
14 69 64 47 100 15
100 66 60 36 82 80
56 58 94 48 72 23
61 97 69 78 19 100
69 56 20 49 86 75
71 58 69 83 13 95
50 93 25 92 57 47
74 25 92 31 19 11
14 95 33 86 60 85
89 70 48 55 47 64
80 52 40 93 95 54
14 23 79 46 57 99
44 75 51 50 64 63
23 79 26 53 82 94
45 43 74 26 77 32
93 20 48 82 33 73
40 33 11 62 45 98
53 39 19 24 66 72
82 39 35 23 41 25
35 40 90 52 40 90
43 20 14 28 59 68
91 19 38 30 11 96
33 79 15 77 48 57
43 11 82 46 65 81
14 11 59 83 20 61
16 42 94 11 47 37
59 31 24 25 32 56
93 100 11 50 96 66
77 74 89 57 43 19
37 59 48 85 75 86
14 73 59 30 72 81
88 93 74 25 75 52
91 47 19 90 43 75
44 88 86 56 29 75
62 92 74 21 63 82
27 27 98 33 63 84
16 89 30 86 16 28
20 17 57 99 61 51
38 59 71 28 14 80
19 15 84 73 96 11
66 91 67 69 79 19
71 27 34 24 30 17
36 37 34 52 56 29
71 55 19 78 22 70
60 76 93 28 32 76
48 47 100 42 88 55
41 17 90 79 31 44
65 64 91 28 54 88
55 76 22 38 33 18
43 85 75 83 98 95
43 31 14 26 51 24
100 50 63 82 14 77
65 94 93 32 71 83
55 16 70 45 91 95
55 18 42 24 72 56
28 26 78 36 32 81
27 31 81 11 25 60
87 99 98 34 25 28
49 95 23 53 74 65
36 87 64 84 78 91
49 73 14 60 70 12
47 13 39 20 85 17
88 89 69 41 63 14
61 29 66 89 96 18
37 26 48 46 65 55
26 62 25 74 78 11
68 22 50 13 42 67
13 100 68 49 20 47
11 22 100 37 16 32
83 47 99 45 75 83
15 31 15 19 97 80
58 89 13 70 99 61
64 59 100 24 100 38
99 89 55 19 95 69
40 81 45 58 93 12
39 29 81 83 21 10
97 47 14 54 30 74
24 98 88 55 85 50
12 11 37 46 61 27
14 68 16 58 42 41
0.104059
0.101745
0.109392
0.119424
0.0864713
0.0886355
0.0596351
0.105728
0.116789
0.125775
0.0457251
0.0569043
0.0592399
0.0878604
0.0859867
0.112541
0.128306
0.114999
0.0380963
0.124009
0.0526987
0.108215
0.0597894
0.0862065
0.0282672
0.0474584
0.0473688
0.0930216
0.0528116
0.128797
0.0485924
0.0793264
0.0353287
0.0339413
0.0954167
0.0739434
0.0645948
0.0398065
0.0946833
0.127836
0.0564684
0.101275
0.0782488
0.0434928
0.0287409
0.117735
0.0269692
0.1031
0.0869781
0.123957
0.11677
0.0641472
0.129798
0.0558853
0.0554435
0.0584704
0.0827643
0.0580269
0.0837564
0.0973994
0.0909567
0.12512
0.0847138
0.0617172
0.0933607
0.122621
0.0573064
0.0429727
0.0502295
0.105577
0.093139
0.0447067
0.0472892
0.0922949
0.127144
0.088749
0.127276
0.064716
0.116144
0.125586
0.0352857
0.105359
0.0330996
0.0968331
0.107964
0.0738818
0.0804812
0.079657
0.0436674
0.115724
0.041871
0.0300997
0.0970954
0.0442437
0.116931
0.0946674
0.0744075
0.0373884
0.0812319
0.0513924
292 84
357 426
126 431
183 417
462 449
213 139
270 274
306 50
484 24
470 11
294 466
396 321
404 34
450 242
311 467
384 303
69 134
161 418
214 104
197 135
449 224
93 391
199 410
116 267
145 489
149 450
232 133
52 458
81 16
500 365
64 392
181 474
252 248
261 345
420 16
94 277
436 484
250 16
264 199
312 457
279 173
493 68
347 290
338 84
356 0
199 314
81 453
201 152
196 297
111 417
434 351
290 320
335 157
241 103
258 363
337 407
230 414
394 60
199 280
481 151
459 188
277 174
60 350
136 375
246 115
196 46
117 394
346 296
236 290
157 347
265 16
330 383
399 324
288 386
254 57
220 344
195 165
170 445
456 354
415 454
454 147
198 35
18 337
213 313
289 279
96 306
245 262
492 469
439 194
170 56
447 28
298 125
140 232
284 97
122 208
166 140
71 417
383 286
460 475
211 305
