53
100
6
23 16 49 79 51 60
32 10 83 41 15 87
21 41 89 91 13 68
76 46 63 78 91 54
53 93 90 94 22 53
43 48 55 56 87 52
11 68 63 68 39 34
64 97 24 65 81 39
58 84 65 60 10 77
24 45 47 57 77 28
21 51 34 26 94 62
56 19 45 10 64 94
45 59 77 16 65 89
37 21 50 61 87 10
76 25 47 39 13 58
76 74 11 95 21 10
17 12 88 48 16 19
79 15 37 42 30 26
66 10 48 47 96 27
22 36 12 73 30 60
88 62 99 49 68 44
60 10 11 19 62 60
83 47 50 19 43 76
27 82 80 55 74 46
48 11 79 33 31 31
12 84 92 99 48 49
96 26 95 14 19 71
82 86 99 47 73 72
32 82 47 45 52 43
75 29 14 70 47 77
43 36 40 72 33 60
26 96 88 62 71 18
91 99 100 30 16 11
64 96 48 30 89 65
61 45 29 12 10 42
56 35 96 60 74 57
72 52 14 78 95 30
16 56 49 84 91 73
77 63 50 73 32 75
38 27 27 79 46 43
24 80 55 11 30 88
73 75 36 45 62 79
39 72 44 46 53 44
93 18 96 100 95 31
21 20 59 51 19 35
41 43 86 37 33 34
48 17 83 37 45 68
33 72 51 43 97 46
79 14 26 81 58 87
23 100 96 16 36 80
35 30 23 14 83 78
84 100 67 59 82 33
17 21 21 31 33 63
86 93 52 61 87 66
99 13 15 50 65 47
48 37 38 81 11 76
68 66 48 49 75 99
86 58 16 24 27 89
80 74 23 73 71 51
71 12 14 31 100 22
93 50 65 80 81 49
55 74 51 81 33 65
29 73 90 20 56 98
22 18 44 18 89 27
54 92 94 89 97 84
92 34 13 78 99 94
16 33 79 92 13 60
39 67 84 63 56 34
94 37 65 72 53 74
89 39 83 22 70 19
12 87 55 14 28 68
46 77 71 99 43 15
79 16 99 70 92 88
86 68 49 58 21 13
69 75 34 50 65 28
25 15 55 70 31 68
77 67 65 64 57 43
82 79 76 66 87 59
73 12 53 35 77 93
95 74 71 66 85 87
57 83 87 75 72 16
81 36 59 67 27 69
98 76 98 49 51 43
39 27 73 11 88 18
38 27 34 49 59 85
70 28 43 14 90 63
99 64 86 72 64 53
35 34 44 31 59 16
71 74 36 58 82 75
30 89 16 26 75 99
55 53 69 91 56 39
67 38 52 54 54 55
30 97 19 88 54 37
11 24 62 80 55 67
55 92 30 50 48 56
49 84 44 81 58 77
86 10 60 47 82 12
83 68 44 14 96 98
66 24 12 80 58 99
63 40 83 99 65 42
0.109503
0.0370549
0.0299338
0.10861
0.110262
0.0918615
0.0315434
0.0320448
0.0997308
0.0685135
0.0597185
0.0314066
0.0886517
0.0709243
0.0483814
0.0459946
0.0796009
0.0261657
0.113919
0.0874593
0.041798
0.0425747
0.0702588
0.0520226
0.115353
0.121852
0.0903241
0.0750025
0.128497
0.0650138
0.0429901
0.0332383
0.105942
0.061346
0.0715521
0.0481368
0.0942633
0.0549154
0.0527277
0.118307
0.0439549
0.087047
0.0429056
0.106393
0.107841
0.080988
0.056845
0.0844043
0.0698481
0.102033
0.0967191
0.0890634
0.114804
0.0793158
0.0324856
0.100223
0.0756577
0.0360863
0.0998962
0.0385011
0.0824582
0.123124
0.0565887
0.0395203
0.0987748
0.0902801
0.0352276
0.057597
0.0908524
0.11581
0.0393973
0.108208
0.114041
0.0529686
0.0421362
0.053033
0.0520476
0.129121
0.0858547
0.0994963
0.0868532
0.0408401
0.107383
0.0685562
0.043526
0.0796002
0.0957377
0.113298
0.0949022
0.0379461
0.126716
0.110143
0.0643115
0.0419274
0.1228
0.0959509
0.100564
0.0943174
0.0628111
0.0426644
134 208
239 49
487 385
356 138
259 215
144 114
247 109
261 428
474 149
326 464
89 275
224 75
379 387
492 196
184 39
230 64
265 402
496 216
489 446
380 25
441 471
374 3
132 428
114 20
27 213
348 40
117 313
365 329
82 347
313 393
194 274
492 333
219 248
401 166
242 137
453 75
329 118
181 223
9 406
311 499
487 41
385 379
85 92
267 467
126 313
119 211
425 375
281 435
168 160
247 414
451 17
233 315
393 312
389 156
82 371
211 163
72 456
435 274
373 206
105 175
283 479
158 204
167 190
161 296
464 8
56 474
460 334
442 113
393 223
412 392
133 51
143 463
436 263
406 300
425 190
25 115
56 177
453 129
57 459
57 53
385 106
328 370
81 349
2 283
249 385
87 179
118 473
325 389
226 43
355 91
463 379
217 219
135 18
197 110
309 309
194 311
415 327
141 310
52 139
233 174
