65
100
6
49 99 65 11 99 97
35 20 86 24 31 56
71 17 52 73 99 11
95 57 70 53 98 22
75 63 27 91 19 36
93 22 14 88 13 34
93 45 90 64 86 80
16 16 93 46 12 78
58 27 17 81 94 15
24 70 85 53 31 21
83 25 64 27 65 52
76 35 80 79 59 33
68 22 53 22 14 87
95 95 39 78 43 34
77 14 42 31 23 96
42 14 46 62 10 73
20 79 42 87 68 62
39 82 66 67 67 21
28 58 11 79 67 94
69 55 90 15 32 14
40 31 74 28 59 70
17 97 82 33 100 18
58 79 48 20 55 54
17 39 39 17 54 36
67 56 31 39 68 32
16 40 77 86 49 86
60 35 38 99 59 77
43 57 28 44 28 95
36 95 100 92 44 57
44 35 57 75 99 25
42 80 20 33 64 46
32 72 71 57 61 51
84 79 34 69 48 60
85 93 91 94 78 77
39 85 65 40 54 70
88 83 37 18 77 80
20 82 80 73 55 39
50 59 25 64 88 76
35 29 33 42 29 23
21 55 56 18 81 13
63 40 26 13 65 97
14 77 12 85 32 68
55 78 27 19 69 21
69 44 34 78 74 77
19 21 15 38 41 68
17 69 17 88 29 69
67 16 52 84 79 41
54 73 19 71 57 86
63 64 95 64 28 58
51 14 87 49 43 73
79 19 19 20 37 95
11 34 99 21 48 92
59 76 17 98 78 87
94 23 72 38 83 95
93 54 69 42 40 35
55 69 50 82 93 53
86 68 75 87 81 39
85 22 49 84 56 70
25 28 99 31 23 19
44 12 90 33 10 33
91 71 62 96 31 22
61 77 47 56 61 41
47 11 97 65 54 38
62 32 60 27 71 15
52 18 16 77 38 82
20 76 78 88 68 36
16 79 47 47 51 43
80 10 75 73 54 66
55 32 68 55 83 51
93 33 73 66 68 52
18 21 93 96 36 36
35 86 37 80 78 20
76 16 62 24 49 94
11 83 17 28 100 81
54 30 25 93 79 62
66 15 55 89 45 84
65 72 65 73 50 39
86 15 27 61 45 94
28 98 21 72 79 43
62 41 24 64 15 66
44 38 78 61 56 50
42 47 89 39 14 21
72 67 73 61 40 49
70 57 31 68 72 57
82 14 47 61 50 87
69 29 79 64 12 74
61 35 76 12 50 30
62 88 16 24 15 52
74 38 61 47 39 55
93 82 24 64 51 100
84 97 18 35 68 53
64 14 98 78 18 83
76 96 26 58 80 71
95 69 97 45 93 75
86 29 73 48 46 32
50 88 74 83 92 28
92 99 93 58 58 43
46 42 54 42 100 86
78 49 21 78 96 17
56 80 37 52 62 64
0.0580265
0.0894882
0.125608
0.127879
0.112085
0.075817
0.084593
0.0403635
0.0943456
0.109833
0.12052
0.101736
0.0973602
0.104048
0.0334636
0.0266155
0.0483304
0.0694633
0.0803294
0.112932
0.039594
0.0568331
0.0676388
0.0415563
0.0992115
0.0456447
0.079835
0.035025
0.0858315
0.0825227
0.107631
0.114367
0.0361582
0.0481905
0.0869994
0.0533912
0.118706
0.0313334
0.119637
0.0929155
0.0684042
0.0927893
0.0653927
0.0583498
0.0759818
0.03152
0.0454372
0.0613669
0.0515208
0.0744512
0.0653351
0.101122
0.0822262
0.120265
0.0394687
0.109172
0.098148
0.06582
0.128358
0.0539651
0.0889174
0.108939
0.0883458
0.0406966
0.0508371
0.0700815
0.115019
0.129666
0.0829407
0.0743197
0.108089
0.109944
0.129548
0.113274
0.115397
0.0967446
0.0716517
0.0998595
0.0339987
0.0639633
0.0489243
0.127199
0.0893842
0.121644
0.0998658
0.118742
0.0365298
0.110174
0.0507688
0.0304086
0.0979353
0.121343
0.129467
0.0483485
0.0844351
0.0801381
0.0505682
0.0965969
0.109112
0.101084
220 399
250 334
34 329
303 343
483 5
78 400
215 247
265 453
359 85
162 50
177 280
431 382
325 40
482 133
436 121
268 237
332 486
54 260
397 131
247 103
41 159
303 82
221 261
254 319
125 130
419 352
431 46
361 481
84 102
43 409
336 386
211 380
27 91
135 51
187 124
252 33
194 407
336 481
201 212
254 48
30 366
78 365
418 281
212 303
49 11
18 415
67 167
322 281
418 50
179 251
9 192
55 5
269 452
319 431
200 350
48 127
419 460
246 334
298 109
279 474
229 116
373 344
373 403
353 71
467 174
283 250
341 319
343 401
464 187
173 206
170 57
130 382
350 224
317 4
100 294
369 447
468 215
196 369
158 20
197 40
439 46
316 392
169 494
444 287
319 3
103 265
338 457
316 78
51 488
383 165
410 372
171 285
1 500
232 332
392 358
299 492
31 466
192 175
414 143
206 311
