56
100
6
33 91 80 38 22 60
48 55 45 92 31 49
86 25 12 79 20 80
14 23 16 23 74 21
80 83 34 74 26 22
97 21 92 89 59 65
59 61 74 16 90 28
75 29 87 31 61 46
75 58 26 35 12 18
69 89 59 31 73 89
20 10 46 22 45 82
63 47 81 50 83 93
43 35 27 55 68 36
36 69 30 54 47 43
93 68 43 33 83 68
81 78 10 81 69 57
92 86 54 12 80 97
71 80 81 60 69 66
41 24 71 28 91 54
56 42 92 54 41 99
93 57 34 90 34 34
85 13 97 83 39 23
32 11 11 35 29 67
41 11 50 68 45 69
93 35 79 98 93 96
77 28 82 79 57 52
39 13 34 24 95 88
90 61 30 18 15 66
80 24 20 24 75 14
59 58 74 41 25 78
45 83 70 57 46 64
90 81 84 82 11 96
92 29 44 86 65 94
43 66 31 52 20 32
29 22 46 76 89 83
80 34 70 56 98 83
92 13 98 44 90 16
37 94 31 93 77 35
20 18 49 83 83 47
20 59 80 43 35 51
14 93 70 14 59 43
64 58 27 14 91 10
29 59 52 99 64 85
34 50 30 38 82 15
55 32 84 64 39 63
10 78 79 31 75 67
87 34 80 16 73 62
40 17 92 61 45 35
95 28 45 30 72 45
74 21 72 56 26 23
23 73 86 28 27 46
44 76 66 63 42 90
69 95 13 100 16 15
40 24 80 71 72 20
47 28 73 33 41 56
90 68 70 14 36 87
99 92 93 27 66 53
29 52 88 42 64 28
18 43 11 100 66 42
82 23 71 83 18 36
91 33 56 39 66 18
88 48 99 91 67 82
60 88 28 63 53 22
40 68 98 55 91 60
25 46 96 45 65 94
92 71 36 33 73 53
86 23 47 81 94 78
98 67 58 18 10 83
33 63 27 50 30 59
49 68 44 21 17 45
92 47 100 75 36 21
81 51 92 28 66 75
89 45 45 32 56 54
46 65 36 99 24 49
52 85 95 14 61 58
83 13 64 52 28 36
70 90 35 86 23 33
39 61 49 56 41 41
38 62 76 29 42 22
24 77 36 29 10 75
95 41 89 21 68 75
38 88 21 14 46 21
78 26 72 75 74 43
10 100 18 27 34 54
35 38 61 70 76 11
50 83 52 90 40 29
93 62 56 38 26 34
17 86 100 28 78 56
48 63 53 93 22 64
61 41 42 45 43 77
53 70 98 97 85 49
24 13 37 57 39 68
81 37 42 100 49 94
74 59 54 73 48 22
70 28 77 100 93 38
73 43 59 55 53 50
46 24 77 60 96 45
24 75 79 26 92 43
31 36 31 53 50 99
47 80 67 33 18 82
0.068201
0.120716
0.0487
0.128137
0.123744
0.0959947
0.128695
0.103785
0.0989405
0.0681647
0.033926
0.10031
0.0392978
0.0794408
0.0820841
0.0532596
0.106893
0.0560524
0.117778
0.0850031
0.112109
0.0551233
0.088828
0.0473474
0.090061
0.0888668
0.0861239
0.10901
0.0282495
0.065116
0.128647
0.0680054
0.1103
0.0844541
0.116129
0.0798083
0.0826494
0.112843
0.0538655
0.123581
0.0513047
0.124287
0.0644747
0.0767443
0.0784849
0.0405103
0.129922
0.0944932
0.101172
0.0297296
0.119623
0.111888
0.0977563
0.117885
0.0455846
0.036864
0.0964411
0.0409069
0.058776
0.0554201
0.107797
0.0975411
0.066243
0.0502099
0.0305964
0.0427972
0.115619
0.0830958
0.0972137
0.050471
0.0592533
0.0751261
0.0633116
0.0853072
0.115265
0.064233
0.0362814
0.0642522
0.0284142
0.0393718
0.108503
0.0764743
0.0761018
0.032219
0.0926769
0.0276786
0.0609156
0.128304
0.0631421
0.0902576
0.0281246
0.0999781
0.048514
0.0361044
0.12082
0.111203
0.0535251
0.120341
0.0464796
0.0694534
491 412
272 472
327 431
160 34
386 212
357 291
107 473
472 70
360 91
76 252
165 311
119 2
195 292
151 103
434 67
65 149
443 274
42 230
163 65
356 229
416 143
279 339
80 363
156 494
133 51
439 153
73 203
123 442
308 248
34 182
77 276
331 122
233 499
118 40
472 112
390 412
431 13
78 440
312 244
86 184
282 280
302 78
400 178
79 415
151 110
38 395
325 174
16 402
25 143
39 277
227 255
205 29
236 106
20 32
273 219
441 391
99 308
304 75
400 420
30 129
188 184
97 258
220 195
375 225
391 499
168 397
289 326
5 402
398 492
483 463
302 320
400 447
169 236
432 360
433 285
286 409
354 40
339 160
78 456
462 143
226 253
422 229
235 142
55 289
231 85
386 4
273 120
47 361
218 368
470 175
184 183
67 200
40 349
345 56
285 51
112 329
353 333
438 241
212 471
212 203
