89
100
6
58 58 86 99 17 62
58 35 20 93 24 98
68 94 67 46 44 42
20 32 63 51 13 52
43 37 69 88 45 63
72 82 99 62 53 78
68 41 85 33 44 67
15 13 50 36 72 17
25 57 62 80 41 77
17 47 40 79 40 11
11 40 58 71 60 58
58 30 47 32 73 23
78 76 50 11 22 17
91 23 76 81 91 69
49 55 93 96 70 61
38 62 99 78 45 97
94 54 26 11 57 25
33 14 73 30 96 97
71 58 24 74 79 41
61 48 52 92 58 90
62 74 32 10 53 43
54 17 82 35 21 30
50 71 10 24 30 66
27 81 17 92 57 25
75 60 23 55 42 43
64 89 34 84 69 42
10 73 27 27 49 33
71 91 17 18 67 59
29 19 91 81 56 99
61 44 13 98 38 63
33 22 12 11 86 25
43 15 41 23 41 97
37 64 29 93 81 88
30 31 63 64 34 83
83 14 54 16 48 77
24 42 51 76 75 61
78 30 95 97 50 72
77 25 37 55 38 96
58 65 14 77 23 76
64 21 57 63 85 94
38 36 63 81 74 48
57 86 55 17 74 91
25 31 26 93 33 45
29 84 12 44 75 63
14 20 80 75 90 64
34 62 41 83 43 74
45 53 73 36 77 33
66 38 87 30 27 60
16 61 64 47 77 85
98 46 26 78 58 70
24 27 28 29 44 97
66 12 88 36 41 72
95 47 52 50 95 93
68 60 48 18 25 15
18 62 59 83 38 62
35 28 100 47 53 51
10 53 45 100 19 24
33 96 52 58 78 30
89 88 70 64 60 74
64 36 15 78 95 50
75 93 65 83 32 69
42 50 31 83 10 22
11 93 78 28 72 85
83 86 35 24 56 60
67 89 62 11 55 44
27 28 54 45 77 20
36 63 88 17 30 85
95 49 52 12 80 24
30 17 72 69 76 43
16 87 75 45 43 47
94 35 24 83 47 64
67 55 52 68 90 78
99 42 83 92 64 63
36 81 58 45 69 56
85 67 86 90 95 88
16 46 51 93 82 95
71 54 11 99 65 56
60 93 16 48 11 65
46 47 89 37 97 70
33 79 11 15 85 62
25 32 79 16 93 56
89 96 73 74 68 13
68 28 50 29 76 70
10 68 32 84 14 38
76 45 73 68 61 46
12 71 22 58 95 39
20 71 29 10 12 11
95 46 44 88 36 28
97 57 44 72 37 47
11 36 29 68 89 73
40 46 91 19 99 13
69 88 78 32 88 82
52 62 88 66 45 14
48 92 12 64 72 27
36 25 48 30 76 46
83 83 11 41 89 67
61 55 29 15 62 22
64 91 75 11 100 60
92 22 17 31 79 53
79 14 58 58 47 73
0.0693265
0.0341468
0.0920164
0.114549
0.114638
0.0450283
0.0705473
0.0980573
0.0793066
0.0397963
0.121913
0.0301705
0.125422
0.0664313
0.0481679
0.0989433
0.0474987
0.0366222
0.0938685
0.0864529
0.106821
0.031539
0.125627
0.0427584
0.0561256
0.040685
0.079673
0.077495
0.04967
0.0843123
0.121177
0.0387118
0.073233
0.0348013
0.0326375
0.105854
0.122095
0.0268381
0.12612
0.109737
0.107244
0.12277
0.0455679
0.0545534
0.100981
0.0465106
0.0658611
0.105238
0.114885
0.0701213
0.0619222
0.0583531
0.113645
0.12101
0.0773685
0.0547924
0.0425798
0.031572
0.080412
0.051057
0.0706126
0.120238
0.0756801
0.0371756
0.128867
0.108694
0.0507478
0.0773581
0.0598784
0.0689647
0.101276
0.123602
0.0871001
0.0470884
0.0268536
0.0309117
0.0474136
0.0821225
0.0780189
0.10886
0.0635512
0.0691008
0.0908156
0.0361546
0.107663
0.0593123
0.0334991
0.0477504
0.124556
0.032079
0.125196
0.0700177
0.0460789
0.124497
0.110346
0.0625469
0.0479831
0.124872
0.0972691
0.0769735
67 59
144 181
412 141
272 236
453 48
36 460
88 412
498 401
450 150
132 393
98 77
436 175
6 32
355 295
450 393
304 434
178 233
446 389
204 396
263 160
296 158
211 80
279 345
92 5
187 380
215 0
17 189
375 317
67 174
436 423
219 238
420 419
60 380
115 357
325 11
133 232
437 1
454 109
474 271
155 295
239 336
234 415
4 472
51 348
180 29
103 265
66 425
61 247
277 387
468 219
362 376
90 12
425 276
113 417
222 432
381 313
244 406
454 411
493 159
431 397
472 145
194 214
256 112
443 115
94 283
312 458
63 62
222 227
420 342
329 190
119 424
83 99
406 361
298 442
403 333
156 274
447 340
425 233
173 42
381 163
366 181
98 79
337 216
131 38
177 392
477 372
299 374
218 442
250 288
35 414
418 469
122 269
191 432
399 106
180 40
185 104
128 453
475 404
299 418
242 231
