5
100
6
57 20 32 36 35 11
68 12 50 42 49 64
89 67 73 91 48 24
20 21 28 29 78 88
76 69 33 25 36 33
15 39 83 80 86 96
17 56 26 12 29 88
63 31 56 30 64 32
95 68 34 77 51 43
63 70 81 12 33 51
50 98 85 73 100 14
69 82 11 25 85 96
11 88 84 69 14 15
69 28 45 14 85 86
24 89 86 90 25 69
40 44 48 65 55 67
41 62 20 98 52 44
26 99 53 96 46 63
43 51 84 76 14 39
17 36 93 81 76 35
25 73 85 47 17 45
75 99 94 94 95 40
54 19 35 90 13 44
74 38 63 11 68 97
88 40 27 84 71 15
17 50 72 94 36 20
84 62 100 33 52 70
19 20 14 69 27 81
58 36 31 16 93 92
10 16 96 70 71 14
46 42 28 37 59 15
43 51 65 30 76 76
86 43 85 52 39 87
88 31 27 87 79 32
86 20 68 18 61 97
46 32 30 24 97 93
43 19 31 98 61 13
66 35 19 37 27 73
11 52 74 27 85 21
25 57 62 78 91 61
63 15 31 42 90 79
94 32 74 21 51 34
38 38 85 28 53 15
67 43 11 75 88 27
74 52 99 88 20 90
79 12 13 38 73 48
88 31 78 40 42 76
58 95 48 98 63 74
35 84 55 82 48 70
49 69 81 29 26 28
14 20 28 51 60 61
57 49 93 53 94 44
62 47 10 60 35 47
28 56 59 77 70 11
93 91 68 95 56 19
47 32 90 50 98 30
59 33 31 12 55 43
35 59 63 46 90 51
65 78 10 35 28 75
38 11 96 30 47 84
74 60 55 98 36 30
43 74 93 32 49 16
78 89 91 76 92 30
21 68 48 22 28 49
95 72 23 57 27 12
19 94 40 71 54 16
18 11 50 66 41 43
21 52 67 22 42 64
82 100 44 85 42 25
48 37 80 67 65 21
82 60 53 97 47 77
71 23 69 71 63 28
54 21 66 61 65 72
11 32 61 90 64 41
88 17 78 85 13 13
29 44 96 99 21 43
67 93 88 69 98 92
89 38 44 98 26 35
80 19 71 30 81 42
78 51 51 55 69 30
82 41 36 68 36 10
95 14 98 55 44 69
89 27 41 26 91 12
88 86 95 51 51 86
31 15 87 48 68 55
72 27 45 47 22 39
79 23 57 22 32 64
94 57 17 46 33 96
16 88 35 97 52 75
78 36 34 36 28 24
90 88 55 79 99 56
52 54 65 87 27 71
23 16 23 33 10 13
29 46 38 69 38 16
43 84 79 70 78 67
88 38 73 64 45 45
62 92 95 97 19 24
60 13 43 38 26 85
35 46 70 41 12 44
25 25 42 41 35 82
0.0859334
0.0384446
0.093593
0.110114
0.08257
0.119527
0.0808089
0.0893338
0.0661314
0.0974669
0.124908
0.127563
0.112925
0.114141
0.0894755
0.0354766
0.105286
0.0776727
0.0472782
0.0984282
0.0401022
0.0262786
0.0978053
0.0734033
0.0434064
0.0752016
0.110021
0.0914916
0.115085
0.106032
0.0691225
0.111001
0.0548375
0.129571
0.0262784
0.0934468
0.0474692
0.11638
0.122552
0.0335734
0.0625435
0.110959
0.0710758
0.0549618
0.108642
0.0300971
0.0385662
0.115217
0.123402
0.0983489
0.0625628
0.0265496
0.0888382
0.0327911
0.058229
0.0707936
0.0273182
0.112066
0.0791294
0.0944679
0.0621022
0.0661494
0.111573
0.11868
0.124685
0.105423
0.0897344
0.0930275
0.0586153
0.09504
0.0385671
0.0471673
0.0883317
0.100903
0.104376
0.0637118
0.055243
0.0647019
0.0370347
0.0304841
0.0896112
0.126191
0.125569
0.0676604
0.080717
0.0797506
0.120348
0.107865
0.0365254
0.115683
0.0736446
0.11085
0.123991
0.0540971
0.111897
0.0362326
0.067447
0.105461
0.0383973
0.094394
213 298
53 361
239 392
201 64
63 344
456 217
334 189
220 0
144 103
203 266
147 317
67 109
177 447
348 183
377 345
285 128
455 188
127 39
198 136
234 124
442 265
10 404
452 192
63 324
370 496
165 356
235 417
436 104
246 256
416 230
244 405
365 450
481 330
9 392
185 415
261 490
126 305
403 390
236 148
442 62
434 275
369 305
333 229
110 77
205 152
286 322
290 56
183 412
352 175
379 366
154 195
390 434
458 17
143 118
227 357
205 282
479 50
469 78
158 280
353 362
302 62
38 9
262 467
111 55
480 8
107 279
97 285
104 227
426 254
10 145
286 35
144 71
116 453
379 427
222 464
61 265
272 50
65 229
242 67
120 414
162 241
439 464
351 163
445 495
295 243
464 229
243 235
361 132
147 288
463 349
234 479
251 73
161 54
215 165
94 354
454 434
449 73
380 85
474 401
152 359
