87
100
6
34 43 70 58 82 31
31 77 12 71 43 95
18 28 19 64 73 30
66 98 63 88 42 17
10 26 67 49 62 81
96 23 42 54 26 17
16 33 43 33 29 19
25 54 65 48 69 92
39 55 45 18 56 27
54 100 72 53 99 14
11 33 87 63 58 32
81 39 27 78 73 71
55 64 61 53 47 89
51 83 39 77 85 19
37 15 62 39 23 29
66 88 75 39 64 41
67 81 77 79 66 77
12 77 58 39 44 44
31 13 22 22 75 73
11 83 41 91 22 96
19 61 50 99 52 12
28 44 90 12 64 83
26 21 31 100 43 44
32 85 34 43 70 54
26 83 82 76 80 93
61 16 36 93 42 49
62 93 49 95 55 31
85 20 82 18 24 84
35 71 19 73 63 69
63 66 31 59 99 59
42 46 65 61 93 40
69 61 19 100 99 21
64 44 78 33 67 44
15 75 14 93 73 57
42 91 78 43 62 51
42 29 60 67 53 96
11 23 20 35 22 24
16 57 87 50 64 97
71 44 85 96 99 59
36 45 46 57 82 81
76 17 87 65 97 21
76 49 77 72 52 76
67 75 52 25 11 73
75 73 86 28 92 76
91 97 77 39 84 87
14 82 51 18 43 47
27 11 94 91 31 58
34 37 14 88 47 76
23 67 36 80 28 63
88 77 38 99 79 41
37 48 93 11 32 79
39 89 49 50 53 100
62 95 64 12 24 29
48 24 57 29 18 16
69 18 79 93 38 53
83 17 21 75 15 67
80 27 90 27 96 80
91 55 83 18 87 40
46 68 46 88 77 21
70 58 56 43 56 69
62 73 23 76 69 38
68 48 81 21 52 81
80 30 74 71 84 56
12 42 53 68 67 50
11 66 82 61 45 38
44 49 41 84 51 99
12 88 98 12 16 20
24 40 96 68 40 63
26 96 29 100 62 89
22 10 58 51 78 70
62 91 66 65 57 96
93 83 88 81 73 14
80 64 74 41 54 16
28 35 90 93 16 58
15 10 49 74 69 59
53 44 50 83 76 84
46 13 80 25 18 72
82 77 38 15 78 78
72 91 25 18 34 16
100 66 100 46 84 35
42 99 34 53 13 13
22 11 27 53 91 21
98 34 66 44 74 19
53 12 70 68 29 50
56 44 72 13 13 64
31 38 49 63 44 15
75 63 81 22 17 23
18 89 64 58 91 83
86 69 56 49 48 36
62 71 66 80 57 97
50 14 15 99 31 66
87 34 56 71 33 86
90 45 22 84 58 25
51 55 46 78 95 14
90 63 43 99 71 16
14 24 27 59 42 46
96 12 28 29 19 25
34 49 99 99 70 95
57 20 52 35 59 79
45 46 75 80 100 53
0.0456267
0.114424
0.0926459
0.0604833
0.101038
0.0412415
0.0442672
0.0539928
0.0721093
0.0335364
0.0583485
0.120736
0.068599
0.124298
0.118327
0.121789
0.0943971
0.092783
0.0741317
0.100269
0.123789
0.0444782
0.122601
0.0807524
0.11204
0.0876272
0.064344
0.104974
0.102569
0.121108
0.0450317
0.113635
0.0585293
0.0285309
0.0348034
0.0449555
0.0952247
0.117835
0.0738017
0.0843154
0.111167
0.0423226
0.0916326
0.0389775
0.0667433
0.0881975
0.0492382
0.0491887
0.118268
0.0512696
0.0889727
0.0346823
0.122376
0.0266597
0.0539248
0.0728399
0.109959
0.124553
0.0399451
0.074964
0.0776146
0.106451
0.0349203
0.0994919
0.0493077
0.116286
0.084657
0.0544276
0.0432761
0.0846738
0.0330884
0.027597
0.0840663
0.126717
0.0796032
0.129413
0.0708281
0.038003
0.0562226
0.034502
0.0674442
0.0619169
0.0565583
0.108842
0.0508314
0.037987
0.0692204
0.0602483
0.0336167
0.0607086
0.117462
0.0954245
0.0370521
0.122446
0.087253
0.120029
0.0848854
0.111972
0.0579221
0.0796721
59 441
483 158
326 402
325 335
463 180
287 21
177 288
289 249
433 96
10 133
311 244
6 158
365 15
439 420
221 359
279 382
109 245
485 268
61 117
195 19
422 296
313 249
395 425
23 332
148 75
120 131
467 81
364 46
16 439
10 419
384 469
254 265
8 440
129 380
291 446
323 381
40 152
60 294
375 479
397 297
315 273
312 268
299 223
489 467
444 237
131 333
0 142
112 339
24 271
281 219
62 94
356 69
282 110
90 234
413 123
421 488
76 361
51 298
494 264
30 432
310 226
212 418
82 218
125 73
33 40
151 194
27 117
110 352
489 446
366 118
101 160
134 454
422 193
299 402
18 361
31 295
468 181
54 157
296 299
284 318
240 237
462 413
202 224
308 267
489 113
286 417
289 166
454 128
75 312
27 299
140 260
491 23
335 309
242 274
226 15
104 426
328 471
349 124
159 137
224 168
