62
100
6
55 100 56 52 82 17
30 45 71 21 98 91
27 42 70 76 41 72
95 17 31 21 25 65
27 17 10 20 20 15
46 13 98 32 76 27
93 14 56 11 69 24
25 34 47 24 16 67
97 72 82 97 76 90
26 73 15 67 53 59
67 99 25 62 59 85
57 45 13 22 64 90
48 71 36 33 18 86
88 66 85 66 85 49
72 27 87 20 41 63
75 75 79 42 44 85
59 75 14 49 16 56
10 79 79 95 71 97
39 24 72 12 30 58
18 37 78 45 11 39
67 46 31 52 97 89
36 47 33 75 40 42
34 39 36 11 14 51
100 30 19 35 79 67
57 71 84 12 61 97
69 27 59 12 62 68
29 56 95 38 14 81
41 78 95 47 77 70
40 63 31 71 72 75
29 71 57 93 88 84
69 60 52 86 57 15
30 50 65 90 24 28
64 63 49 71 96 49
29 79 10 91 92 54
59 15 91 87 96 94
95 27 50 75 61 69
52 89 99 55 91 50
40 52 62 60 63 18
73 38 20 47 32 38
32 24 40 14 56 32
98 13 57 51 66 12
39 43 24 50 84 83
42 81 90 79 25 58
73 35 96 78 86 46
46 53 91 51 19 16
26 80 82 39 72 48
73 55 29 53 16 61
51 69 45 21 37 41
89 34 63 23 22 56
91 96 81 93 32 96
74 58 60 13 46 43
89 21 90 19 88 77
36 41 19 29 75 29
65 76 28 84 29 100
51 67 31 82 41 35
79 39 96 87 23 87
53 34 26 77 38 87
75 24 43 97 79 95
87 93 77 36 98 21
82 71 16 40 30 42
34 23 17 70 46 19
78 54 73 41 41 61
38 49 65 12 96 48
100 26 72 30 30 10
16 77 95 39 95 46
54 74 80 64 60 37
21 57 10 28 17 89
73 13 31 67 56 24
61 98 35 72 22 20
90 87 37 58 31 95
93 55 58 69 43 93
60 83 12 92 56 22
72 68 56 28 52 98
34 75 16 44 39 67
34 76 20 39 96 84
23 86 77 59 60 90
78 57 24 24 31 74
52 93 86 69 75 30
85 30 50 28 51 71
63 45 57 16 42 51
89 19 95 96 38 88
68 34 42 90 77 85
17 85 38 44 87 45
91 43 43 40 57 77
49 74 84 70 50 87
97 52 32 48 86 60
94 68 20 63 97 39
27 21 98 64 47 24
63 92 77 34 57 65
99 54 39 91 61 85
86 42 79 95 71 88
32 18 75 98 97 65
71 27 46 56 100 39
22 22 17 80 75 58
94 66 51 34 66 20
44 36 70 26 94 21
51 35 29 90 19 42
18 28 82 13 59 79
92 71 75 100 41 27
56 92 86 68 27 28
0.052229
0.105805
0.124459
0.0930563
0.0575632
0.0559197
0.0937825
0.0744475
0.114872
0.0964521
0.0523451
0.0775716
0.0942098
0.0330179
0.0987264
0.109481
0.104783
0.126864
0.0684676
0.0308348
0.0493516
0.112478
0.0339692
0.0451727
0.0529071
0.0649608
0.0278189
0.0685997
0.0900221
0.0807836
0.095141
0.0962816
0.0610912
0.0682728
0.039549
0.0282318
0.0680991
0.0841376
0.0327376
0.0595515
0.117877
0.0314439
0.114333
0.10088
0.0283581
0.062025
0.0471196
0.12395
0.104708
0.0320793
0.0782496
0.0513508
0.126062
0.0704203
0.122198
0.0893455
0.0831428
0.0347379
0.104031
0.0775893
0.0560224
0.107686
0.0729812
0.0947402
0.0950982
0.0773223
0.0823626
0.0719233
0.0528476
0.0717273
0.123526
0.0889299
0.0923477
0.0320094
0.0781772
0.0908009
0.115161
0.127398
0.126803
0.128705
0.0903432
0.126432
0.0528839
0.0512891
0.105701
0.0799161
0.0965569
0.113281
0.0468288
0.104492
0.0491502
0.125723
0.043797
0.116277
0.12623
0.0796573
0.107231
0.0985458
0.104578
0.0767243
446 108
477 363
322 394
447 419
228 37
114 122
96 485
407 474
426 142
415 320
63 60
193 404
434 161
83 380
181 110
228 277
378 96
217 104
421 209
94 473
2 242
351 497
181 205
74 311
150 421
118 270
487 464
93 434
216 123
224 479
272 198
199 57
490 451
130 22
209 210
374 492
440 203
489 68
384 110
110 380
328 58
368 364
386 375
100 409
418 246
16 157
391 425
317 52
359 333
248 496
394 57
287 246
14 218
93 404
273 150
73 154
351 387
475 150
44 130
241 110
413 86
50 279
289 357
230 381
290 166
221 250
89 198
113 175
299 418
437 106
140 120
411 454
209 202
362 53
247 38
19 496
207 441
434 194
42 49
179 335
432 112
497 44
145 109
318 216
66 457
80 110
194 187
411 413
90 301
231 495
484 282
284 297
23 44
241 246
197 158
214 223
262 115
146 330
30 184
287 170
